0 0.769444 0.107031 0.058333 0.034375
0 0.756944 0.135547 0.052778 0.025781
0 0.790972 0.170703 0.059722 0.033594
0 0.684028 0.162109 0.040278 0.028906
0 0.708333 0.165234 0.025000 0.027344
0 0.691667 0.206250 0.058333 0.039062
0 0.851389 0.229297 0.050000 0.032031
0 0.806250 0.231250 0.040278 0.026562
0 0.675694 0.261328 0.059722 0.028906
0 0.692361 0.241406 0.040278 0.021875
0 0.723611 0.270703 0.058333 0.033594
0 0.832639 0.303125 0.059722 0.025000
0 0.925694 0.326953 0.065278 0.033594
0 0.754167 0.332422 0.038889 0.017969
0 0.502083 0.337891 0.062500 0.030469
0 0.427083 0.357031 0.059722 0.028125
0 0.937500 0.357422 0.063889 0.025781
0 0.827083 0.351953 0.062500 0.027344
0 0.863889 0.378125 0.069444 0.040625
0 0.900694 0.384375 0.034722 0.034375
0 0.792361 0.469922 0.059722 0.025781
0 0.891667 0.458984 0.041667 0.024219
0 0.968750 0.458203 0.054167 0.027344
0 0.843750 0.490234 0.059722 0.030469
0 0.730556 0.516016 0.069444 0.032031
0 0.892361 0.529297 0.040278 0.021094
0 0.981250 0.514062 0.034722 0.009375
0 0.750000 0.620313 0.058333 0.029687
0 0.675000 0.602344 0.063889 0.025000
0 0.555556 0.503516 0.038889 0.025781
0 0.057639 0.503906 0.068056 0.037500
0 0.159722 0.681641 0.058333 0.028906
0 0.783333 0.690625 0.047222 0.020313
0 0.870833 0.602344 0.058333 0.023438
0 0.839583 0.558594 0.059722 0.031250
0 0.495833 0.607031 0.047222 0.025000
0 0.518056 0.671875 0.047222 0.023438
0 0.611111 0.752734 0.033333 0.024219
0 0.268056 0.765234 0.055556 0.027344
0 0.368750 0.766406 0.051389 0.028125
0 0.463194 0.795703 0.048611 0.027344
0 0.523611 0.808203 0.036111 0.022656
0 0.780556 0.850781 0.041667 0.026562
0 0.828472 0.842187 0.043056 0.031250
0 0.127778 0.744531 0.055556 0.021875
0 0.032639 0.765234 0.062500 0.030469
0 0.083333 0.786328 0.052778 0.024219
0 0.103472 0.729297 0.054167 0.025781
0 0.335417 0.886328 0.051389 0.025781
0 0.290278 0.915625 0.063889 0.031250
0 0.208333 0.903125 0.047222 0.021875
0 0.743750 0.291406 0.023611 0.020313
0 0.072917 0.714844 0.043056 0.025000
0 0.041667 0.699219 0.038889 0.014063
0 0.150694 0.796875 0.034722 0.021875
0 0.419444 0.760547 0.030556 0.028906
0 0.777083 0.270313 0.037500 0.025000