0 0.483333 0.286719 0.055556 0.029687
0 0.488889 0.315234 0.058333 0.030469
0 0.460417 0.403125 0.051389 0.026562
0 0.369444 0.446875 0.044444 0.020313
0 0.724306 0.526953 0.037500 0.019531
0 0.469444 0.532813 0.063889 0.032813
0 0.331250 0.584766 0.051389 0.035156
0 0.030556 0.592187 0.058333 0.037500
0 0.070833 0.592969 0.030556 0.021875
0 0.481944 0.554297 0.030556 0.022656
0 0.060417 0.720313 0.043056 0.028125
0 0.012500 0.723828 0.022222 0.019531
0 0.807639 0.707031 0.059722 0.029687
0 0.764583 0.535937 0.045833 0.028125
0 0.488889 0.337109 0.044444 0.021094