0 0.795833 0.526953 0.047222 0.025781
0 0.512500 0.413672 0.044444 0.028906
0 0.497917 0.362891 0.043056 0.024219
0 0.386111 0.535937 0.044444 0.026562
0 0.352083 0.531641 0.029167 0.021094
0 0.311806 0.533203 0.043056 0.024219
0 0.097917 0.472266 0.031944 0.017969
0 0.131944 0.437109 0.033333 0.016406
0 0.020139 0.449609 0.037500 0.022656
0 0.429167 0.507031 0.038889 0.023438
0 0.519444 0.484766 0.030556 0.019531
0 0.831944 0.370312 0.041667 0.020313
0 0.927083 0.320703 0.037500 0.022656
0 0.823611 0.331250 0.038889 0.020313
0 0.675000 0.275391 0.041667 0.024219
0 0.617361 0.354297 0.029167 0.016406
0 0.560417 0.335156 0.037500 0.021875
0 0.202778 0.297266 0.030556 0.019531
0 0.235417 0.303516 0.029167 0.019531
0 0.486111 0.175391 0.036111 0.021094
0 0.502083 0.232031 0.031944 0.020313
0 0.402778 0.208594 0.036111 0.020313
0 0.413889 0.187500 0.033333 0.018750
0 0.252083 0.166016 0.034722 0.024219
0 0.306250 0.127734 0.034722 0.019531
0 0.228472 0.247656 0.029167 0.014063
0 0.267361 0.217188 0.031944 0.020313
0 0.318056 0.219922 0.030556 0.017969
0 0.355556 0.211328 0.030556 0.016406
0 0.590278 0.152734 0.030556 0.021094
0 0.622917 0.173828 0.037500 0.021094
0 0.626389 0.205078 0.036111 0.017969
0 0.840278 0.433594 0.033333 0.012500
0 0.509722 0.209375 0.030556 0.017188
0 0.456944 0.223438 0.027778 0.020313
0 0.309722 0.159375 0.030556 0.017188
0 0.226389 0.180859 0.033333 0.014844
0 0.114583 0.205469 0.029167 0.020313
0 0.090972 0.205078 0.020833 0.014844
0 0.681944 0.222266 0.025000 0.011719
0 0.461111 0.148828 0.022222 0.022656
0 0.415972 0.125781 0.040278 0.021875
0 0.379861 0.171875 0.037500 0.015625
0 0.334722 0.176953 0.033333 0.016406
0 0.382639 0.196484 0.031944 0.013281
0 0.331250 0.195703 0.018056 0.014844
0 0.306250 0.196484 0.054167 0.017969
0 0.425694 0.109375 0.040278 0.015625
0 0.393750 0.132812 0.031944 0.014063
0 0.559722 0.160938 0.038889 0.023438
0 0.550000 0.176172 0.022222 0.014844
0 0.491667 0.199609 0.030556 0.017969
0 0.499306 0.180078 0.029167 0.019531
0 0.467361 0.301172 0.026389 0.021094
0 0.342361 0.310937 0.034722 0.017188
0 0.450000 0.356250 0.027778 0.015625
0 0.568056 0.375781 0.025000 0.020313
0 0.731250 0.323437 0.015278 0.023438
0 0.727083 0.214453 0.023611 0.014844
0 0.202083 0.433203 0.029167 0.010156
0 0.006944 0.400000 0.013889 0.021875
0 0.293056 0.490625 0.025000 0.014063
0 0.300694 0.464453 0.031944 0.021094
0 0.454861 0.446875 0.023611 0.017188
0 0.535417 0.443750 0.029167 0.017188
0 0.602083 0.438672 0.020833 0.013281
0 0.545833 0.489063 0.030556 0.012500
0 0.990278 0.558594 0.016667 0.014063
0 0.991667 0.603516 0.013889 0.008594
0 0.841667 0.535547 0.022222 0.008594
0 0.765972 0.329297 0.012500 0.011719
0 0.815278 0.316406 0.030556 0.012500
0 0.878472 0.279687 0.026389 0.018750
0 0.615972 0.281641 0.020833 0.021094
0 0.636806 0.249219 0.023611 0.007812
0 0.652778 0.217188 0.041667 0.012500
0 0.152778 0.298438 0.036111 0.014063
0 0.066667 0.457813 0.019444 0.015625