0 0.160417 0.667188 0.040278 0.023438
0 0.127778 0.680469 0.038889 0.012500
0 0.082639 0.541797 0.034722 0.021094
0 0.259028 0.522656 0.015278 0.009375
0 0.569444 0.503125 0.047222 0.025000
0 0.046528 0.522266 0.034722 0.016406
0 0.011806 0.502734 0.020833 0.021094
0 0.006944 0.520703 0.011111 0.011719
0 0.003472 0.532031 0.004167 0.009375
0 0.128472 0.445703 0.037500 0.014844
0 0.096528 0.453906 0.031944 0.015625
0 0.127083 0.405469 0.031944 0.021875
0 0.130556 0.386719 0.030556 0.017188
0 0.018750 0.390234 0.034722 0.024219
0 0.043056 0.398047 0.013889 0.010156
0 0.094444 0.391406 0.027778 0.018750
0 0.110417 0.369922 0.029167 0.022656
0 0.064583 0.374609 0.020833 0.014844
0 0.031944 0.347266 0.047222 0.027344
0 0.039583 0.321875 0.029167 0.012500
0 0.087500 0.355859 0.036111 0.017969
0 0.109722 0.271094 0.036111 0.023438
0 0.022222 0.228906 0.030556 0.021875
0 0.008333 0.198828 0.013889 0.011719
0 0.586806 0.274609 0.031944 0.022656
0 0.625000 0.281641 0.038889 0.019531
0 0.569444 0.203906 0.027778 0.020313
0 0.410417 0.186328 0.023611 0.019531
0 0.425000 0.138672 0.044444 0.030469
0 0.403472 0.155859 0.045833 0.016406
0 0.366667 0.155078 0.044444 0.025781
0 0.368750 0.127734 0.034722 0.017969
0 0.295139 0.677734 0.015278 0.013281
0 0.165972 0.756641 0.045833 0.025781
0 0.215972 0.747266 0.020833 0.016406
0 0.322917 0.723437 0.037500 0.032813
0 0.987500 0.675391 0.022222 0.014844