0 0.822917 0.618359 0.054167 0.022656
0 0.879167 0.601953 0.069444 0.038281
0 0.833333 0.535547 0.027778 0.027344
0 0.870139 0.521875 0.062500 0.031250
0 0.921528 0.530859 0.045833 0.033594
0 0.939583 0.476953 0.045833 0.022656
0 0.904167 0.482812 0.022222 0.021875
0 0.972917 0.462891 0.023611 0.011719
0 0.986111 0.438281 0.025000 0.018750
0 0.597917 0.324609 0.056944 0.033594
0 0.845833 0.421094 0.052778 0.023438
0 0.927778 0.376563 0.050000 0.028125
0 0.986806 0.380859 0.023611 0.019531
0 0.945833 0.338281 0.077778 0.032813