0 0.350694 0.038672 0.062500 0.036719
0 0.326389 0.067187 0.061111 0.032813
0 0.425000 0.090234 0.052778 0.033594
0 0.409722 0.131250 0.047222 0.026562
0 0.326389 0.174609 0.055556 0.032031
0 0.379861 0.213281 0.059722 0.034375
0 0.332639 0.226562 0.054167 0.032813
0 0.194444 0.146875 0.050000 0.025000
0 0.142361 0.159766 0.054167 0.027344
0 0.197222 0.185156 0.030556 0.025000
0 0.218750 0.190234 0.031944 0.017969
0 0.094444 0.221875 0.047222 0.028125
0 0.125000 0.263672 0.050000 0.027344
0 0.150694 0.264062 0.029167 0.015625
0 0.254167 0.246875 0.041667 0.028125
0 0.282639 0.275000 0.026389 0.015625
0 0.236806 0.277344 0.023611 0.017188
0 0.143750 0.305859 0.056944 0.032031
0 0.226389 0.317578 0.033333 0.022656
0 0.283333 0.318359 0.036111 0.022656
0 0.243056 0.332031 0.033333 0.020313
0 0.333333 0.337500 0.044444 0.025000
0 0.503472 0.314453 0.037500 0.017969
0 0.680556 0.327344 0.047222 0.026562
0 0.721528 0.330859 0.045833 0.027344
0 0.452778 0.387891 0.030556 0.019531
0 0.742361 0.403516 0.043056 0.024219
0 0.092361 0.375391 0.034722 0.027344
0 0.129167 0.380469 0.033333 0.017188
0 0.067361 0.418359 0.037500 0.028906
0 0.322222 0.440234 0.050000 0.024219
0 0.565278 0.496094 0.027778 0.023438
0 0.466667 0.485938 0.050000 0.020313
0 0.288889 0.485156 0.041667 0.025000
0 0.332639 0.491016 0.037500 0.024219
0 0.354861 0.515625 0.043056 0.028125
0 0.444444 0.504297 0.041667 0.025781
0 0.409028 0.546094 0.023611 0.018750
0 0.373611 0.550781 0.025000 0.020313
0 0.197222 0.720313 0.061111 0.037500
0 0.356944 0.700781 0.030556 0.025000
0 0.469444 0.706641 0.030556 0.017969
0 0.798611 0.716016 0.063889 0.035156
0 0.749306 0.657813 0.037500 0.017188
0 0.756944 0.695312 0.055556 0.035937
0 0.066667 0.826953 0.050000 0.024219
0 0.520833 0.847656 0.050000 0.025000
0 0.322222 0.580859 0.030556 0.022656
0 0.050694 0.424219 0.029167 0.018750
0 0.026389 0.422656 0.036111 0.020313
0 0.027778 0.297656 0.041667 0.025000
0 0.536806 0.499219 0.045833 0.028125
0 0.409028 0.582812 0.054167 0.034375
0 0.399306 0.346094 0.029167 0.020313
0 0.392361 0.335547 0.031944 0.016406
0 0.431250 0.338672 0.048611 0.025781
0 0.384722 0.366797 0.058333 0.035156
0 0.379861 0.315625 0.048611 0.029687
0 0.156250 0.397656 0.023611 0.009375
0 0.056250 0.383203 0.048611 0.036719
0 0.190972 0.616797 0.034722 0.021094
0 0.752778 0.726172 0.044444 0.024219