0 0.443750 0.117578 0.043056 0.025781
0 0.465278 0.144141 0.027778 0.022656
0 0.504861 0.145313 0.054167 0.035937
0 0.555556 0.139844 0.061111 0.039062
0 0.513194 0.166016 0.020833 0.010156
0 0.588889 0.256641 0.036111 0.017969
0 0.515278 0.340234 0.061111 0.036719
0 0.438889 0.364453 0.055556 0.028906
0 0.408333 0.385937 0.036111 0.023438
0 0.702778 0.412500 0.027778 0.025000
0 0.686111 0.417578 0.038889 0.024219
0 0.347222 0.548438 0.044444 0.029687
0 0.509722 0.478516 0.052778 0.033594
0 0.629861 0.491406 0.051389 0.026562
0 0.713889 0.483984 0.041667 0.024219
0 0.745833 0.481641 0.019444 0.019531
0 0.561111 0.569531 0.066667 0.035937
0 0.438889 0.588672 0.044444 0.013281
0 0.532639 0.615625 0.068056 0.032813
0 0.585417 0.601953 0.040278 0.028906
0 0.630556 0.587891 0.055556 0.033594
0 0.663889 0.609766 0.041667 0.019531
0 0.589583 0.653516 0.034722 0.021094
0 0.499306 0.643750 0.037500 0.021875
0 0.603472 0.693359 0.059722 0.028906
0 0.636806 0.664062 0.048611 0.029687
0 0.311111 0.864844 0.058333 0.034375
0 0.292361 0.753906 0.059722 0.020313
0 0.545139 0.028516 0.048611 0.030469
0 0.111806 0.849219 0.040278 0.020313
0 0.427083 0.749219 0.029167 0.017188
0 0.987500 0.674219 0.019444 0.015625
0 0.381944 0.598047 0.038889 0.019531
0 0.654167 0.283594 0.025000 0.012500
0 0.657639 0.310937 0.029167 0.023438
0 0.494444 0.389453 0.022222 0.019531
0 0.593056 0.298828 0.013889 0.010156
0 0.561111 0.320703 0.022222 0.013281
0 0.542361 0.475781 0.045833 0.032813
0 0.570139 0.467578 0.040278 0.027344
0 0.715972 0.613281 0.037500 0.017188
0 0.661111 0.773047 0.055556 0.036719
0 0.704167 0.939844 0.069444 0.046875
0 0.485417 0.972266 0.065278 0.035156
0 0.452083 0.847266 0.051389 0.022656