0 0.356250 0.010547 0.062500 0.021094
0 0.359028 0.024219 0.040278 0.014063
0 0.313194 0.136328 0.068056 0.039844
0 0.414583 0.101562 0.062500 0.039062
0 0.430556 0.144531 0.047222 0.034375
0 0.484722 0.138281 0.038889 0.039062
0 0.486111 0.179297 0.050000 0.033594
0 0.535417 0.265625 0.056944 0.037500
0 0.316667 0.214844 0.052778 0.040625
0 0.371528 0.224219 0.037500 0.040625
0 0.341667 0.284766 0.055556 0.028906
0 0.153472 0.270313 0.068056 0.031250
0 0.152083 0.250000 0.068056 0.021875
0 0.211111 0.280078 0.069444 0.036719
0 0.200694 0.314063 0.068056 0.035937
0 0.190972 0.330469 0.048611 0.020313
0 0.117361 0.328516 0.065278 0.038281
0 0.448611 0.277344 0.063889 0.032813
0 0.302778 0.253516 0.047222 0.028906
0 0.359028 0.437109 0.043056 0.022656
0 0.267361 0.448828 0.056944 0.030469
0 0.108333 0.471094 0.047222 0.032813
0 0.187500 0.502344 0.063889 0.032813
0 0.495139 0.554297 0.056944 0.032031
0 0.286111 0.616406 0.075000 0.039062
0 0.301389 0.727344 0.041667 0.032813
0 0.558333 0.738281 0.050000 0.028125
0 0.486111 0.575781 0.044444 0.020313
0 0.868750 0.389844 0.070833 0.048438
0 0.955556 0.397656 0.066667 0.034375
0 0.974306 0.238281 0.048611 0.043750
0 0.984722 0.273047 0.025000 0.025781
0 0.388194 0.621875 0.043056 0.035937
0 0.634722 0.772266 0.075000 0.033594
0 0.304167 0.348828 0.044444 0.014844
0 0.679861 0.401172 0.054167 0.036719
0 0.579167 0.474609 0.058333 0.033594
0 0.377083 0.497656 0.037500 0.021875
0 0.433333 0.469141 0.055556 0.017969
0 0.468750 0.535547 0.043056 0.011719
0 0.506250 0.458984 0.037500 0.013281
0 0.460417 0.711719 0.023611 0.014063
0 0.493056 0.711328 0.044444 0.024219
0 0.338194 0.647656 0.029167 0.028125
0 0.350000 0.603125 0.027778 0.010937