0 0.411111 0.073438 0.044444 0.026562
0 0.398611 0.094141 0.047222 0.025781
0 0.456250 0.351953 0.020833 0.017969
0 0.404861 0.465234 0.037500 0.022656
0 0.795833 0.472656 0.038889 0.014063
0 0.770139 0.472656 0.020833 0.012500
0 0.734028 0.556641 0.034722 0.017969
0 0.423611 0.569141 0.058333 0.032031
0 0.164583 0.518750 0.040278 0.021875
0 0.200694 0.524219 0.023611 0.010937
0 0.180556 0.541406 0.022222 0.018750
0 0.234722 0.560156 0.044444 0.021875
0 0.164583 0.576172 0.029167 0.014844
0 0.688194 0.622656 0.015278 0.007812
0 0.833333 0.691406 0.047222 0.018750
0 0.013889 0.626953 0.025000 0.019531
0 0.011111 0.701953 0.019444 0.011719
0 0.387500 0.708984 0.050000 0.032031
0 0.413194 0.660156 0.043056 0.017188
0 0.440278 0.672266 0.025000 0.025781
0 0.539583 0.708594 0.043056 0.018750
0 0.673611 0.741016 0.030556 0.013281
0 0.708333 0.735938 0.047222 0.021875
0 0.577778 0.709375 0.022222 0.020313
0 0.013889 0.766797 0.027778 0.022656
0 0.015972 0.793359 0.029167 0.017969
0 0.325000 0.860547 0.061111 0.035156
0 0.402778 0.787500 0.033333 0.023438
0 0.472917 0.775391 0.015278 0.010156
0 0.544444 0.848828 0.052778 0.021094
0 0.611806 0.828125 0.020833 0.018750
0 0.607639 0.851172 0.051389 0.024219