0 0.057639 0.057813 0.040278 0.026562
0 0.020833 0.059766 0.033333 0.022656
0 0.027778 0.014453 0.047222 0.027344
0 0.080556 0.025391 0.044444 0.025781
0 0.107639 0.044531 0.037500 0.026562
0 0.147917 0.162500 0.048611 0.025000
0 0.183333 0.163281 0.030556 0.021875
0 0.550000 0.069531 0.041667 0.034375
0 0.630556 0.078125 0.052778 0.031250
0 0.622917 0.102734 0.043056 0.024219
0 0.693750 0.133203 0.037500 0.033594
0 0.718750 0.229297 0.037500 0.025781
0 0.711111 0.250781 0.047222 0.023438
0 0.184028 0.248047 0.040278 0.022656
0 0.100000 0.244531 0.036111 0.018750
0 0.106250 0.223438 0.037500 0.015625
0 0.073611 0.246484 0.022222 0.010156
0 0.081944 0.263672 0.027778 0.022656
0 0.033333 0.256641 0.016667 0.022656
0 0.273611 0.345313 0.019444 0.018750
0 0.836111 0.393359 0.025000 0.030469
0 0.844444 0.457422 0.044444 0.030469
0 0.889583 0.457031 0.043056 0.028125
0 0.233333 0.375000 0.044444 0.026562
0 0.320833 0.407422 0.041667 0.025781
0 0.260417 0.460156 0.040278 0.020313
0 0.304167 0.452344 0.030556 0.017188
0 0.283333 0.494141 0.041667 0.021094
0 0.400000 0.504297 0.036111 0.017969
0 0.579861 0.542969 0.043056 0.023438
0 0.602778 0.558203 0.036111 0.016406
0 0.668750 0.552344 0.015278 0.021875
0 0.773611 0.579688 0.047222 0.029687
0 0.760417 0.773047 0.068056 0.039844
0 0.974306 0.633594 0.040278 0.025000
0 0.979861 0.743359 0.026389 0.019531
0 0.165278 0.640234 0.038889 0.019531
0 0.328472 0.584766 0.029167 0.017969
0 0.069444 0.624219 0.030556 0.021875
0 0.078472 0.596484 0.037500 0.016406
0 0.171528 0.655469 0.037500 0.017188
0 0.784028 0.757031 0.040278 0.018750
0 0.250000 0.267969 0.030556 0.014063
0 0.160417 0.327734 0.029167 0.022656
0 0.531250 0.080078 0.026389 0.027344
0 0.254861 0.433203 0.020833 0.014844
0 0.945139 0.774219 0.026389 0.025000
0 0.579167 0.567187 0.033333 0.020313
0 0.494444 0.609375 0.036111 0.010937
0 0.647917 0.457031 0.012500 0.023438
0 0.704167 0.467578 0.044444 0.017969