0 0.382639 0.135547 0.029167 0.024219
0 0.347222 0.127344 0.025000 0.012500
0 0.327083 0.169141 0.043056 0.021094
0 0.406250 0.192188 0.031944 0.020313
0 0.300694 0.188672 0.029167 0.024219
0 0.213889 0.248047 0.047222 0.024219
0 0.223611 0.256250 0.025000 0.012500
0 0.332639 0.383594 0.037500 0.018750
0 0.536806 0.327734 0.034722 0.019531
0 0.550694 0.335938 0.031944 0.018750
0 0.397222 0.495703 0.044444 0.024219
0 0.408333 0.507422 0.047222 0.014844
0 0.353472 0.575781 0.034722 0.023438
0 0.395833 0.351172 0.027778 0.011719
0 0.466667 0.336328 0.016667 0.017969
0 0.195833 0.425781 0.016667 0.018750
0 0.375694 0.230859 0.015278 0.014844
0 0.293750 0.260937 0.037500 0.021875
0 0.373611 0.304297 0.022222 0.021094
0 0.452083 0.386719 0.018056 0.010937
0 0.515278 0.362109 0.013889 0.011719
0 0.537500 0.450000 0.033333 0.018750
0 0.598611 0.436328 0.044444 0.021094
0 0.987500 0.662891 0.022222 0.021094
0 0.883333 0.659375 0.036111 0.020313
0 0.893750 0.510156 0.045833 0.026562
0 0.841667 0.339453 0.030556 0.016406
0 0.894444 0.262109 0.036111 0.021094
0 0.954861 0.254688 0.043056 0.028125
0 0.897917 0.353516 0.020833 0.011719
0 0.990972 0.390234 0.015278 0.027344
0 0.967361 0.388281 0.031944 0.009375
0 0.984028 0.398438 0.023611 0.012500
0 0.979861 0.106641 0.037500 0.027344
0 0.983333 0.128125 0.030556 0.028125
0 0.899306 0.229687 0.043056 0.020313
0 0.824306 0.399219 0.040278 0.021875
0 0.063889 0.374609 0.027778 0.016406
0 0.097917 0.421094 0.043056 0.021875
0 0.016667 0.393750 0.030556 0.014063
0 0.056250 0.430859 0.020833 0.016406
0 0.054167 0.407813 0.030556 0.014063
0 0.508333 0.382422 0.016667 0.010156
0 0.509722 0.394531 0.016667 0.010937
0 0.114583 0.397656 0.020833 0.017188
0 0.356944 0.380469 0.013889 0.015625
0 0.225694 0.499219 0.029167 0.018750
0 0.077778 0.406641 0.013889 0.010156
0 0.263889 0.427734 0.019444 0.021094
0 0.180556 0.682813 0.036111 0.018750
0 0.733333 0.523438 0.038889 0.017188
0 0.015972 0.373437 0.031944 0.010937
0 0.315972 0.283203 0.012500 0.008594
0 0.946528 0.218359 0.031944 0.038281
0 0.989583 0.205078 0.015278 0.011719
0 0.990278 0.244922 0.016667 0.014844
0 0.859722 0.561328 0.030556 0.014844
0 0.079167 0.649219 0.050000 0.025000