0 0.493056 0.069922 0.058333 0.035156
0 0.451389 0.066406 0.047222 0.031250
0 0.488889 0.091016 0.058333 0.021094
0 0.451389 0.160547 0.063889 0.039844
0 0.417361 0.167187 0.054167 0.037500
0 0.340972 0.258203 0.048611 0.022656
0 0.530556 0.310156 0.052778 0.035937
0 0.318056 0.298047 0.061111 0.030469
0 0.471528 0.332031 0.062500 0.035937
0 0.316667 0.416016 0.055556 0.030469
0 0.478472 0.398438 0.043056 0.017188
0 0.508333 0.420703 0.041667 0.027344
0 0.579861 0.425000 0.048611 0.031250
0 0.624306 0.408203 0.054167 0.024219
0 0.548611 0.412109 0.030556 0.016406
0 0.718750 0.509766 0.048611 0.028906
0 0.240278 0.469922 0.050000 0.024219
0 0.363194 0.510547 0.037500 0.017969
0 0.297917 0.477734 0.037500 0.025781
0 0.317361 0.437891 0.029167 0.014844
0 0.249306 0.442578 0.059722 0.030469
0 0.236806 0.493359 0.056944 0.027344
0 0.238889 0.513672 0.058333 0.021094
0 0.284028 0.597266 0.037500 0.036719
0 0.345139 0.600781 0.059722 0.028125
0 0.337500 0.650391 0.050000 0.027344
0 0.300694 0.623828 0.054167 0.030469
0 0.209722 0.587109 0.036111 0.021094
0 0.353472 0.792578 0.062500 0.039844
0 0.296528 0.787500 0.054167 0.040625
0 0.340972 0.846094 0.043056 0.031250
0 0.334722 0.889453 0.041667 0.024219
0 0.245833 0.679297 0.058333 0.038281
0 0.284028 0.690234 0.029167 0.017969
0 0.476389 0.369922 0.030556 0.013281
0 0.579861 0.732812 0.023611 0.017188
0 0.101389 0.902344 0.036111 0.021875
0 0.131250 0.816797 0.045833 0.028906