0 0.634722 0.177734 0.050000 0.025781
0 0.553472 0.197266 0.037500 0.028906
0 0.513889 0.268359 0.058333 0.030469
0 0.623611 0.255078 0.041667 0.024219
0 0.587500 0.214453 0.033333 0.017969
0 0.532639 0.304688 0.045833 0.031250
0 0.458333 0.305859 0.038889 0.027344
0 0.502778 0.309375 0.030556 0.021875
0 0.481250 0.341406 0.031944 0.023438
0 0.635417 0.308203 0.045833 0.027344
0 0.604167 0.332813 0.038889 0.015625
0 0.409722 0.386328 0.052778 0.025781
0 0.456250 0.371484 0.056944 0.024219
0 0.431250 0.402344 0.029167 0.014063
0 0.588194 0.393359 0.054167 0.028906
0 0.552083 0.355469 0.018056 0.014063
0 0.593056 0.420312 0.041667 0.025000
0 0.688194 0.434375 0.043056 0.028125
0 0.404861 0.442969 0.043056 0.018750
0 0.520833 0.447656 0.044444 0.026562
0 0.593056 0.474219 0.030556 0.020313
0 0.636111 0.468359 0.055556 0.025781
0 0.398611 0.472266 0.044444 0.027344
0 0.380556 0.481250 0.022222 0.014063
0 0.483333 0.479297 0.050000 0.021094
0 0.482639 0.454297 0.037500 0.016406
0 0.518750 0.515234 0.040278 0.022656
0 0.491667 0.670703 0.041667 0.022656
0 0.632639 0.609375 0.043056 0.026562
0 0.535417 0.534375 0.034722 0.018750
0 0.539583 0.557813 0.045833 0.029687
0 0.659028 0.496875 0.023611 0.020313
0 0.720833 0.591016 0.027778 0.019531
0 0.710417 0.530859 0.029167 0.013281
0 0.788889 0.562891 0.038889 0.021094
0 0.797917 0.523438 0.043056 0.021875
0 0.750694 0.614844 0.023611 0.014063
0 0.882639 0.616797 0.043056 0.027344
0 0.798611 0.628125 0.022222 0.012500
0 0.515972 0.697656 0.051389 0.023438
0 0.525000 0.717578 0.055556 0.028906
0 0.492361 0.740625 0.048611 0.029687
0 0.693056 0.822266 0.052778 0.028906
0 0.453472 0.485156 0.020833 0.017188
0 0.567361 0.593359 0.029167 0.014844
0 0.914583 0.578516 0.026389 0.021094
0 0.831250 0.513672 0.020833 0.007031