0 0.249306 0.105859 0.048611 0.025781
0 0.227083 0.082031 0.037500 0.023438
0 0.275000 0.064453 0.030556 0.033594
0 0.308333 0.060547 0.044444 0.028906
0 0.263889 0.028906 0.033333 0.025000
0 0.328472 0.033203 0.045833 0.025781
0 0.360417 0.071484 0.048611 0.027344
0 0.386111 0.092188 0.047222 0.029687
0 0.296528 0.088672 0.043056 0.025781
0 0.347222 0.104297 0.044444 0.028906
0 0.290972 0.009375 0.026389 0.017188
0 0.318056 0.007422 0.052778 0.013281
0 0.350694 0.007812 0.029167 0.014063
0 0.468056 0.112500 0.069444 0.031250
0 0.490278 0.133984 0.072222 0.028906
0 0.512500 0.195703 0.063889 0.039844
0 0.783333 0.077734 0.050000 0.035156
0 0.709722 0.041016 0.038889 0.025781
0 0.943750 0.144531 0.065278 0.039062
0 0.845833 0.014453 0.050000 0.024219
0 0.819444 0.008203 0.047222 0.011719
0 0.533333 0.307812 0.055556 0.028125
0 0.885417 0.262109 0.065278 0.039844
0 0.968750 0.285938 0.059722 0.031250
0 0.973611 0.315625 0.050000 0.023438
0 0.928472 0.228906 0.059722 0.029687
0 0.343056 0.268750 0.044444 0.025000
0 0.525000 0.051953 0.050000 0.021094
0 0.528472 0.032422 0.031944 0.016406
0 0.848611 0.057422 0.047222 0.011719
0 0.616667 0.321484 0.058333 0.022656
0 0.774306 0.292187 0.045833 0.025000
0 0.919444 0.437500 0.036111 0.020313
0 0.370139 0.369141 0.043056 0.024219
0 0.331250 0.366797 0.031944 0.017969
0 0.969444 0.353516 0.047222 0.030469
0 0.888194 0.426953 0.026389 0.017969
0 0.809722 0.328516 0.041667 0.019531
0 0.766667 0.357422 0.047222 0.027344
0 0.665972 0.443750 0.031944 0.023438
0 0.595833 0.589453 0.061111 0.033594
0 0.894444 0.457813 0.033333 0.014063
0 0.275694 0.393750 0.037500 0.021875
0 0.164583 0.448047 0.040278 0.019531
0 0.740972 0.585547 0.068056 0.041406
0 0.877778 0.644922 0.111111 0.053906
0 0.479861 0.617969 0.090278 0.054688
0 0.592361 0.635156 0.043056 0.050000
0 0.524306 0.644922 0.090278 0.046094
0 0.082639 0.655469 0.065278 0.029687
0 0.400694 0.760547 0.101389 0.049219
0 0.666667 0.768359 0.047222 0.036719
0 0.485417 0.871875 0.056944 0.048438
0 0.581944 0.857812 0.063889 0.042188
0 0.859722 0.893750 0.050000 0.034375
0 0.912500 0.834375 0.091667 0.035937
0 0.911111 0.874219 0.050000 0.035937
0 0.180556 0.795703 0.025000 0.033594
0 0.349306 0.767969 0.065278 0.035937
0 0.575694 0.405859 0.026389 0.022656
0 0.897917 0.064844 0.054167 0.028125
0 0.117361 0.455859 0.045833 0.016406
0 0.213194 0.397266 0.029167 0.017969
0 0.250000 0.416797 0.016667 0.010156
0 0.017361 0.333984 0.023611 0.010156
0 0.800000 0.097266 0.036111 0.022656