0 0.394444 0.503906 0.036111 0.017188
0 0.344444 0.510547 0.044444 0.035156
0 0.424306 0.523438 0.051389 0.028125
0 0.465278 0.531250 0.050000 0.031250
0 0.446528 0.562109 0.043056 0.022656
0 0.376389 0.662891 0.055556 0.022656
0 0.252083 0.719141 0.051389 0.028906
0 0.453472 0.661719 0.031944 0.026562
0 0.549306 0.671484 0.043056 0.021094
0 0.181944 0.640625 0.027778 0.017188
0 0.070139 0.646094 0.023611 0.012500
0 0.510417 0.775000 0.029167 0.018750
0 0.650000 0.831250 0.044444 0.018750
0 0.601389 0.846484 0.016667 0.019531
0 0.457639 0.680078 0.026389 0.019531
0 0.414583 0.703125 0.048611 0.025000
0 0.340278 0.647266 0.025000 0.025781
0 0.314583 0.575781 0.023611 0.021875
0 0.975000 0.660937 0.041667 0.020313