0 0.713889 0.026172 0.033333 0.028906
0 0.759028 0.027344 0.054167 0.029687
0 0.764583 0.007422 0.037500 0.010156
0 0.643750 0.100391 0.048611 0.032031
0 0.533333 0.210156 0.050000 0.029687
0 0.572917 0.216016 0.023611 0.025781
0 0.584028 0.197266 0.048611 0.019531
0 0.452083 0.253125 0.048611 0.025000
0 0.477083 0.301172 0.056944 0.030469
0 0.510417 0.308594 0.043056 0.031250
0 0.579861 0.297266 0.043056 0.030469
0 0.625694 0.297266 0.054167 0.030469
0 0.615972 0.269141 0.029167 0.014844
0 0.670833 0.291016 0.022222 0.016406
0 0.541667 0.329688 0.047222 0.029687
0 0.559028 0.341016 0.034722 0.016406
0 0.607639 0.366016 0.051389 0.027344
0 0.452778 0.383203 0.055556 0.032031
0 0.516667 0.401953 0.044444 0.025781
0 0.547917 0.393359 0.023611 0.016406
0 0.684722 0.417187 0.025000 0.012500
0 0.743750 0.426953 0.029167 0.021094
0 0.543750 0.464062 0.029167 0.026562
0 0.606944 0.479687 0.019444 0.017188
0 0.474306 0.458594 0.040278 0.039062
0 0.386806 0.464062 0.043056 0.020313
0 0.237500 0.523438 0.044444 0.026562
0 0.450694 0.529687 0.054167 0.023438
0 0.491667 0.521094 0.038889 0.020313
0 0.552778 0.500000 0.022222 0.020313
0 0.511111 0.541406 0.044444 0.025000
0 0.643056 0.533594 0.047222 0.026562
0 0.699306 0.506641 0.040278 0.025781
0 0.729861 0.488672 0.045833 0.027344
0 0.727778 0.509766 0.022222 0.008594
0 0.479861 0.560937 0.037500 0.031250
0 0.436111 0.569922 0.025000 0.016406
0 0.314583 0.673438 0.031944 0.017188
0 0.463194 0.625781 0.043056 0.028125
0 0.328472 0.696875 0.037500 0.018750
0 0.680556 0.637109 0.025000 0.019531
0 0.713889 0.633984 0.044444 0.021094
0 0.686111 0.659766 0.022222 0.017969
0 0.752083 0.685547 0.043056 0.021094
0 0.966667 0.725000 0.055556 0.035937
0 0.958333 0.762109 0.050000 0.024219
0 0.602083 0.810547 0.059722 0.042969