0 0.225694 0.114062 0.048611 0.029687
0 0.209028 0.093750 0.037500 0.021875
0 0.178472 0.081250 0.045833 0.032813
0 0.202083 0.067969 0.048611 0.029687
0 0.134722 0.063281 0.041667 0.018750
0 0.112500 0.045703 0.033333 0.022656
0 0.049306 0.049219 0.048611 0.028125
0 0.015278 0.048047 0.022222 0.016406
0 0.055556 0.084375 0.044444 0.029687
0 0.026389 0.081641 0.025000 0.025781
0 0.020833 0.092188 0.038889 0.020313
0 0.147222 0.117578 0.041667 0.027344
0 0.195833 0.187891 0.050000 0.033594
0 0.087500 0.180078 0.036111 0.017969
0 0.049306 0.150000 0.040278 0.018750
0 0.027083 0.184766 0.029167 0.017969
0 0.210417 0.241406 0.051389 0.029687
0 0.667361 0.130859 0.045833 0.025781
0 0.580556 0.146094 0.041667 0.023438
0 0.675694 0.168750 0.048611 0.025000
0 0.610417 0.173828 0.034722 0.022656
0 0.734028 0.188672 0.037500 0.021094
0 0.691667 0.215234 0.038889 0.022656
0 0.763194 0.225000 0.043056 0.021875
0 0.761806 0.198828 0.031944 0.019531
0 0.782639 0.189453 0.040278 0.021094
0 0.791667 0.172656 0.041667 0.026562
0 0.822917 0.180078 0.037500 0.021094
0 0.806250 0.206641 0.040278 0.022656
0 0.855556 0.193359 0.044444 0.024219
0 0.834722 0.207813 0.027778 0.014063
0 0.876389 0.171484 0.047222 0.022656
0 0.919444 0.168750 0.030556 0.015625
0 0.916667 0.146484 0.044444 0.022656
0 0.954167 0.155078 0.050000 0.019531
0 0.985417 0.180469 0.023611 0.015625
0 0.950694 0.235937 0.034722 0.018750
0 0.990278 0.234375 0.013889 0.021875
0 0.945139 0.266797 0.048611 0.028906
0 0.977083 0.262109 0.029167 0.025781
0 0.609722 0.235156 0.033333 0.018750
0 0.565278 0.224219 0.041667 0.023438
0 0.484028 0.169922 0.020833 0.022656
0 0.939583 0.335547 0.034722 0.016406
0 0.459722 0.212500 0.038889 0.021875
0 0.485417 0.225391 0.037500 0.022656
0 0.057639 0.207422 0.020833 0.013281
0 0.319444 0.237500 0.038889 0.020313
0 0.347222 0.206641 0.036111 0.014844
0 0.359722 0.197266 0.016667 0.013281
0 0.425694 0.208984 0.034722 0.022656
0 0.380556 0.211328 0.036111 0.013281
0 0.400000 0.242969 0.030556 0.017188
0 0.454167 0.237109 0.038889 0.024219
0 0.513194 0.292969 0.040278 0.021875
0 0.398611 0.259766 0.038889 0.021094
0 0.154167 0.290234 0.052778 0.027344
0 0.038194 0.326953 0.056944 0.032031
0 0.019444 0.355078 0.036111 0.030469
0 0.133333 0.383594 0.041667 0.026562
0 0.168056 0.368750 0.044444 0.025000
0 0.320139 0.306250 0.054167 0.031250
0 0.354861 0.318750 0.043056 0.023438
0 0.479167 0.361328 0.036111 0.017969
0 0.388889 0.345703 0.036111 0.025781
0 0.525000 0.343359 0.030556 0.011719
0 0.565972 0.350000 0.023611 0.014063
0 0.126389 0.460156 0.041667 0.018750
0 0.511806 0.406250 0.026389 0.015625
0 0.414583 0.368359 0.029167 0.013281
0 0.574306 0.359375 0.020833 0.014063
0 0.631944 0.382812 0.022222 0.014063
0 0.643750 0.412891 0.029167 0.016406
0 0.673611 0.410156 0.030556 0.020313
0 0.708333 0.431250 0.030556 0.014063
0 0.693056 0.472656 0.047222 0.026562
0 0.629167 0.451172 0.027778 0.014844
0 0.773611 0.383594 0.022222 0.010937
0 0.822917 0.374609 0.034722 0.014844
0 0.926389 0.397266 0.036111 0.011719
0 0.863194 0.403906 0.023611 0.015625
0 0.759028 0.479297 0.043056 0.025781
0 0.790972 0.478516 0.018056 0.013281
0 0.786111 0.494531 0.030556 0.014063
0 0.872222 0.472656 0.030556 0.018750
0 0.911111 0.450000 0.066667 0.031250
0 0.920833 0.478906 0.058333 0.026562
0 0.961806 0.490234 0.062500 0.027344
0 0.932639 0.512891 0.040278 0.017969
0 0.852778 0.526953 0.044444 0.027344
0 0.790972 0.555859 0.062500 0.032031
0 0.833333 0.567969 0.025000 0.021875
0 0.626389 0.510156 0.027778 0.017188
0 0.645833 0.538672 0.044444 0.025781
0 0.104167 0.304297 0.025000 0.014844
0 0.188889 0.321484 0.036111 0.016406
0 0.715278 0.596484 0.052778 0.027344
0 0.811111 0.639453 0.055556 0.025781
0 0.703472 0.626172 0.062500 0.032031
0 0.750694 0.682813 0.056944 0.031250
0 0.474306 0.663281 0.026389 0.018750
0 0.536111 0.625391 0.033333 0.019531
0 0.530556 0.605078 0.030556 0.019531
0 0.570833 0.565234 0.055556 0.030469
0 0.411806 0.594141 0.034722 0.019531
0 0.425000 0.575781 0.036111 0.020313
0 0.488194 0.588672 0.037500 0.013281
0 0.481250 0.569141 0.051389 0.027344
0 0.406944 0.550781 0.050000 0.026562
0 0.431250 0.507422 0.051389 0.028906
0 0.276389 0.588672 0.030556 0.016406
0 0.318750 0.616406 0.040278 0.017188
0 0.410417 0.496094 0.023611 0.017188
0 0.026389 0.112109 0.019444 0.014844
0 0.075000 0.016406 0.027778 0.017188
0 0.890972 0.280078 0.031944 0.022656
0 0.018056 0.513281 0.036111 0.029687
0 0.262500 0.346094 0.038889 0.017188
0 0.120139 0.153516 0.031944 0.019531
0 0.022917 0.375000 0.043056 0.020313
0 0.043056 0.292578 0.038889 0.022656