0 0.890278 0.129297 0.058333 0.033594
0 0.634028 0.240234 0.045833 0.027344
0 0.674306 0.227734 0.045833 0.025781
0 0.710417 0.271484 0.040278 0.024219
0 0.680556 0.278125 0.027778 0.010937
0 0.828472 0.255469 0.029167 0.025000
0 0.361111 0.342969 0.041667 0.023438
0 0.546528 0.302734 0.023611 0.022656
0 0.834722 0.154688 0.047222 0.032813
0 0.904861 0.177344 0.054167 0.032813
0 0.897222 0.216016 0.036111 0.022656
0 0.722222 0.299609 0.044444 0.021094
0 0.670833 0.341016 0.058333 0.027344
0 0.695139 0.319922 0.054167 0.014844
0 0.459028 0.357031 0.040278 0.017188
0 0.501389 0.364844 0.033333 0.018750
0 0.851389 0.307422 0.052778 0.033594
0 0.899306 0.290234 0.051389 0.028906
0 0.696528 0.382422 0.059722 0.033594
0 0.611806 0.444531 0.051389 0.040625
0 0.566667 0.454688 0.050000 0.029687
0 0.477083 0.501563 0.040278 0.029687
0 0.442361 0.529687 0.051389 0.031250
0 0.479861 0.523438 0.020833 0.012500
0 0.367361 0.527734 0.051389 0.022656
0 0.529167 0.498828 0.047222 0.022656
0 0.810417 0.414062 0.054167 0.026562
0 0.759028 0.404687 0.045833 0.021875
0 0.611111 0.387891 0.036111 0.024219
0 0.780556 0.514453 0.044444 0.032031
0 0.720139 0.502734 0.018056 0.014844
0 0.845833 0.391797 0.050000 0.028906
0 0.910417 0.387109 0.051389 0.024219
0 0.787500 0.464453 0.033333 0.024219
0 0.871528 0.439453 0.037500 0.024219
0 0.859028 0.414844 0.048611 0.025000
0 0.922917 0.453516 0.034722 0.013281
0 0.981250 0.564453 0.034722 0.027344
0 0.355556 0.602734 0.044444 0.025781
0 0.361111 0.583984 0.025000 0.025781
0 0.436111 0.587109 0.036111 0.022656
0 0.784722 0.661328 0.055556 0.025781
0 0.889583 0.686328 0.056944 0.038281
0 0.899306 0.588672 0.043056 0.024219
0 0.844444 0.557813 0.038889 0.017188
0 0.881944 0.563672 0.044444 0.025781
0 0.945833 0.572656 0.044444 0.025000
0 0.246528 0.766406 0.081944 0.035937
0 0.313889 0.810547 0.038889 0.033594
0 0.481250 0.872656 0.054167 0.039062
0 0.811111 0.871484 0.047222 0.019531
0 0.951389 0.803516 0.055556 0.030469
0 0.791667 0.327344 0.044444 0.029687
0 0.954167 0.394531 0.033333 0.032813
0 0.618056 0.567969 0.027778 0.020313
0 0.340972 0.901563 0.051389 0.029687
0 0.922917 0.704688 0.054167 0.009375
0 0.879167 0.273047 0.061111 0.025781
0 0.772222 0.519141 0.038889 0.021094
0 0.694444 0.826953 0.061111 0.033594
0 0.852778 0.609375 0.038889 0.031250
0 0.684028 0.276953 0.023611 0.017969
0 0.650000 0.334766 0.041667 0.011719
0 0.980556 0.127344 0.036111 0.028125
0 0.556250 0.720703 0.018056 0.010156
0 0.972222 0.785156 0.047222 0.025000