0 0.130556 0.004687 0.044444 0.007812
0 0.202083 0.047266 0.043056 0.022656
0 0.221528 0.041797 0.018056 0.013281
0 0.147917 0.073828 0.043056 0.028906
0 0.115972 0.075781 0.031944 0.023438
0 0.200694 0.086719 0.043056 0.021875
0 0.240278 0.078906 0.041667 0.020313
0 0.124306 0.124609 0.045833 0.033594
0 0.229167 0.121094 0.063889 0.026562
0 0.311806 0.140625 0.048611 0.020313
0 0.078472 0.203125 0.045833 0.028125
0 0.072917 0.232031 0.043056 0.029687
0 0.278472 0.184766 0.051389 0.027344
0 0.352083 0.166016 0.048611 0.024219
0 0.490972 0.184375 0.040278 0.025000
0 0.077083 0.281641 0.056944 0.033594
0 0.122917 0.308594 0.020833 0.021875
0 0.275000 0.319141 0.033333 0.025781
0 0.258333 0.307422 0.011111 0.010156
0 0.324306 0.290625 0.029167 0.017188
0 0.342361 0.271875 0.029167 0.018750
0 0.326389 0.204687 0.038889 0.023438
0 0.286111 0.219922 0.027778 0.011719
0 0.295139 0.205469 0.034722 0.023438
0 0.415278 0.220703 0.036111 0.022656
0 0.225000 0.360938 0.052778 0.029687
0 0.273611 0.344922 0.030556 0.021094
0 0.311111 0.325781 0.047222 0.025000
0 0.346528 0.315234 0.031944 0.016406
0 0.370139 0.337891 0.020833 0.016406
0 0.329861 0.393359 0.045833 0.028906
0 0.347222 0.405078 0.025000 0.017969
0 0.111111 0.409375 0.038889 0.015625
0 0.025000 0.411328 0.047222 0.030469
0 0.059028 0.465625 0.048611 0.020313
0 0.049306 0.453125 0.045833 0.014063
0 0.015972 0.513281 0.031944 0.020313
0 0.205556 0.537500 0.030556 0.028125
0 0.372222 0.417578 0.022222 0.019531
0 0.391667 0.426172 0.025000 0.019531
0 0.444444 0.447266 0.055556 0.030469
0 0.031944 0.619922 0.055556 0.027344
0 0.053472 0.666016 0.045833 0.030469
0 0.193056 0.609766 0.041667 0.024219
0 0.146528 0.613281 0.009722 0.012500
0 0.411806 0.581641 0.040278 0.021094
0 0.442361 0.531250 0.051389 0.035937
0 0.438889 0.503906 0.061111 0.032813
0 0.411111 0.607422 0.058333 0.030469
0 0.384722 0.651563 0.044444 0.031250
0 0.408333 0.628516 0.044444 0.025781
0 0.553472 0.619531 0.040278 0.026562
0 0.485417 0.690234 0.062500 0.036719
0 0.431944 0.681250 0.033333 0.018750
0 0.544444 0.692187 0.025000 0.028125
0 0.588194 0.675391 0.018056 0.013281
0 0.579861 0.710938 0.034722 0.025000
0 0.549306 0.715625 0.034722 0.018750
0 0.564583 0.566016 0.037500 0.019531
0 0.655556 0.574219 0.036111 0.017188
0 0.946528 0.125000 0.048611 0.029687
0 0.990278 0.103516 0.016667 0.013281
0 0.965278 0.156250 0.047222 0.018750
0 0.983333 0.137500 0.025000 0.009375
0 0.888194 0.184375 0.034722 0.021875
0 0.875000 0.198047 0.027778 0.011719
0 0.913889 0.200000 0.047222 0.020313
0 0.929861 0.187109 0.045833 0.025781
0 0.947222 0.216797 0.050000 0.022656
0 0.824306 0.218750 0.034722 0.017188
0 0.940278 0.273828 0.019444 0.013281
0 0.800000 0.256641 0.033333 0.013281
0 0.782639 0.269531 0.026389 0.010937
0 0.754861 0.311719 0.031944 0.009375
0 0.778472 0.360547 0.031944 0.021094
0 0.791667 0.375000 0.036111 0.018750
0 0.826389 0.376953 0.033333 0.013281
0 0.887500 0.304688 0.030556 0.017188
0 0.790278 0.299609 0.033333 0.014844
0 0.971528 0.325781 0.048611 0.025000
0 0.972917 0.346094 0.045833 0.015625
0 0.918750 0.523438 0.043056 0.017188
0 0.778472 0.495312 0.048611 0.020313
0 0.684722 0.475781 0.030556 0.025000
0 0.643056 0.482812 0.041667 0.023438
0 0.620833 0.490625 0.036111 0.021875
0 0.705556 0.500781 0.050000 0.023438
0 0.701389 0.526953 0.041667 0.024219
0 0.602083 0.550000 0.040278 0.017188
0 0.745139 0.553516 0.023611 0.014844
0 0.811111 0.540625 0.036111 0.015625
0 0.743750 0.590234 0.037500 0.019531
0 0.699306 0.612500 0.040278 0.020313
0 0.846528 0.599219 0.015278 0.015625
0 0.803472 0.562500 0.018056 0.010937