0 0.456944 0.277734 0.036111 0.016406
0 0.430556 0.263672 0.033333 0.033594
0 0.602083 0.278125 0.034722 0.018750
0 0.647917 0.296094 0.037500 0.020313
0 0.554861 0.310937 0.045833 0.026562
0 0.596528 0.315234 0.040278 0.027344
0 0.822917 0.305078 0.034722 0.014844
0 0.640278 0.358594 0.041667 0.025000
0 0.497917 0.422656 0.040278 0.020313
0 0.552083 0.431250 0.026389 0.021875
0 0.700000 0.435547 0.047222 0.025781
0 0.733333 0.429688 0.033333 0.021875
0 0.781944 0.430078 0.022222 0.013281
0 0.615972 0.480859 0.040278 0.024219
0 0.713194 0.502734 0.034722 0.021094
0 0.734028 0.491797 0.023611 0.011719
0 0.593056 0.510547 0.041667 0.027344
0 0.565972 0.530859 0.051389 0.032031
0 0.534028 0.533984 0.018056 0.016406
0 0.633333 0.540234 0.047222 0.025781
0 0.375694 0.569922 0.051389 0.028906
0 0.311806 0.679297 0.040278 0.025781
0 0.550000 0.658984 0.069444 0.039844
0 0.515278 0.695703 0.063889 0.046094
0 0.792361 0.679297 0.029167 0.024219
0 0.342361 0.546094 0.037500 0.015625
0 0.491667 0.728516 0.044444 0.010156