0 0.689583 0.160156 0.037500 0.026562
0 0.715278 0.146094 0.030556 0.017188
0 0.847222 0.287500 0.038889 0.021875
0 0.858333 0.303125 0.044444 0.020313
0 0.838889 0.349219 0.030556 0.010937
0 0.748611 0.441797 0.036111 0.016406
0 0.783333 0.442578 0.036111 0.013281
0 0.870833 0.455078 0.030556 0.016406
0 0.956250 0.474219 0.043056 0.026562
0 0.837500 0.517578 0.041667 0.024219
0 0.799306 0.529297 0.031944 0.021094
0 0.906250 0.548828 0.048611 0.027344
0 0.722222 0.512891 0.052778 0.027344
0 0.694444 0.521094 0.036111 0.015625
0 0.660417 0.524609 0.015278 0.007031
0 0.901389 0.506250 0.027778 0.017188
0 0.564583 0.536328 0.045833 0.027344
0 0.552083 0.572266 0.026389 0.021094
0 0.541667 0.601953 0.047222 0.027344
0 0.681250 0.619531 0.043056 0.021875
0 0.820139 0.632812 0.043056 0.018750
0 0.499306 0.503516 0.020833 0.013281
0 0.429167 0.445312 0.033333 0.021875
0 0.449306 0.456641 0.029167 0.011719
0 0.798611 0.147656 0.022222 0.012500
0 0.250694 0.488672 0.043056 0.022656
0 0.127083 0.425781 0.029167 0.025000