0 0.109722 0.012891 0.052778 0.025781
0 0.088194 0.108594 0.045833 0.028125
0 0.249306 0.094141 0.048611 0.027344
0 0.418056 0.056641 0.041667 0.030469
0 0.379861 0.015625 0.054167 0.031250
0 0.322222 0.016797 0.052778 0.028906
0 0.260417 0.011328 0.037500 0.021094
0 0.259028 0.032031 0.018056 0.018750
0 0.282639 0.115625 0.029167 0.014063
0 0.234722 0.115625 0.050000 0.025000
0 0.188889 0.100000 0.041667 0.025000
0 0.172917 0.079297 0.045833 0.017969
0 0.340972 0.160547 0.029167 0.014844
0 0.428472 0.198047 0.048611 0.024219
0 0.136806 0.211719 0.040278 0.020313
0 0.107639 0.197656 0.034722 0.020313
0 0.031250 0.162500 0.034722 0.020313
0 0.009028 0.194141 0.018056 0.024219
0 0.061111 0.216016 0.050000 0.027344
0 0.198611 0.269922 0.030556 0.019531
0 0.247917 0.283984 0.037500 0.014844
0 0.203472 0.293750 0.026389 0.014063
0 0.092361 0.313281 0.034722 0.017188
0 0.362500 0.287891 0.033333 0.019531
0 0.427083 0.264844 0.029167 0.021875
0 0.729861 0.274609 0.048611 0.032031
0 0.772222 0.275000 0.036111 0.029687
0 0.708333 0.308203 0.033333 0.021094
0 0.783333 0.323828 0.052778 0.027344
0 0.679167 0.351172 0.041667 0.022656
0 0.838889 0.472656 0.036111 0.025000
0 0.282639 0.449609 0.045833 0.024219
0 0.014583 0.431250 0.029167 0.020313
0 0.065972 0.359766 0.037500 0.011719
0 0.279861 0.391016 0.045833 0.021094
0 0.435417 0.337500 0.031944 0.012500
0 0.272917 0.591016 0.059722 0.038281
0 0.549306 0.535937 0.043056 0.020313
0 0.545833 0.564453 0.033333 0.013281
0 0.243056 0.659375 0.072222 0.037500
0 0.666667 0.589063 0.033333 0.017188
0 0.805556 0.675000 0.030556 0.023438
0 0.702778 0.642578 0.027778 0.025781
0 0.101389 0.444141 0.025000 0.010156
0 0.079167 0.255078 0.019444 0.007031
0 0.014583 0.306250 0.029167 0.018750
0 0.484028 0.279297 0.031944 0.010156
0 0.154167 0.007812 0.025000 0.014063
0 0.263889 0.055469 0.036111 0.025000
0 0.075000 0.328906 0.027778 0.012500