0 0.345833 0.726172 0.061111 0.039844
0 0.334722 0.475781 0.038889 0.025000
0 0.325694 0.454688 0.031944 0.021875
0 0.275000 0.465234 0.047222 0.016406
0 0.320139 0.492578 0.065278 0.036719
0 0.363889 0.403125 0.041667 0.021875
0 0.270139 0.323437 0.045833 0.029687
0 0.285417 0.243359 0.045833 0.030469
0 0.326389 0.247656 0.041667 0.031250
0 0.261111 0.194531 0.044444 0.020313
0 0.340972 0.152344 0.045833 0.025000
0 0.378472 0.155078 0.029167 0.022656
0 0.405556 0.158203 0.016667 0.022656
0 0.413194 0.239063 0.037500 0.026562
0 0.456944 0.236719 0.047222 0.028125
0 0.386111 0.272656 0.050000 0.028125
0 0.420833 0.302734 0.041667 0.024219
0 0.388889 0.300781 0.019444 0.018750
0 0.453472 0.330078 0.026389 0.017969
0 0.341667 0.338672 0.047222 0.019531
0 0.293750 0.385937 0.034722 0.015625
0 0.212500 0.404687 0.025000 0.015625
0 0.463194 0.388281 0.018056 0.014063
0 0.569444 0.422656 0.038889 0.021875
0 0.542361 0.442578 0.037500 0.019531
0 0.484722 0.469141 0.038889 0.021094
0 0.527778 0.571094 0.036111 0.018750
0 0.517361 0.593359 0.037500 0.019531
0 0.565278 0.567187 0.036111 0.023438
0 0.109722 0.470313 0.050000 0.026562
0 0.199306 0.625781 0.034722 0.021875
0 0.177778 0.610156 0.030556 0.017188
0 0.305556 0.557031 0.038889 0.014063
0 0.773611 0.649219 0.055556 0.031250
0 0.784028 0.682422 0.043056 0.027344
0 0.756944 0.698438 0.033333 0.014063
0 0.473611 0.039453 0.061111 0.032031
0 0.455556 0.198437 0.025000 0.021875
0 0.468750 0.212109 0.020833 0.016406
0 0.502083 0.231250 0.020833 0.015625
0 0.550694 0.250781 0.020833 0.017188
0 0.486806 0.421484 0.034722 0.013281
0 0.577083 0.437109 0.029167 0.013281
0 0.388889 0.726172 0.027778 0.025781
0 0.981250 0.687891 0.034722 0.025781
0 0.925000 0.610938 0.033333 0.014063
0 0.984028 0.744141 0.029167 0.016406
0 0.570139 0.607031 0.043056 0.028125
0 0.831944 0.552734 0.041667 0.016406
0 0.971528 0.530078 0.026389 0.014844
0 0.983333 0.555078 0.030556 0.016406
0 0.922222 0.471094 0.027778 0.015625
0 0.993056 0.480078 0.011111 0.013281