0 0.093750 0.075781 0.054167 0.031250
0 0.439583 0.050000 0.079167 0.051562
0 0.489583 0.067969 0.068056 0.045312
0 0.699306 0.028906 0.073611 0.040625
0 0.673611 0.088672 0.066667 0.033594
0 0.575694 0.101953 0.068056 0.041406
0 0.525694 0.138281 0.068056 0.048438
0 0.562500 0.140625 0.027778 0.037500
0 0.929861 0.166406 0.059722 0.031250
0 0.915278 0.117578 0.047222 0.025781
0 0.953472 0.025000 0.068056 0.043750
0 0.970833 0.074609 0.055556 0.038281
0 0.965278 0.094141 0.061111 0.025781
0 0.913194 0.189453 0.048611 0.035156
0 0.973611 0.241016 0.050000 0.035156
0 0.844444 0.274609 0.044444 0.028906
0 0.861111 0.278125 0.038889 0.028125
0 0.446528 0.112891 0.059722 0.039844
0 0.364583 0.086328 0.056944 0.025781
0 0.381944 0.180078 0.050000 0.027344
0 0.346528 0.194922 0.045833 0.036719
0 0.288889 0.196875 0.047222 0.040625
0 0.225000 0.215234 0.063889 0.035156
0 0.167361 0.227734 0.059722 0.030469
0 0.159722 0.246484 0.041667 0.019531
0 0.380556 0.336719 0.041667 0.025000
0 0.724306 0.318359 0.076389 0.053906
0 0.790972 0.330078 0.059722 0.030469
0 0.986111 0.456641 0.025000 0.044531
0 0.931250 0.403906 0.034722 0.020313
0 0.844444 0.193750 0.041667 0.021875
0 0.889583 0.045703 0.026389 0.014844
0 0.040972 0.101953 0.048611 0.030469
0 0.019444 0.080859 0.027778 0.027344
0 0.350694 0.021875 0.031944 0.025000
0 0.311806 0.135937 0.059722 0.018750
0 0.420833 0.139063 0.052778 0.028125
0 0.480556 0.189453 0.061111 0.028906
0 0.338194 0.161719 0.048611 0.029687
0 0.276389 0.080469 0.044444 0.014063
0 0.129167 0.046875 0.030556 0.014063
0 0.523611 0.439063 0.055556 0.029687
0 0.935417 0.278516 0.037500 0.019531
0 0.954861 0.266406 0.029167 0.018750
0 0.543750 0.227344 0.056944 0.028125
0 0.336806 0.041406 0.037500 0.017188
0 0.015278 0.147266 0.027778 0.017969
0 0.139583 0.173828 0.068056 0.032031
0 0.109028 0.304297 0.045833 0.021094
0 0.124306 0.313281 0.026389 0.014063
0 0.152083 0.394141 0.034722 0.021094
0 0.245833 0.423438 0.038889 0.018750
0 0.025694 0.323047 0.034722 0.019531
0 0.038194 0.294531 0.043056 0.014063
0 0.090972 0.273438 0.040278 0.029687
0 0.081944 0.341016 0.019444 0.011719
0 0.083333 0.353125 0.022222 0.012500
0 0.228472 0.455469 0.040278 0.015625
0 0.242361 0.483203 0.043056 0.025781
0 0.349306 0.513672 0.045833 0.022656
0 0.596528 0.584766 0.051389 0.027344
0 0.720833 0.568359 0.061111 0.028906
0 0.845139 0.659766 0.070833 0.039844
0 0.986111 0.652344 0.022222 0.037500
0 0.822222 0.698438 0.058333 0.035937
0 0.985417 0.730078 0.026389 0.028906
0 0.273611 0.683984 0.055556 0.032031
0 0.325694 0.636719 0.043056 0.026562
0 0.404167 0.590234 0.030556 0.017969
0 0.784028 0.696094 0.037500 0.029687
0 0.028472 0.680078 0.043056 0.021094
0 0.470139 0.467969 0.029167 0.018750
0 0.994444 0.051562 0.008333 0.017188