0 0.430556 0.681641 0.033333 0.025781
0 0.254167 0.621094 0.025000 0.018750
0 0.056250 0.594922 0.026389 0.022656
0 0.059722 0.530469 0.013889 0.009375
0 0.295139 0.498047 0.018056 0.010156
0 0.157639 0.487891 0.034722 0.014844
0 0.704861 0.440625 0.018056 0.009375
0 0.727778 0.449609 0.038889 0.017969
0 0.538889 0.399609 0.022222 0.008594
0 0.097917 0.450781 0.045833 0.023438
0 0.095139 0.469141 0.018056 0.011719
0 0.052083 0.470703 0.034722 0.008594
0 0.034722 0.448437 0.055556 0.029687
0 0.190972 0.389844 0.037500 0.018750
0 0.031250 0.343359 0.040278 0.019531
0 0.085417 0.348438 0.031944 0.026562
0 0.151389 0.401562 0.016667 0.015625
0 0.122917 0.325000 0.040278 0.026562
0 0.168056 0.332813 0.047222 0.017188
0 0.173611 0.319531 0.022222 0.006250
0 0.170833 0.307422 0.036111 0.021094
0 0.128472 0.312891 0.026389 0.013281
0 0.153472 0.296484 0.018056 0.007031
0 0.079167 0.278906 0.044444 0.020313
0 0.113194 0.275391 0.026389 0.010156
0 0.102778 0.257031 0.038889 0.018750
0 0.175694 0.200781 0.040278 0.025000
0 0.082639 0.152734 0.051389 0.021094
0 0.009028 0.046094 0.018056 0.025000
0 0.703472 0.207813 0.043056 0.026562
0 0.743750 0.218359 0.043056 0.024219
0 0.799306 0.516406 0.029167 0.012500
0 0.695833 0.133984 0.033333 0.021094
0 0.544444 0.107031 0.038889 0.023438
0 0.572917 0.058594 0.051389 0.032813
0 0.539583 0.075781 0.051389 0.025000
0 0.496528 0.075391 0.045833 0.025781
0 0.510417 0.046094 0.048611 0.020313
0 0.268750 0.708984 0.043056 0.030469