0 0.598611 0.056641 0.047222 0.028906
0 0.648611 0.085938 0.055556 0.032813
0 0.642361 0.113281 0.054167 0.021875
0 0.700000 0.131641 0.044444 0.030469
0 0.656250 0.140625 0.048611 0.032813
0 0.627083 0.165625 0.040278 0.029687
0 0.645139 0.217188 0.054167 0.032813
0 0.700694 0.221484 0.051389 0.021094
0 0.750694 0.211328 0.023611 0.019531
0 0.595139 0.226172 0.040278 0.016406
0 0.559028 0.233594 0.015278 0.012500
0 0.572222 0.241406 0.022222 0.010937
0 0.738194 0.262109 0.056944 0.028906
0 0.917361 0.342578 0.056944 0.028906
0 0.977083 0.359375 0.043056 0.026562
0 0.684722 0.263281 0.036111 0.032813
0 0.654167 0.279687 0.041667 0.023438
0 0.713889 0.274219 0.025000 0.034375
0 0.613194 0.307031 0.034722 0.028125
0 0.631250 0.259375 0.040278 0.009375
0 0.470833 0.347656 0.041667 0.018750
0 0.514583 0.353906 0.034722 0.015625
0 0.504861 0.320312 0.043056 0.009375
0 0.557639 0.630859 0.054167 0.030469
0 0.729167 0.651172 0.061111 0.032031
0 0.610417 0.669922 0.065278 0.032031
0 0.570833 0.710156 0.061111 0.037500
0 0.625000 0.698828 0.044444 0.032031
0 0.631944 0.739062 0.027778 0.023438
0 0.821528 0.624219 0.065278 0.039062
0 0.770833 0.601562 0.080556 0.026562
0 0.413194 0.583594 0.056944 0.029687
0 0.475000 0.753906 0.044444 0.018750
0 0.443750 0.694531 0.045833 0.021875
0 0.459028 0.676172 0.048611 0.027344
0 0.387500 0.636719 0.027778 0.023438
0 0.276389 0.634375 0.044444 0.028125
0 0.165972 0.739062 0.040278 0.023438
0 0.243056 0.801953 0.052778 0.021094
0 0.103472 0.796875 0.020833 0.014063
0 0.268750 0.538672 0.048611 0.030469
0 0.245139 0.514844 0.051389 0.015625
0 0.078472 0.467187 0.045833 0.026562
0 0.109028 0.471094 0.037500 0.026562
0 0.115278 0.582422 0.033333 0.019531
0 0.172222 0.560937 0.052778 0.028125
0 0.208333 0.551172 0.019444 0.027344
0 0.134028 0.605859 0.031944 0.016406
0 0.035417 0.525000 0.056944 0.034375
0 0.954861 0.890234 0.065278 0.028906
0 0.931250 0.871484 0.056944 0.024219
0 0.872222 0.685156 0.027778 0.014063
0 0.806250 0.514062 0.034722 0.028125
0 0.640278 0.450000 0.036111 0.021875
0 0.018056 0.315625 0.036111 0.017188
0 0.619444 0.391797 0.030556 0.025781
0 0.560417 0.382812 0.043056 0.028125
0 0.417361 0.443750 0.026389 0.014063
0 0.463194 0.585156 0.054167 0.029687
0 0.434028 0.506250 0.026389 0.012500
0 0.104167 0.675781 0.044444 0.017188
0 0.017361 0.682031 0.031944 0.015625
0 0.901389 0.560937 0.036111 0.014063