0 0.356250 0.323437 0.048611 0.023438
0 0.349306 0.354687 0.043056 0.023438
0 0.411806 0.357812 0.051389 0.025000
0 0.262500 0.411719 0.055556 0.029687
0 0.261111 0.482422 0.019444 0.021094
0 0.243750 0.518750 0.037500 0.032813
0 0.376389 0.616797 0.044444 0.025781
0 0.530556 0.616016 0.055556 0.030469
0 0.490278 0.682422 0.061111 0.025781
0 0.574306 0.691797 0.040278 0.019531
0 0.354167 0.701172 0.055556 0.028906
0 0.553472 0.745703 0.043056 0.028906
0 0.278472 0.783984 0.059722 0.036719
0 0.450694 0.799219 0.048611 0.032813
0 0.400000 0.842969 0.047222 0.018750
0 0.480556 0.861719 0.036111 0.029687
0 0.499306 0.813281 0.054167 0.026562
0 0.572917 0.897266 0.040278 0.014844
0 0.521528 0.890234 0.029167 0.016406
0 0.666667 0.621484 0.036111 0.019531
0 0.127778 0.827344 0.072222 0.039062
0 0.413194 0.666797 0.034722 0.016406
0 0.380556 0.818750 0.058333 0.026562
0 0.313194 0.339062 0.029167 0.014063
0 0.270833 0.521875 0.027778 0.012500
0 0.613889 0.618750 0.047222 0.015625
0 0.369444 0.653125 0.036111 0.020313
0 0.393056 0.725000 0.058333 0.021875
0 0.488889 0.735156 0.058333 0.028125
0 0.543750 0.710547 0.031944 0.024219
0 0.602778 0.740625 0.038889 0.023438
0 0.082639 0.937109 0.056944 0.028906
0 0.307639 0.854297 0.020833 0.017969
0 0.521528 0.791016 0.020833 0.013281
0 0.669444 0.739062 0.041667 0.023438
0 0.879861 0.963672 0.048611 0.032031
0 0.943056 0.963281 0.027778 0.023438
0 0.635417 0.914844 0.031944 0.020313
0 0.493056 0.473438 0.038889 0.021875