0 0.212500 0.708594 0.058333 0.031250
0 0.259722 0.595313 0.066667 0.035937
0 0.415278 0.561328 0.061111 0.036719
0 0.465972 0.600000 0.048611 0.023438
0 0.477778 0.623437 0.047222 0.017188
0 0.718750 0.675781 0.043056 0.020313
0 0.677778 0.668359 0.038889 0.019531
0 0.606944 0.666406 0.019444 0.015625
0 0.631944 0.644922 0.044444 0.028906
0 0.670139 0.620703 0.029167 0.025781
0 0.595139 0.579688 0.045833 0.034375
0 0.633333 0.595703 0.036111 0.030469
0 0.680556 0.549609 0.013889 0.011719
0 0.738889 0.532422 0.052778 0.032031
0 0.552778 0.516016 0.013889 0.019531
0 0.657639 0.467969 0.070833 0.032813
0 0.652083 0.493750 0.034722 0.020313
0 0.708333 0.391406 0.061111 0.034375
0 0.756944 0.412109 0.038889 0.022656
0 0.463194 0.476562 0.054167 0.021875
0 0.525694 0.448047 0.048611 0.022656
0 0.477778 0.432422 0.052778 0.024219
0 0.503472 0.398438 0.045833 0.026562
0 0.357639 0.276562 0.056944 0.037500
0 0.507639 0.041016 0.056944 0.028906
0 0.445139 0.053906 0.029167 0.020313
0 0.509722 0.077344 0.061111 0.032813
0 0.587500 0.082812 0.058333 0.025000
0 0.425694 0.141406 0.062500 0.039062
0 0.397917 0.235547 0.056944 0.030469
0 0.470833 0.393359 0.019444 0.013281
0 0.450694 0.439063 0.026389 0.017188
0 0.394444 0.269922 0.047222 0.035156
0 0.609028 0.222656 0.026389 0.021875
0 0.655556 0.232422 0.036111 0.027344
0 0.709722 0.486719 0.041667 0.018750
0 0.497917 0.504687 0.059722 0.020313
0 0.422917 0.533594 0.026389 0.015625
0 0.034722 0.748047 0.063889 0.028906
0 0.619444 0.778125 0.063889 0.032813
0 0.671528 0.787109 0.059722 0.038281
0 0.827083 0.791797 0.037500 0.035156
0 0.943750 0.741797 0.054167 0.027344
0 0.781250 0.700000 0.059722 0.023438
0 0.870139 0.699609 0.043056 0.019531
0 0.832639 0.524219 0.045833 0.021875
0 0.799306 0.532422 0.018056 0.017969