0 0.126389 0.136328 0.033333 0.019531
0 0.156944 0.140625 0.027778 0.018750
0 0.193750 0.150000 0.026389 0.014063
0 0.211111 0.128906 0.027778 0.017188
0 0.241667 0.125391 0.033333 0.017969
0 0.243056 0.145703 0.027778 0.014844
0 0.267361 0.150781 0.020833 0.014063
0 0.248611 0.190234 0.027778 0.016406
0 0.281250 0.169922 0.031944 0.017969
0 0.074306 0.353516 0.037500 0.017969
0 0.004861 0.435156 0.009722 0.017188
0 0.152083 0.283594 0.023611 0.020313
0 0.199306 0.287500 0.023611 0.017188
0 0.224306 0.291797 0.031944 0.019531
0 0.263889 0.275000 0.033333 0.021875
0 0.260417 0.288672 0.026389 0.016406
0 0.315972 0.303516 0.031944 0.016406
0 0.029861 0.416797 0.026389 0.019531
0 0.067361 0.445703 0.031944 0.021094
0 0.110417 0.470313 0.037500 0.023438
0 0.144444 0.464844 0.044444 0.021875
0 0.194444 0.451953 0.047222 0.028906
0 0.037500 0.524609 0.033333 0.019531
0 0.068056 0.533984 0.033333 0.014844
0 0.113889 0.553125 0.027778 0.014063
0 0.217361 0.538672 0.040278 0.021094
0 0.394444 0.051172 0.027778 0.017969
0 0.395833 0.066797 0.030556 0.016406
0 0.449306 0.070703 0.026389 0.013281
0 0.470139 0.134375 0.029167 0.012500
0 0.411111 0.185938 0.044444 0.029687
0 0.365972 0.196094 0.045833 0.029687
0 0.405556 0.214062 0.044444 0.021875
0 0.483333 0.196875 0.036111 0.026562
0 0.311111 0.248828 0.047222 0.025781
0 0.354861 0.253125 0.045833 0.028125
0 0.412500 0.254297 0.041667 0.025781
0 0.457639 0.259766 0.043056 0.021094
0 0.540972 0.097266 0.034722 0.019531
0 0.554167 0.112109 0.030556 0.016406
0 0.598611 0.121094 0.036111 0.015625
0 0.674306 0.146484 0.029167 0.021094
0 0.571528 0.210547 0.048611 0.033594
0 0.925694 0.177344 0.023611 0.014063
0 0.808333 0.235937 0.038889 0.020313
0 0.764583 0.239063 0.037500 0.023438
0 0.400000 0.280859 0.038889 0.021094
0 0.378472 0.285156 0.023611 0.017188
0 0.412500 0.294922 0.041667 0.022656
0 0.454167 0.304297 0.030556 0.022656
0 0.492361 0.323828 0.031944 0.019531
0 0.300694 0.506250 0.040278 0.023438
0 0.361111 0.506641 0.025000 0.014844
0 0.304861 0.407031 0.056944 0.025000
0 0.350000 0.437109 0.050000 0.028906
0 0.480556 0.441016 0.033333 0.017969
0 0.417361 0.475391 0.012500 0.010156
0 0.406944 0.523828 0.044444 0.025781
0 0.482639 0.517969 0.045833 0.021875
0 0.430556 0.622656 0.011111 0.014063
0 0.417361 0.606250 0.026389 0.015625
0 0.522917 0.645312 0.023611 0.017188
0 0.766667 0.264844 0.044444 0.025000
0 0.698611 0.278906 0.050000 0.025000
0 0.675694 0.322656 0.040278 0.025000
0 0.663889 0.340625 0.036111 0.018750
0 0.764583 0.343750 0.040278 0.025000
0 0.534028 0.546875 0.037500 0.021875
0 0.655556 0.514062 0.041667 0.021875
0 0.622222 0.536328 0.030556 0.021094
0 0.642361 0.548438 0.040278 0.025000
0 0.556250 0.578906 0.037500 0.020313
0 0.540972 0.600000 0.020833 0.017188
0 0.575694 0.460547 0.018056 0.010156
0 0.664583 0.458984 0.026389 0.013281
0 0.596528 0.724219 0.023611 0.017188
0 0.652778 0.711328 0.025000 0.014844
0 0.606944 0.740234 0.030556 0.011719
0 0.777083 0.658984 0.020833 0.008594
0 0.708333 0.624219 0.041667 0.020313
0 0.911806 0.607031 0.037500 0.018750
0 0.840278 0.584375 0.033333 0.018750
0 0.193056 0.117578 0.025000 0.010156
0 0.266667 0.105859 0.022222 0.010156
0 0.318750 0.148828 0.029167 0.017969
0 0.354861 0.149609 0.045833 0.014844
0 0.538194 0.077344 0.037500 0.020313
0 0.176389 0.139063 0.022222 0.009375
0 0.704861 0.149219 0.031944 0.023438
0 0.577778 0.100000 0.025000 0.015625
0 0.485417 0.291016 0.023611 0.021094
0 0.837500 0.357812 0.041667 0.020313
0 0.790972 0.367188 0.037500 0.017188
0 0.959028 0.413281 0.023611 0.009375
0 0.935417 0.518359 0.043056 0.021094
0 0.819444 0.534766 0.022222 0.011719
0 0.910417 0.501172 0.040278 0.022656
0 0.973611 0.606641 0.027778 0.008594
0 0.195139 0.508984 0.034722 0.019531
0 0.115278 0.413281 0.047222 0.018750
0 0.099306 0.389062 0.031944 0.017188
0 0.165972 0.382031 0.031944 0.018750
0 0.137500 0.406250 0.030556 0.021875
0 0.229167 0.405469 0.030556 0.014063
0 0.281944 0.417969 0.025000 0.009375
0 0.023611 0.360156 0.019444 0.015625
0 0.045833 0.363281 0.025000 0.010937
0 0.011111 0.332031 0.016667 0.007812
0 0.185417 0.271484 0.051389 0.022656
0 0.122222 0.580078 0.025000 0.014844
0 0.076389 0.611328 0.019444 0.014844
0 0.047917 0.633594 0.018056 0.009375
0 0.667361 0.719922 0.009722 0.010156
0 0.422917 0.118359 0.029167 0.013281
0 0.337500 0.220703 0.038889 0.028906
0 0.322917 0.265625 0.034722 0.014063