0 0.429861 0.127734 0.043056 0.025781
0 0.451389 0.151953 0.033333 0.022656
0 0.494444 0.157812 0.055556 0.035937
0 0.543750 0.149219 0.056944 0.032813
0 0.500694 0.178516 0.020833 0.010156
0 0.589583 0.310547 0.037500 0.019531
0 0.635417 0.301563 0.034722 0.026562
0 0.643750 0.321094 0.020833 0.012500
0 0.555556 0.330078 0.044444 0.024219
0 0.509722 0.345703 0.061111 0.036719
0 0.437500 0.375391 0.055556 0.028906
0 0.408333 0.397656 0.036111 0.023438
0 0.695833 0.420312 0.027778 0.025000
0 0.677778 0.426953 0.038889 0.024219
0 0.467361 0.438281 0.023611 0.018750
0 0.354167 0.560937 0.044444 0.029687
0 0.511111 0.489453 0.052778 0.033594
0 0.553472 0.483984 0.068056 0.033594
0 0.629167 0.504687 0.041667 0.026562
0 0.706250 0.491797 0.040278 0.024219
0 0.734722 0.488672 0.019444 0.019531
0 0.561111 0.578906 0.066667 0.035937
0 0.437500 0.599609 0.044444 0.013281
0 0.532639 0.627344 0.068056 0.032813
0 0.585417 0.611328 0.040278 0.028906
0 0.630556 0.597266 0.055556 0.033594
0 0.665278 0.619141 0.041667 0.019531
0 0.590972 0.662891 0.034722 0.021094
0 0.500694 0.654687 0.037500 0.025000
0 0.593056 0.706641 0.038889 0.024219
0 0.637500 0.672656 0.044444 0.025000
0 0.663194 0.785547 0.062500 0.039844
0 0.313889 0.875781 0.058333 0.034375
0 0.281250 0.769531 0.043056 0.018750
0 0.715278 0.957812 0.063889 0.035937
0 0.531250 0.039453 0.048611 0.030469
0 0.109028 0.865625 0.040278 0.020313
0 0.458333 0.861719 0.036111 0.017188
0 0.317361 0.764062 0.029167 0.017188
0 0.709028 0.621875 0.040278 0.018750
0 0.987500 0.674219 0.019444 0.015625
0 0.384722 0.608984 0.038889 0.019531