0 0.272222 0.598437 0.044444 0.026562
0 0.227083 0.622266 0.034722 0.017969
0 0.270833 0.625391 0.050000 0.027344
0 0.731250 0.707422 0.056944 0.030469
0 0.695139 0.675391 0.059722 0.036719
0 0.642361 0.537891 0.040278 0.027344
0 0.689583 0.543359 0.043056 0.022656
0 0.952083 0.570312 0.054167 0.026562
0 0.913889 0.529297 0.047222 0.021094
0 0.947917 0.513672 0.037500 0.024219
0 0.990278 0.486328 0.016667 0.022656
0 0.904861 0.451172 0.051389 0.028906
0 0.762500 0.432812 0.044444 0.018750
0 0.819444 0.406641 0.052778 0.028906
0 0.920139 0.375781 0.045833 0.020313
0 0.981250 0.376953 0.031944 0.021094
0 0.954861 0.364453 0.034722 0.019531
0 0.929167 0.285547 0.041667 0.016406
0 0.927083 0.312109 0.029167 0.017969
0 0.826389 0.276562 0.038889 0.028125
0 0.708333 0.305469 0.027778 0.014063
0 0.776389 0.288672 0.047222 0.024219
0 0.763194 0.228125 0.054167 0.032813
0 0.807639 0.202734 0.048611 0.027344
0 0.755556 0.200781 0.047222 0.020313
0 0.829861 0.180859 0.056944 0.028906
0 0.793056 0.255469 0.038889 0.015625
0 0.727778 0.272266 0.036111 0.014844
0 0.948611 0.176953 0.052778 0.022656
0 0.933333 0.148047 0.030556 0.010156
0 0.853472 0.071094 0.043056 0.031250
0 0.768750 0.031250 0.026389 0.010937
0 0.768056 0.005859 0.016667 0.010156
0 0.568750 0.712109 0.040278 0.017969
0 0.824306 0.223047 0.065278 0.027344
0 0.590972 0.371875 0.020833 0.015625
0 0.627778 0.364453 0.016667 0.008594
0 0.720833 0.471094 0.050000 0.025000