0 0.044444 0.621484 0.050000 0.030469
0 0.160417 0.441406 0.043056 0.021875
0 0.455556 0.056641 0.044444 0.022656
0 0.420833 0.085156 0.041667 0.021875
0 0.411111 0.123828 0.041667 0.025781
0 0.409722 0.151172 0.050000 0.024219
0 0.421528 0.176172 0.031944 0.019531
0 0.345833 0.211328 0.033333 0.021094
0 0.554861 0.150781 0.056944 0.028125
0 0.507639 0.140625 0.037500 0.029687
0 0.455556 0.119531 0.041667 0.017188
0 0.497222 0.114453 0.041667 0.024219
0 0.393056 0.201563 0.033333 0.018750
0 0.622222 0.149609 0.044444 0.025781
0 0.662500 0.158984 0.041667 0.025781
0 0.756944 0.201953 0.044444 0.025781
0 0.764583 0.171875 0.043056 0.020313
0 0.810417 0.198437 0.054167 0.023438
0 0.823611 0.225781 0.052778 0.026562
0 0.791667 0.219141 0.036111 0.019531
0 0.871528 0.225000 0.037500 0.020313
0 0.743750 0.151172 0.040278 0.027344
0 0.615278 0.115234 0.047222 0.022656
0 0.484722 0.336328 0.047222 0.019531
0 0.517361 0.376953 0.043056 0.024219
0 0.652778 0.343750 0.027778 0.020313
0 0.560417 0.330078 0.040278 0.014844
0 0.625694 0.439063 0.034722 0.023438
0 0.674306 0.436719 0.034722 0.025000
0 0.936806 0.566016 0.062500 0.035156
0 0.379861 0.604688 0.043056 0.029687
0 0.347917 0.564063 0.048611 0.026562
0 0.362500 0.513281 0.047222 0.023438
0 0.352778 0.539062 0.027778 0.020313
0 0.174306 0.407422 0.031944 0.016406
0 0.134028 0.393359 0.020833 0.010156
0 0.350000 0.412109 0.027778 0.016406
0 0.494444 0.400781 0.038889 0.017188
0 0.524306 0.428516 0.034722 0.027344
0 0.518750 0.473828 0.040278 0.010156
0 0.674306 0.354297 0.029167 0.021094
0 0.665972 0.367188 0.037500 0.007812
0 0.739583 0.446484 0.023611 0.022656
0 0.667361 0.310156 0.037500 0.018750
0 0.573611 0.181250 0.025000 0.020313
0 0.546528 0.230078 0.023611 0.021094
0 0.385417 0.083203 0.029167 0.024219
0 0.532639 0.171875 0.031944 0.026562
0 0.422917 0.246484 0.043056 0.024219
0 0.436806 0.263672 0.043056 0.014844
0 0.618056 0.217578 0.036111 0.017969
0 0.821528 0.178125 0.031944 0.021875
0 0.684722 0.151953 0.036111 0.021094
0 0.641667 0.357422 0.033333 0.017969
0 0.625694 0.340234 0.031944 0.017969
0 0.715972 0.309375 0.029167 0.023438
0 0.405556 0.410156 0.030556 0.014063
0 0.500000 0.382812 0.036111 0.020313
0 0.045139 0.340234 0.026389 0.014844
0 0.029861 0.603516 0.034722 0.021094
0 0.061111 0.601953 0.038889 0.016406
0 0.118750 0.578516 0.029167 0.022656
0 0.067361 0.582422 0.034722 0.019531
0 0.249306 0.578906 0.040278 0.017188
0 0.557639 0.708984 0.040278 0.032031
0 0.563889 0.661328 0.038889 0.024219
0 0.627083 0.667188 0.051389 0.029687
0 0.545139 0.494922 0.043056 0.014844
0 0.654861 0.453125 0.031944 0.015625
0 0.698611 0.354687 0.019444 0.010937
0 0.864583 0.466406 0.023611 0.014063
0 0.859028 0.483984 0.023611 0.021094
0 0.900000 0.476172 0.013889 0.019531
0 0.937500 0.447266 0.027778 0.014844
0 0.965278 0.451172 0.033333 0.011719
0 0.977083 0.432031 0.026389 0.017188