0 0.381250 0.144922 0.037500 0.021094
0 0.434722 0.158984 0.041667 0.024219
0 0.470139 0.162500 0.029167 0.018750
0 0.502778 0.157422 0.033333 0.021094
0 0.497917 0.200000 0.029167 0.020313
0 0.475000 0.203125 0.019444 0.007812
0 0.428472 0.175391 0.023611 0.013281
0 0.404167 0.264062 0.038889 0.017188
0 0.392361 0.243359 0.043056 0.021094
0 0.431944 0.292578 0.027778 0.016406
0 0.506250 0.274609 0.023611 0.014844
0 0.521528 0.266016 0.026389 0.016406
0 0.533333 0.235156 0.022222 0.012500
0 0.369444 0.277734 0.025000 0.014844
0 0.355556 0.275781 0.013889 0.014063
0 0.486111 0.307422 0.025000 0.017969
0 0.518750 0.306641 0.031944 0.021094
0 0.490972 0.325391 0.031944 0.016406
0 0.512500 0.325000 0.022222 0.018750
0 0.447222 0.536328 0.044444 0.025781
0 0.423611 0.527344 0.038889 0.012500
0 0.514583 0.486328 0.040278 0.025781
0 0.662500 0.392969 0.025000 0.014063
0 0.653472 0.411328 0.018056 0.013281
0 0.672222 0.422266 0.036111 0.017969
0 0.384028 0.641797 0.037500 0.014844
0 0.295833 0.482031 0.033333 0.015625
0 0.264583 0.475781 0.029167 0.018750
0 0.625000 0.632031 0.027778 0.015625
0 0.642361 0.624219 0.023611 0.014063
0 0.645833 0.609375 0.036111 0.020313
0 0.627083 0.603125 0.023611 0.017188
0 0.617361 0.624609 0.029167 0.013281
0 0.848611 0.540234 0.036111 0.019531
0 0.802083 0.453516 0.034722 0.022656
0 0.821528 0.427734 0.026389 0.016406
0 0.770139 0.449609 0.026389 0.014844
0 0.735417 0.398828 0.029167 0.017969
0 0.987500 0.457031 0.022222 0.023438
0 0.945833 0.421875 0.027778 0.010937
0 0.320833 0.440625 0.033333 0.020313
0 0.460417 0.445312 0.043056 0.018750
0 0.741667 0.465234 0.038889 0.011719
0 0.700000 0.608203 0.022222 0.013281
0 0.482639 0.347266 0.015278 0.016406
0 0.563194 0.197266 0.015278 0.008594
0 0.945833 0.246094 0.047222 0.023438
0 0.947917 0.261719 0.040278 0.012500
0 0.962500 0.411328 0.016667 0.013281
0 0.506250 0.168750 0.018056 0.010937
0 0.398611 0.360938 0.027778 0.014063
0 0.012500 0.181641 0.025000 0.024219
0 0.011111 0.248438 0.022222 0.009375
0 0.018056 0.260547 0.036111 0.016406
0 0.011806 0.274609 0.023611 0.013281
0 0.086111 0.535937 0.036111 0.021875
0 0.149306 0.573828 0.029167 0.017969
0 0.130556 0.574219 0.019444 0.015625
0 0.117361 0.592969 0.031944 0.017188
0 0.152778 0.438672 0.033333 0.019531
0 0.187500 0.439063 0.036111 0.020313
0 0.172222 0.487891 0.036111 0.016406
0 0.840278 0.725781 0.044444 0.028125
0 0.966667 0.661719 0.030556 0.009375
0 0.983333 0.673438 0.027778 0.017188
0 0.337500 0.451953 0.027778 0.016406
0 0.836111 0.474219 0.030556 0.014063