0 0.502083 0.625781 0.043056 0.018750
0 0.370139 0.614844 0.045833 0.021875
0 0.218056 0.601562 0.052778 0.029687
0 0.586806 0.537891 0.043056 0.022656
0 0.251389 0.529687 0.025000 0.026562
0 0.415972 0.503906 0.043056 0.026562
0 0.525694 0.508203 0.040278 0.022656
0 0.492361 0.519531 0.026389 0.018750
0 0.231944 0.571484 0.033333 0.021094
0 0.389583 0.510156 0.029167 0.017188
0 0.113889 0.438281 0.027778 0.014063
0 0.139583 0.449609 0.020833 0.010156
0 0.595833 0.494531 0.030556 0.020313
0 0.627083 0.460938 0.043056 0.026562
0 0.561111 0.443750 0.033333 0.018750
0 0.478472 0.412500 0.020833 0.009375
0 0.086111 0.360938 0.027778 0.009375
0 0.479167 0.427344 0.025000 0.006250
0 0.530556 0.333203 0.044444 0.013281
0 0.549306 0.285156 0.040278 0.021875
0 0.530556 0.268750 0.036111 0.021875
0 0.363194 0.139844 0.031944 0.021875
0 0.390972 0.122266 0.026389 0.016406
0 0.313889 0.425391 0.013889 0.008594
0 0.468750 0.123828 0.031944 0.013281
0 0.224306 0.540234 0.012500 0.010156