0 0.197222 0.612891 0.025000 0.019531
0 0.277083 0.500000 0.031944 0.014063
0 0.159028 0.460547 0.059722 0.027344
0 0.215972 0.462891 0.048611 0.025781
0 0.020139 0.382031 0.040278 0.028125
0 0.006250 0.405859 0.012500 0.017969
0 0.140972 0.353125 0.045833 0.018750
0 0.209722 0.358203 0.044444 0.024219
0 0.249306 0.330469 0.054167 0.032813
0 0.285417 0.348438 0.043056 0.015625
0 0.277778 0.315234 0.033333 0.021094
0 0.192361 0.284766 0.054167 0.019531
0 0.026389 0.268359 0.041667 0.024219
0 0.204861 0.263281 0.034722 0.017188
0 0.282639 0.203125 0.037500 0.025000
0 0.818750 0.200391 0.037500 0.025781
0 0.858333 0.210938 0.050000 0.029687
0 0.816667 0.126172 0.038889 0.021094
0 0.031250 0.201953 0.062500 0.033594
0 0.040972 0.154297 0.051389 0.025781
0 0.055556 0.173437 0.036111 0.012500
0 0.018056 0.171094 0.030556 0.014063
0 0.187500 0.153906 0.047222 0.025000
0 0.084028 0.043359 0.048611 0.028906
0 0.720833 0.047266 0.050000 0.033594
0 0.682639 0.063672 0.045833 0.024219
0 0.634722 0.067187 0.044444 0.025000
0 0.297917 0.394922 0.037500 0.010156
0 0.220139 0.482422 0.015278 0.010156
0 0.268056 0.294922 0.030556 0.022656
0 0.645139 0.035156 0.056944 0.018750
0 0.709028 0.103516 0.040278 0.032031
0 0.197222 0.304688 0.013889 0.014063
0 0.170833 0.436328 0.025000 0.014844
0 0.197917 0.593750 0.023611 0.012500
0 0.147917 0.548438 0.018056 0.012500
0 0.409028 0.731641 0.043056 0.028906
0 0.572222 0.692578 0.041667 0.028906
0 0.858333 0.448437 0.055556 0.028125