0 0.433333 0.358203 0.047222 0.024219
0 0.392361 0.369531 0.026389 0.012500
0 0.494444 0.389453 0.044444 0.024219
0 0.430556 0.384766 0.044444 0.025781
0 0.355556 0.441016 0.050000 0.030469
0 0.343056 0.509375 0.022222 0.023438
0 0.321528 0.544141 0.048611 0.032031
0 0.605556 0.644141 0.052778 0.032031
0 0.432639 0.681641 0.045833 0.025781
0 0.440972 0.640625 0.037500 0.017188
0 0.568056 0.713281 0.055556 0.031250
0 0.421528 0.726953 0.054167 0.027344
0 0.638194 0.775781 0.054167 0.034375
0 0.357639 0.806641 0.059722 0.033594
0 0.203472 0.845313 0.054167 0.039062
0 0.528472 0.825000 0.051389 0.034375
0 0.456944 0.869141 0.038889 0.017969
0 0.559028 0.886328 0.031944 0.028906
0 0.599306 0.914453 0.031944 0.017969
0 0.651389 0.920312 0.050000 0.018750
0 0.550694 0.913281 0.020833 0.021875
0 0.596528 0.816406 0.020833 0.012500
0 0.746528 0.765625 0.029167 0.020313
0 0.725000 0.651563 0.047222 0.018750
0 0.681250 0.642969 0.045833 0.025000
0 0.480556 0.691797 0.036111 0.016406
0 0.651389 0.718359 0.047222 0.021094
0 0.597917 0.735547 0.023611 0.013281
0 0.409028 0.701562 0.031944 0.026562
0 0.685417 0.771875 0.026389 0.026562
0 0.160417 0.958203 0.051389 0.032031
0 0.380556 0.875000 0.022222 0.021875
0 0.429167 0.841797 0.058333 0.032031
0 0.578472 0.836719 0.062500 0.025000
0 0.718750 0.939844 0.031944 0.021875
0 0.950694 0.988281 0.031944 0.020313
0 0.455556 0.752344 0.058333 0.023438