0 0.744444 0.745703 0.050000 0.041406
0 0.681250 0.605469 0.059722 0.034375
0 0.183333 0.476953 0.038889 0.021094
0 0.216667 0.588672 0.033333 0.014844
0 0.113194 0.742578 0.059722 0.030469
0 0.738194 0.175391 0.054167 0.033594
0 0.768750 0.185938 0.054167 0.032813
0 0.565278 0.173047 0.055556 0.033594
0 0.542361 0.183594 0.040278 0.018750
0 0.690278 0.293750 0.055556 0.040625
0 0.559722 0.291797 0.055556 0.022656
0 0.515972 0.244141 0.051389 0.027344
0 0.534028 0.387500 0.062500 0.026562
0 0.520139 0.414453 0.045833 0.028906
0 0.852778 0.555859 0.044444 0.024219
0 0.834722 0.501563 0.052778 0.021875
0 0.884722 0.497656 0.044444 0.018750
0 0.804167 0.403516 0.050000 0.017969
0 0.654167 0.367969 0.036111 0.012500
0 0.584028 0.783594 0.043056 0.025000
0 0.572917 0.240625 0.026389 0.018750
0 0.925694 0.557422 0.026389 0.016406
0 0.194444 0.508984 0.033333 0.016406
0 0.172917 0.788281 0.051389 0.031250
0 0.598611 0.246875 0.025000 0.025000
0 0.094444 0.276562 0.050000 0.028125
0 0.124306 0.291406 0.023611 0.023438
0 0.622917 0.327734 0.045833 0.019531
0 0.422917 0.420312 0.040278 0.023438
0 0.414583 0.696875 0.081944 0.015625
0 0.323611 0.639844 0.025000 0.021875
0 0.523611 0.689453 0.041667 0.027344
0 0.515278 0.804297 0.038889 0.014844
0 0.795139 0.789453 0.065278 0.025781
0 0.852083 0.692578 0.059722 0.052344
0 0.722917 0.707031 0.037500 0.020313
0 0.690278 0.432422 0.044444 0.022656
0 0.782639 0.434766 0.045833 0.014844
0 0.725000 0.489844 0.050000 0.031250
0 0.970833 0.545703 0.038889 0.028906