0 0.548611 0.469531 0.025000 0.014063
0 0.584722 0.467969 0.036111 0.018750
0 0.521528 0.522656 0.051389 0.026562
0 0.485417 0.540234 0.040278 0.021094
0 0.526389 0.597656 0.019444 0.012500
0 0.611111 0.588672 0.044444 0.027344
0 0.639583 0.578516 0.045833 0.024219
0 0.679861 0.653906 0.054167 0.026562
0 0.597222 0.682031 0.052778 0.025000
0 0.230556 0.750781 0.050000 0.029687
0 0.290278 0.762891 0.047222 0.027344
0 0.466667 0.705859 0.041667 0.017969
0 0.512500 0.693750 0.025000 0.014063
0 0.527083 0.784375 0.034722 0.025000
0 0.661111 0.704297 0.044444 0.022656
0 0.743056 0.715234 0.044444 0.033594
0 0.770833 0.740625 0.050000 0.021875
0 0.788194 0.693359 0.048611 0.017969
0 0.559722 0.491797 0.025000 0.019531
0 0.617361 0.512500 0.037500 0.025000
0 0.133333 0.610938 0.038889 0.025000
0 0.125694 0.563281 0.031944 0.023438
0 0.115278 0.285547 0.061111 0.033594
0 0.556944 0.544141 0.038889 0.017969
0 0.613889 0.551172 0.041667 0.025781
0 0.090278 0.567969 0.052778 0.032813
0 0.023611 0.753906 0.038889 0.031250
0 0.477083 0.780469 0.020833 0.020313
0 0.071528 0.271094 0.037500 0.032813
0 0.120833 0.593359 0.027778 0.014844
0 0.089583 0.598828 0.026389 0.016406
0 0.067361 0.750391 0.051389 0.030469
0 0.056944 0.607422 0.030556 0.017969
0 0.301389 0.795312 0.033333 0.017188
0 0.526389 0.663672 0.036111 0.014844
0 0.011806 0.598828 0.018056 0.021094
0 0.068750 0.786719 0.051389 0.032813
0 0.107639 0.789062 0.026389 0.017188
0 0.539583 0.724609 0.045833 0.024219