0 0.507639 0.029297 0.056944 0.033594
0 0.652778 0.055469 0.058333 0.040625
0 0.563194 0.058984 0.023611 0.016406
0 0.623611 0.122656 0.055556 0.032813
0 0.697917 0.160156 0.040278 0.032813
0 0.638889 0.163672 0.055556 0.025781
0 0.589583 0.191016 0.048611 0.035156
0 0.623611 0.201563 0.041667 0.023438
0 0.665972 0.194922 0.040278 0.038281
0 0.534028 0.223438 0.051389 0.032813
0 0.313194 0.255859 0.056944 0.032031
0 0.327778 0.240234 0.038889 0.024219
0 0.257639 0.268359 0.062500 0.033594
0 0.138889 0.308984 0.052778 0.027344
0 0.326389 0.286328 0.072222 0.027344
0 0.558333 0.281250 0.027778 0.023438
0 0.656944 0.254297 0.055556 0.032031
0 0.604861 0.271094 0.062500 0.032813
0 0.608333 0.304297 0.063889 0.038281
0 0.664583 0.310937 0.048611 0.034375
0 0.700000 0.312891 0.030556 0.038281
0 0.732639 0.342969 0.054167 0.034375
0 0.866667 0.330469 0.061111 0.034375
0 0.979861 0.329297 0.037500 0.033594
0 0.415972 0.394531 0.054167 0.023438
0 0.497222 0.410156 0.066667 0.037500
0 0.560417 0.399219 0.068056 0.037500
0 0.545833 0.332813 0.061111 0.035937
0 0.086806 0.417187 0.051389 0.031250
0 0.041667 0.423438 0.055556 0.032813
0 0.010417 0.420703 0.020833 0.028906
0 0.275000 0.439453 0.038889 0.024219
0 0.677083 0.369531 0.056944 0.037500
0 0.634028 0.369531 0.023611 0.023438
0 0.774306 0.394141 0.065278 0.035156
0 0.231250 0.473047 0.048611 0.033594
0 0.038889 0.536719 0.052778 0.028125
0 0.216667 0.512109 0.061111 0.027344
0 0.259028 0.542188 0.045833 0.021875
0 0.412500 0.507422 0.050000 0.022656
0 0.383333 0.540234 0.036111 0.021094
0 0.652083 0.530859 0.048611 0.030469
0 0.693056 0.525781 0.055556 0.035937
0 0.779167 0.492188 0.036111 0.032813
0 0.709028 0.464844 0.031944 0.023438
0 0.553472 0.468359 0.043056 0.028906
0 0.609028 0.467187 0.062500 0.029687
0 0.626389 0.542969 0.033333 0.023438
0 0.498611 0.599219 0.050000 0.026562
0 0.770139 0.544141 0.037500 0.024219
0 0.668750 0.562891 0.020833 0.014844
0 0.608333 0.584375 0.050000 0.025000
0 0.666667 0.596484 0.058333 0.036719
0 0.977778 0.629297 0.041667 0.032031
0 0.858333 0.652734 0.050000 0.032031
0 0.933333 0.637500 0.033333 0.026562
0 0.961806 0.666797 0.037500 0.024219
0 0.752083 0.660156 0.056944 0.042188
0 0.797917 0.683984 0.059722 0.030469
0 0.896528 0.728125 0.037500 0.039062
0 0.831944 0.715234 0.041667 0.028906
0 0.859722 0.683203 0.052778 0.024219
0 0.921528 0.767188 0.034722 0.029687
0 0.652778 0.690625 0.058333 0.035937
0 0.527083 0.640625 0.068056 0.023438
0 0.393750 0.692187 0.048611 0.026562
0 0.472917 0.673828 0.048611 0.025781
0 0.486111 0.751172 0.050000 0.025781
0 0.088194 0.714844 0.051389 0.028125
0 0.335417 0.805078 0.059722 0.027344
0 0.274306 0.730078 0.026389 0.019531
0 0.037500 0.783984 0.061111 0.030469
0 0.015972 0.874609 0.026389 0.036719
0 0.192361 0.869141 0.068056 0.036719
0 0.837500 0.778906 0.050000 0.025000
0 0.947222 0.782813 0.033333 0.020313
0 0.667361 0.929688 0.051389 0.026562
0 0.772917 0.975391 0.076389 0.046094
0 0.928472 0.844141 0.056944 0.032031
0 0.892361 0.866406 0.043056 0.031250
0 0.959722 0.962500 0.044444 0.048438
0 0.846528 0.831641 0.031944 0.017969
0 0.286806 0.921484 0.062500 0.030469
0 0.804167 0.489063 0.044444 0.029687
0 0.625694 0.325391 0.034722 0.017969
0 0.574306 0.003516 0.037500 0.005469
0 0.319444 0.452344 0.030556 0.018750
0 0.113889 0.511719 0.025000 0.014063
0 0.942361 0.877734 0.073611 0.017969
0 0.247222 0.633594 0.027778 0.017188
0 0.906250 0.667578 0.037500 0.030469
0 0.391667 0.875000 0.030556 0.018750