0 0.401389 0.638672 0.052778 0.027344
0 0.339583 0.620703 0.043056 0.016406
0 0.423611 0.529297 0.041667 0.021094
0 0.382639 0.502344 0.029167 0.021875
0 0.420833 0.500391 0.016667 0.011719
0 0.415278 0.676562 0.047222 0.026562
0 0.356944 0.680469 0.027778 0.021875
0 0.308333 0.672656 0.025000 0.017188
0 0.322222 0.646094 0.025000 0.009375
0 0.249306 0.652734 0.031944 0.022656
0 0.497917 0.741406 0.031944 0.015625
0 0.525000 0.689844 0.036111 0.018750
0 0.490972 0.578906 0.031944 0.014063
0 0.387500 0.533594 0.027778 0.015625
0 0.356250 0.557031 0.026389 0.007812
0 0.677778 0.730859 0.033333 0.019531
0 0.720833 0.701953 0.044444 0.024219
0 0.803472 0.675000 0.034722 0.015625
0 0.846528 0.721484 0.040278 0.019531
0 0.850000 0.750391 0.050000 0.019531
0 0.902778 0.707031 0.038889 0.020313
0 0.931944 0.719141 0.041667 0.021094
0 0.861806 0.298438 0.062500 0.026562
0 0.919444 0.275000 0.050000 0.029687
0 0.881250 0.572266 0.043056 0.024219
0 0.856250 0.627734 0.054167 0.027344
0 0.900000 0.725781 0.033333 0.017188
0 0.832639 0.687500 0.020833 0.017188
0 0.921528 0.622656 0.040278 0.028125
0 0.894444 0.628125 0.033333 0.009375
0 0.893750 0.594922 0.054167 0.024219
0 0.915972 0.792969 0.026389 0.017188
0 0.931250 0.672656 0.034722 0.018750
0 0.965278 0.665625 0.036111 0.018750
0 0.993056 0.635547 0.011111 0.008594