0 0.592361 0.031250 0.048611 0.032813
0 0.644444 0.031250 0.047222 0.034375
0 0.595833 0.055469 0.033333 0.015625
0 0.651389 0.153125 0.044444 0.015625
0 0.665972 0.178906 0.040278 0.023438
0 0.695833 0.213281 0.041667 0.025000
0 0.607639 0.236328 0.043056 0.025781
0 0.423611 0.433594 0.063889 0.028125
0 0.604861 0.369141 0.062500 0.028906
0 0.652083 0.456641 0.062500 0.032031
0 0.629861 0.499219 0.062500 0.031250
0 0.588194 0.524219 0.034722 0.017188
0 0.656944 0.569531 0.041667 0.025000
0 0.706250 0.546094 0.054167 0.029687
0 0.472222 0.706250 0.050000 0.029687
0 0.360417 0.726562 0.054167 0.034375
0 0.781944 0.792969 0.050000 0.020313
0 0.280556 0.626953 0.061111 0.022656
0 0.452083 0.622266 0.040278 0.024219
0 0.498611 0.020703 0.050000 0.024219
0 0.534722 0.016016 0.047222 0.021094
0 0.566667 0.622656 0.030556 0.010937
0 0.720139 0.641016 0.056944 0.032031
0 0.578472 0.388672 0.031944 0.022656
0 0.709722 0.383984 0.050000 0.022656
0 0.740972 0.308203 0.031944 0.016406
0 0.271528 0.673047 0.034722 0.025781
0 0.574306 0.825000 0.009722 0.017188
0 0.168750 0.717578 0.037500 0.013281
0 0.650000 0.368750 0.055556 0.032813
0 0.545139 0.254297 0.056944 0.028906
0 0.518750 0.277344 0.048611 0.028125
0 0.653472 0.210938 0.043056 0.031250
0 0.458333 0.478906 0.052778 0.021875
0 0.732639 0.495703 0.040278 0.022656
0 0.780556 0.497266 0.050000 0.019531
0 0.984028 0.553125 0.029167 0.018750
0 0.709722 0.474219 0.047222 0.032813
0 0.675000 0.480469 0.027778 0.023438
0 0.013194 0.726953 0.026389 0.017969