0 0.468056 0.203125 0.052778 0.028125
0 0.543750 0.189844 0.020833 0.020313
0 0.622222 0.200000 0.052778 0.031250
0 0.654167 0.209375 0.050000 0.029687
0 0.462500 0.260547 0.058333 0.025781
0 0.570833 0.308203 0.050000 0.035156
0 0.454861 0.316406 0.034722 0.014063
0 0.523611 0.344141 0.033333 0.016406
0 0.640278 0.395313 0.033333 0.017188
0 0.429167 0.400391 0.044444 0.016406
0 0.392361 0.425391 0.051389 0.025781
0 0.580556 0.439844 0.038889 0.023438
0 0.597917 0.493750 0.045833 0.026562
0 0.357639 0.582422 0.051389 0.021094
0 0.593056 0.544922 0.030556 0.013281
0 0.725694 0.434375 0.023611 0.017188
0 0.727083 0.500391 0.034722 0.021094
0 0.750000 0.548047 0.025000 0.022656
0 0.642361 0.672266 0.029167 0.046094
0 0.581250 0.708984 0.040278 0.017969
0 0.610417 0.752734 0.034722 0.014844
0 0.329861 0.685156 0.029167 0.014063
0 0.381944 0.713672 0.027778 0.014844
0 0.067361 0.308203 0.043056 0.025781
0 0.106250 0.320312 0.043056 0.021875
0 0.700694 0.408594 0.048611 0.018750
0 0.525694 0.372656 0.031944 0.017188
0 0.177083 0.489844 0.031944 0.014063
0 0.779861 0.495312 0.037500 0.029687
0 0.817361 0.547266 0.026389 0.019531
0 0.440972 0.683984 0.037500 0.016406
0 0.128472 0.775000 0.043056 0.031250
0 0.479167 0.715625 0.038889 0.026562
0 0.089583 0.729297 0.054167 0.025781
0 0.570833 0.608984 0.025000 0.017969