0 0.400694 0.110156 0.059722 0.037500
0 0.331944 0.158594 0.050000 0.031250
0 0.307639 0.153125 0.023611 0.025000
0 0.224306 0.180469 0.048611 0.032813
0 0.261806 0.178516 0.037500 0.025781
0 0.315278 0.201953 0.055556 0.035156
0 0.195833 0.204297 0.038889 0.027344
0 0.211806 0.228906 0.034722 0.015625
0 0.453472 0.212109 0.045833 0.016406
0 0.430556 0.278125 0.050000 0.028125
0 0.263194 0.262891 0.043056 0.022656
0 0.202778 0.278906 0.030556 0.020313
0 0.255556 0.281641 0.036111 0.016406
0 0.233333 0.308594 0.052778 0.026562
0 0.205556 0.301563 0.030556 0.017188
0 0.008333 0.342187 0.013889 0.028125
0 0.245139 0.335547 0.054167 0.028906
0 0.472222 0.339844 0.052778 0.025000
0 0.518056 0.342969 0.038889 0.021875
0 0.979167 0.412109 0.038889 0.032031
0 0.440972 0.421484 0.051389 0.024219
0 0.231250 0.409766 0.048611 0.027344
0 0.146528 0.440625 0.037500 0.014063
0 0.193056 0.439453 0.050000 0.021094
0 0.247222 0.442969 0.047222 0.026562
0 0.022222 0.468359 0.038889 0.033594
0 0.362500 0.447656 0.038889 0.031250
0 0.420833 0.448047 0.050000 0.024219
0 0.359028 0.503906 0.031944 0.020313
0 0.348611 0.609375 0.030556 0.015625
0 0.059722 0.655859 0.036111 0.027344
0 0.572917 0.633594 0.043056 0.026562
0 0.906250 0.636719 0.051389 0.031250
0 0.948611 0.542188 0.033333 0.010937
0 0.366667 0.212109 0.038889 0.022656
0 0.443750 0.187500 0.048611 0.028125
0 0.297917 0.359375 0.029167 0.020313
0 0.299306 0.329688 0.045833 0.017188
0 0.543056 0.528906 0.044444 0.031250
0 0.550694 0.657422 0.043056 0.022656
0 0.720833 0.624609 0.033333 0.013281
0 0.977778 0.622656 0.038889 0.023438