0 0.095833 0.604297 0.041667 0.022656
0 0.079861 0.118750 0.031944 0.015625
0 0.051389 0.150391 0.027778 0.014844
0 0.040278 0.162500 0.025000 0.015625
0 0.727778 0.497656 0.025000 0.018750
0 0.750694 0.503906 0.020833 0.014063
0 0.726389 0.469141 0.038889 0.019531
0 0.812500 0.401562 0.038889 0.018750
0 0.945139 0.337891 0.037500 0.022656
0 0.845139 0.381250 0.031944 0.018750
0 0.361111 0.548438 0.038889 0.018750
0 0.337500 0.533203 0.027778 0.017969
0 0.305556 0.378906 0.030556 0.018750
0 0.314583 0.343750 0.029167 0.020313
0 0.267361 0.341016 0.023611 0.014844
0 0.157639 0.362891 0.031944 0.021094
0 0.134028 0.373437 0.034722 0.017188
0 0.072222 0.501953 0.036111 0.019531
0 0.410417 0.508984 0.026389 0.013281
0 0.494444 0.435156 0.030556 0.014063
0 0.422917 0.261328 0.031944 0.014844
0 0.328472 0.298828 0.023611 0.014844
0 0.456250 0.175391 0.029167 0.021094
0 0.197222 0.168359 0.025000 0.013281
0 0.284028 0.133203 0.029167 0.019531
0 0.313194 0.132812 0.018056 0.012500
0 0.221528 0.146875 0.031944 0.018750
0 0.250000 0.146875 0.019444 0.015625
0 0.165972 0.156641 0.026389 0.017969
0 0.642361 0.392188 0.026389 0.010937
0 0.460417 0.423438 0.023611 0.017188
0 0.156944 0.323828 0.033333 0.011719
0 0.079861 0.262500 0.026389 0.015625
0 0.420833 0.233594 0.025000 0.015625
0 0.289583 0.253125 0.029167 0.018750
0 0.110417 0.517188 0.031944 0.012500
0 0.372222 0.219922 0.025000 0.010156
0 0.012500 0.138672 0.025000 0.014844
0 0.053472 0.117578 0.020833 0.017969
0 0.084028 0.107422 0.026389 0.010156
0 0.132639 0.245312 0.023611 0.012500
0 0.367361 0.205469 0.031944 0.017188
0 0.072917 0.205469 0.020833 0.017188
0 0.076389 0.227344 0.030556 0.014063
0 0.023611 0.376563 0.027778 0.017188
0 0.088889 0.547266 0.036111 0.008594
0 0.145139 0.567578 0.031944 0.021094
0 0.127778 0.595703 0.030556 0.019531
0 0.415278 0.518750 0.030556 0.012500
0 0.288194 0.365625 0.031944 0.014063
0 0.343056 0.346875 0.025000 0.017188
0 0.502083 0.420703 0.023611 0.014844
0 0.077778 0.452344 0.016667 0.015625
0 0.381944 0.508984 0.022222 0.013281
0 0.486111 0.507422 0.030556 0.016406
0 0.486111 0.519922 0.030556 0.010156
0 0.415278 0.404297 0.027778 0.013281
0 0.284028 0.404687 0.026389 0.010937
0 0.570139 0.340234 0.026389 0.016406
0 0.695139 0.336328 0.026389 0.011719
0 0.987500 0.316797 0.022222 0.033594
0 0.721528 0.417187 0.023611 0.010937
0 0.785417 0.409766 0.026389 0.021094
0 0.925000 0.378906 0.041667 0.021875
0 0.709028 0.506250 0.031944 0.017188
0 0.755556 0.483984 0.030556 0.025781
0 0.794444 0.439063 0.033333 0.018750
0 0.581250 0.465625 0.034722 0.012500
0 0.603472 0.451562 0.018056 0.010937
0 0.937500 0.606250 0.030556 0.026562
0 0.975000 0.613281 0.047222 0.031250
0 0.235417 0.202734 0.031944 0.014844