0 0.693056 0.191797 0.047222 0.025781
0 0.610417 0.212109 0.037500 0.027344
0 0.567361 0.278516 0.045833 0.032031
0 0.595833 0.274609 0.022222 0.024219
0 0.589583 0.318750 0.045833 0.029687
0 0.510417 0.321094 0.037500 0.025000
0 0.693056 0.322266 0.044444 0.024219
0 0.527778 0.353125 0.036111 0.021875
0 0.661806 0.348828 0.040278 0.019531
0 0.641667 0.408203 0.052778 0.028906
0 0.646528 0.434375 0.043056 0.023438
0 0.513194 0.385547 0.051389 0.024219
0 0.461111 0.400781 0.044444 0.026562
0 0.487500 0.417578 0.030556 0.014844
0 0.574306 0.462109 0.040278 0.024219
0 0.689583 0.482031 0.043056 0.018750
0 0.448611 0.487109 0.050000 0.025781
0 0.575694 0.530078 0.040278 0.021094
0 0.461111 0.458594 0.038889 0.017188
0 0.535417 0.497266 0.043056 0.021094
0 0.595833 0.571484 0.044444 0.027344
0 0.680556 0.625000 0.030556 0.017188
0 0.543056 0.471875 0.041667 0.012500
0 0.570139 0.726562 0.059722 0.031250
0 0.536806 0.756641 0.048611 0.028906
0 0.651389 0.490234 0.030556 0.021094
0 0.635417 0.232031 0.015278 0.017188
0 0.678472 0.271875 0.037500 0.017188
0 0.604167 0.367969 0.027778 0.018750
0 0.508333 0.502734 0.022222 0.022656
0 0.742361 0.447656 0.040278 0.026562
0 0.716667 0.510547 0.052778 0.016406
0 0.584028 0.551172 0.034722 0.019531
0 0.571528 0.591016 0.026389 0.010156
0 0.765278 0.546875 0.033333 0.012500
0 0.854167 0.537500 0.041667 0.020313
0 0.836806 0.555859 0.020833 0.017969
0 0.839583 0.578906 0.029167 0.025000
0 0.791667 0.571875 0.025000 0.015625
0 0.771528 0.608594 0.034722 0.017188
0 0.936111 0.632422 0.038889 0.017969
0 0.763889 0.838672 0.061111 0.033594
0 0.745139 0.769531 0.040278 0.020313
0 0.530556 0.686328 0.030556 0.022656
0 0.624306 0.613672 0.034722 0.016406
0 0.586111 0.623047 0.027778 0.013281
0 0.850000 0.644141 0.030556 0.013281
0 0.797222 0.629687 0.033333 0.010937
0 0.967361 0.595313 0.034722 0.025000
0 0.279167 0.545312 0.027778 0.012500