0 0.668056 0.134766 0.063889 0.033594
0 0.653472 0.163281 0.051389 0.031250
0 0.700000 0.177734 0.055556 0.025781
0 0.718056 0.167969 0.038889 0.026562
0 0.025694 0.308594 0.051389 0.029687
0 0.715278 0.215234 0.022222 0.016406
0 0.047222 0.324219 0.050000 0.029687
0 0.037500 0.441406 0.047222 0.026562
0 0.743056 0.306641 0.052778 0.025781
0 0.776389 0.346094 0.027778 0.021875
0 0.718750 0.505469 0.051389 0.028125
0 0.917361 0.521484 0.076389 0.039844
0 0.452083 0.566406 0.056944 0.035937
0 0.411806 0.514453 0.048611 0.021094
0 0.609028 0.476953 0.023611 0.014844
0 0.572222 0.360547 0.013889 0.017969
0 0.373611 0.821875 0.038889 0.023438
0 0.752778 0.966797 0.061111 0.032031