0 0.339583 0.265234 0.054167 0.022656
0 0.397222 0.300000 0.055556 0.025000
0 0.336806 0.297266 0.059722 0.025781
0 0.300694 0.280078 0.020833 0.010156
0 0.237500 0.357031 0.055556 0.032813
0 0.254861 0.430859 0.018056 0.021094
0 0.242361 0.467187 0.056944 0.026562
0 0.275000 0.459766 0.033333 0.024219
0 0.502778 0.561719 0.058333 0.032813
0 0.368750 0.565234 0.029167 0.027344
0 0.464583 0.633594 0.068056 0.032813
0 0.525000 0.694141 0.044444 0.030469
0 0.265278 0.734766 0.061111 0.039844
0 0.443056 0.748437 0.061111 0.034375
0 0.349306 0.652734 0.065278 0.027344
0 0.388194 0.673828 0.034722 0.017969
0 0.651389 0.686328 0.027778 0.019531
0 0.575694 0.637891 0.026389 0.027344
0 0.377778 0.765234 0.044444 0.022656
0 0.485417 0.756641 0.037500 0.016406
0 0.502083 0.740625 0.020833 0.012500
0 0.109722 0.771484 0.052778 0.027344
0 0.299306 0.798438 0.034722 0.021875
0 0.406944 0.792188 0.044444 0.020313
0 0.534722 0.846484 0.047222 0.013281
0 0.612500 0.862109 0.027778 0.014844
0 0.458333 0.808203 0.033333 0.022656
0 0.470139 0.951562 0.051389 0.039062
0 0.947222 0.913672 0.027778 0.021094
0 0.621528 0.563281 0.045833 0.025000
0 0.068750 0.883984 0.059722 0.032031
0 0.019444 0.808203 0.027778 0.014844
0 0.871528 0.914844 0.073611 0.028125
0 0.534028 0.660156 0.026389 0.017188
0 0.404861 0.610938 0.026389 0.018750
0 0.672917 0.571875 0.020833 0.010937
0 0.580556 0.692578 0.033333 0.019531
0 0.384028 0.700781 0.020833 0.015625
0 0.384722 0.725781 0.030556 0.015625
0 0.491667 0.679688 0.030556 0.020313
0 0.470139 0.836719 0.043056 0.010937
0 0.507639 0.961328 0.051389 0.044531
0 0.372222 0.606641 0.033333 0.022656
0 0.487500 0.415234 0.055556 0.022656
0 0.648611 0.960938 0.033333 0.029687