0 0.004167 0.210938 0.008333 0.009375
0 0.004861 0.244531 0.006944 0.015625
0 0.015972 0.245312 0.018056 0.017188
0 0.009028 0.299219 0.012500 0.015625
0 0.068056 0.283984 0.027778 0.013281
0 0.084028 0.262500 0.026389 0.017188
0 0.121528 0.292187 0.029167 0.015625
0 0.135417 0.246875 0.034722 0.021875
0 0.133333 0.263281 0.030556 0.010937
0 0.125694 0.270703 0.018056 0.008594
0 0.165278 0.255078 0.025000 0.017969
0 0.192361 0.246094 0.023611 0.012500
0 0.188889 0.270703 0.022222 0.013281
0 0.164583 0.277344 0.031944 0.017188
0 0.227778 0.230078 0.027778 0.022656
0 0.199306 0.344531 0.015278 0.010937
0 0.235417 0.335938 0.040278 0.021875
0 0.261111 0.333203 0.016667 0.008594
0 0.242361 0.310547 0.015278 0.010156
0 0.384722 0.270703 0.058333 0.036719
0 0.434028 0.301172 0.056944 0.036719
0 0.409028 0.327734 0.056944 0.030469
0 0.290278 0.354687 0.022222 0.012500
0 0.308333 0.361719 0.025000 0.012500
0 0.325000 0.389062 0.025000 0.012500
0 0.377083 0.346875 0.029167 0.012500
0 0.375000 0.360938 0.022222 0.012500
0 0.385417 0.373047 0.020833 0.011719
0 0.404861 0.373828 0.023611 0.013281
0 0.413889 0.429297 0.016667 0.008594
0 0.435417 0.426172 0.023611 0.010156
0 0.018056 0.515234 0.036111 0.022656
0 0.006944 0.545312 0.013889 0.017188
0 0.003472 0.625000 0.006944 0.015625
0 0.026389 0.703516 0.047222 0.025781
0 0.086806 0.518750 0.034722 0.021875
0 0.069444 0.588281 0.055556 0.029687
0 0.135417 0.560937 0.037500 0.018750
0 0.137500 0.618359 0.025000 0.016406
0 0.102778 0.632031 0.019444 0.018750
0 0.079167 0.662109 0.033333 0.022656
0 0.111111 0.662109 0.022222 0.013281
0 0.255556 0.661328 0.019444 0.014844
0 0.225694 0.600781 0.029167 0.018750
0 0.136111 0.450000 0.019444 0.009375
0 0.154167 0.494141 0.027778 0.021094
0 0.197222 0.524609 0.041667 0.027344
0 0.256944 0.510938 0.027778 0.007812
0 0.361111 0.484766 0.038889 0.017969
0 0.318056 0.552734 0.030556 0.022656
0 0.359722 0.523438 0.013889 0.004687
0 0.403472 0.549609 0.029167 0.016406
0 0.439583 0.546094 0.029167 0.017188
0 0.459722 0.539062 0.025000 0.012500
0 0.507639 0.380859 0.059722 0.035156
0 0.638889 0.317188 0.027778 0.012500
0 0.836111 0.110937 0.033333 0.021875
0 0.867361 0.113281 0.031944 0.018750
0 0.895833 0.110156 0.025000 0.015625
0 0.915278 0.121484 0.033333 0.014844
0 0.944444 0.094531 0.033333 0.020313
0 0.991667 0.060937 0.011111 0.014063
0 0.980556 0.089063 0.036111 0.025000
0 0.983333 0.111328 0.025000 0.016406
0 0.988194 0.163672 0.018056 0.019531
0 0.599306 0.334375 0.026389 0.014063
0 0.891667 0.278906 0.025000 0.015625
0 0.918056 0.276172 0.038889 0.025781
0 0.952778 0.259766 0.044444 0.024219
0 0.963194 0.243359 0.031944 0.010156
0 0.985417 0.242188 0.023611 0.018750
0 0.963194 0.277344 0.031944 0.021875
0 0.988889 0.279297 0.019444 0.021094
0 0.525000 0.537891 0.027778 0.016406
0 0.552778 0.535156 0.025000 0.014063
0 0.533333 0.566406 0.027778 0.017188
0 0.550000 0.601172 0.030556 0.013281
0 0.656944 0.561719 0.025000 0.017188
0 0.692361 0.571484 0.029167 0.013281
0 0.752083 0.371875 0.029167 0.014063
0 0.625694 0.437109 0.034722 0.016406
0 0.685417 0.448437 0.040278 0.025000
0 0.702778 0.470703 0.044444 0.024219
0 0.767361 0.539453 0.059722 0.035156
0 0.805556 0.558984 0.047222 0.025781
0 0.839583 0.587109 0.029167 0.019531
0 0.981250 0.539844 0.031944 0.018750
0 0.734028 0.429688 0.023611 0.023438
0 0.732639 0.450781 0.029167 0.010937
0 0.765278 0.442578 0.052778 0.028906
0 0.861806 0.356250 0.045833 0.020313
0 0.881944 0.400391 0.041667 0.019531
0 0.979167 0.389062 0.036111 0.023438
0 0.846528 0.459375 0.054167 0.028125
0 0.923611 0.417187 0.041667 0.021875
0 0.932639 0.470703 0.048611 0.027344
0 0.981944 0.430078 0.033333 0.024219
0 0.015278 0.407422 0.025000 0.017969
0 0.779167 0.403125 0.036111 0.012500
0 0.633333 0.373047 0.030556 0.024219
0 0.681944 0.635938 0.022222 0.012500
0 0.745833 0.603906 0.022222 0.012500