0 0.073611 0.047656 0.041667 0.023438
0 0.081250 0.068359 0.045833 0.017969
0 0.061111 0.094922 0.055556 0.033594
0 0.186806 0.123047 0.062500 0.039844
0 0.159028 0.159375 0.048611 0.031250
0 0.205556 0.168750 0.058333 0.035937
0 0.048611 0.163672 0.050000 0.028906
0 0.134722 0.201563 0.050000 0.026562
0 0.106944 0.235156 0.052778 0.032813
0 0.061806 0.273438 0.054167 0.031250
0 0.206944 0.283594 0.050000 0.026562
0 0.300000 0.209375 0.041667 0.023438
0 0.317361 0.111328 0.040278 0.027344
0 0.331944 0.039453 0.038889 0.024219
0 0.345139 0.067187 0.043056 0.023438
0 0.363889 0.057813 0.044444 0.025000
0 0.446528 0.021875 0.040278 0.031250
0 0.395833 0.066016 0.022222 0.019531
0 0.386111 0.048828 0.025000 0.014844
0 0.270139 0.260156 0.034722 0.017188
0 0.360417 0.176172 0.037500 0.024219
0 0.488889 0.021484 0.047222 0.027344
0 0.490278 0.045312 0.036111 0.020313
0 0.525000 0.054297 0.025000 0.021094
0 0.473611 0.071875 0.044444 0.031250
0 0.445833 0.170703 0.036111 0.019531
0 0.447222 0.189453 0.027778 0.016406
0 0.472222 0.192969 0.033333 0.018750
0 0.489583 0.096094 0.040278 0.021875
0 0.510417 0.083984 0.040278 0.027344
0 0.529167 0.079687 0.025000 0.021875
0 0.594444 0.039453 0.038889 0.021094
0 0.553472 0.107813 0.031944 0.023438
0 0.652083 0.048828 0.040278 0.024219
0 0.707639 0.079687 0.037500 0.021875
0 0.747917 0.071875 0.026389 0.017188
0 0.736806 0.096094 0.026389 0.014063
0 0.467361 0.269922 0.031944 0.016406
0 0.286111 0.295312 0.038889 0.021875
0 0.613194 0.205078 0.056944 0.032031
0 0.506250 0.158203 0.037500 0.021094
0 0.665278 0.140625 0.036111 0.021875
0 0.475000 0.108203 0.038889 0.024219
0 0.678472 0.111719 0.037500 0.025000
0 0.753472 0.203125 0.059722 0.026562
0 0.743056 0.230859 0.058333 0.028906
0 0.784028 0.194531 0.040278 0.023438
0 0.659722 0.268750 0.050000 0.026562
0 0.852778 0.090625 0.044444 0.026562
0 0.827778 0.083984 0.019444 0.022656
0 0.831250 0.163672 0.043056 0.027344
0 0.869444 0.155859 0.044444 0.027344
0 0.876389 0.067578 0.050000 0.025781
0 0.888194 0.041406 0.048611 0.026562
0 0.967361 0.032031 0.059722 0.029687
0 0.943750 0.042188 0.048611 0.028125
0 0.934028 0.024609 0.037500 0.024219
0 0.940972 0.066016 0.034722 0.028906
0 0.956944 0.072266 0.041667 0.032031
0 0.983333 0.072656 0.030556 0.034375
0 0.919444 0.119922 0.052778 0.030469
0 0.934722 0.197266 0.047222 0.024219
0 0.536806 0.311328 0.056944 0.030469
0 0.563889 0.336328 0.052778 0.030469
0 0.495833 0.331641 0.025000 0.024219
0 0.615972 0.355859 0.031944 0.025781
0 0.936111 0.227344 0.038889 0.015625
0 0.609028 0.277734 0.037500 0.036719
0 0.947222 0.410156 0.075000 0.031250
0 0.907639 0.439844 0.054167 0.042188
0 0.553472 0.585547 0.040278 0.024219
0 0.664583 0.558594 0.034722 0.026562
0 0.632639 0.491016 0.026389 0.022656
0 0.768056 0.468750 0.083333 0.039062
0 0.704167 0.537109 0.069444 0.036719
0 0.756250 0.594922 0.034722 0.027344
0 0.838194 0.588281 0.059722 0.037500
0 0.902778 0.585938 0.041667 0.026562
0 0.986806 0.600391 0.018056 0.027344
0 0.118056 0.585156 0.055556 0.025000
0 0.130556 0.628516 0.055556 0.033594
0 0.194444 0.654687 0.050000 0.028125
0 0.238194 0.673438 0.056944 0.029687
0 0.147917 0.733984 0.059722 0.035156
0 0.072917 0.728906 0.059722 0.034375
0 0.088889 0.698047 0.047222 0.027344
0 0.186111 0.677344 0.047222 0.017188
0 0.218056 0.697656 0.055556 0.031250
0 0.420139 0.706250 0.043056 0.028125
0 0.405556 0.661719 0.050000 0.032813
0 0.825000 0.747266 0.066667 0.038281
0 0.957639 0.007422 0.026389 0.013281
0 0.971528 0.103516 0.054167 0.030469
0 0.520139 0.180469 0.026389 0.018750
0 0.778472 0.278516 0.029167 0.014844
0 0.750694 0.569141 0.026389 0.027344