0 0.378472 0.541406 0.051389 0.025000
0 0.550000 0.516016 0.041667 0.022656
0 0.618056 0.514844 0.050000 0.023438
0 0.743750 0.536328 0.043056 0.025781
0 0.650694 0.476172 0.043056 0.022656
0 0.323611 0.518359 0.044444 0.024219
0 0.090278 0.582031 0.050000 0.026562
0 0.314583 0.490234 0.045833 0.027344
0 0.133333 0.390625 0.036111 0.023438
0 0.261111 0.393750 0.027778 0.014063
0 0.536111 0.344531 0.038889 0.018750
0 0.584722 0.405469 0.041667 0.020313
0 0.715278 0.327734 0.036111 0.019531
0 0.068750 0.069531 0.037500 0.021875
0 0.042361 0.095703 0.031944 0.017969
0 0.014583 0.093359 0.015278 0.017969
0 0.032639 0.123047 0.029167 0.014844
0 0.041667 0.150000 0.036111 0.018750
0 0.109028 0.145703 0.037500 0.024219
0 0.140278 0.176953 0.033333 0.021094
0 0.191667 0.146484 0.030556 0.019531
0 0.228472 0.154688 0.043056 0.021875
0 0.220139 0.110937 0.040278 0.020313
0 0.331944 0.182812 0.038889 0.021875
0 0.301389 0.187891 0.030556 0.017969
0 0.347222 0.205469 0.030556 0.021875
0 0.142361 0.216797 0.029167 0.019531
0 0.084028 0.139844 0.029167 0.021875
0 0.075694 0.117188 0.023611 0.015625
0 0.013889 0.203516 0.025000 0.017969
0 0.148611 0.309375 0.041667 0.014063
0 0.134028 0.344531 0.029167 0.018750
0 0.295833 0.159766 0.030556 0.021094
0 0.246528 0.135547 0.034722 0.016406
0 0.584722 0.345703 0.030556 0.016406
0 0.175694 0.358203 0.040278 0.022656
0 0.227083 0.392969 0.034722 0.017188
0 0.029861 0.614453 0.043056 0.021094
0 0.529167 0.524609 0.044444 0.024219
0 0.143750 0.144531 0.023611 0.014063
0 0.363889 0.326172 0.025000 0.011719
0 0.366667 0.339844 0.016667 0.007812
0 0.100000 0.364453 0.030556 0.011719
0 0.831250 0.504687 0.045833 0.028125
0 0.565278 0.385547 0.030556 0.010156
0 0.255556 0.201953 0.027778 0.016406
0 0.075694 0.248438 0.023611 0.010937
0 0.050000 0.194141 0.030556 0.017969
0 0.332639 0.139063 0.026389 0.020313
0 0.401389 0.201953 0.022222 0.014844
0 0.051389 0.232031 0.030556 0.014063
0 0.312500 0.312500 0.033333 0.018750
0 0.328472 0.328906 0.020833 0.014063
0 0.203472 0.378516 0.026389 0.008594
0 0.171528 0.379297 0.020833 0.008594
0 0.177778 0.428906 0.025000 0.015625
0 0.221528 0.433984 0.040278 0.016406
0 0.533333 0.428906 0.030556 0.015625
0 0.666667 0.389453 0.027778 0.016406
0 0.662500 0.408203 0.027778 0.013281
0 0.677083 0.412109 0.029167 0.011719
0 0.716667 0.406250 0.019444 0.012500
0 0.051389 0.585938 0.044444 0.026562
0 0.710417 0.539844 0.026389 0.026562
0 0.359722 0.281250 0.038889 0.017188