0 0.475694 0.493359 0.040278 0.021094
0 0.798611 0.580078 0.038889 0.024219
0 0.801389 0.519141 0.038889 0.014844
0 0.729861 0.521484 0.037500 0.021094
0 0.796528 0.491406 0.026389 0.012500
0 0.856944 0.485156 0.030556 0.020313
0 0.133333 0.508594 0.044444 0.025000
0 0.184028 0.482031 0.034722 0.023438
0 0.054861 0.504297 0.034722 0.017969
0 0.096528 0.501563 0.031944 0.018750
0 0.217361 0.392188 0.031944 0.023438
0 0.204861 0.342187 0.040278 0.020313
0 0.267361 0.355859 0.026389 0.021094
0 0.391667 0.373047 0.027778 0.019531
0 0.655556 0.296875 0.027778 0.014063
0 0.431250 0.335938 0.037500 0.018750
0 0.254861 0.319141 0.045833 0.022656
0 0.971528 0.483984 0.040278 0.025781
0 0.984028 0.375000 0.026389 0.018750
0 0.986111 0.429297 0.025000 0.016406
0 0.154861 0.201953 0.031944 0.019531
0 0.095833 0.127344 0.038889 0.017188
0 0.040972 0.164062 0.037500 0.018750
0 0.097222 0.157812 0.030556 0.015625
0 0.018056 0.179297 0.030556 0.016406
0 0.054861 0.209375 0.034722 0.023438
0 0.019444 0.242188 0.030556 0.014063
0 0.045833 0.293359 0.033333 0.014844
0 0.241667 0.169922 0.030556 0.017969
0 0.170139 0.185547 0.037500 0.021094
0 0.359722 0.144922 0.030556 0.019531
0 0.386111 0.169141 0.030556 0.019531
0 0.215278 0.144531 0.030556 0.018750
0 0.302778 0.221875 0.036111 0.017188
0 0.197222 0.192578 0.025000 0.019531
0 0.322222 0.170703 0.036111 0.016406
0 0.331944 0.150781 0.027778 0.014063
0 0.556944 0.206641 0.036111 0.017969
0 0.619444 0.262109 0.022222 0.014844
0 0.259722 0.216016 0.044444 0.016406
0 0.112500 0.207031 0.030556 0.017188
0 0.313889 0.420312 0.025000 0.014063
0 0.462500 0.239453 0.022222 0.016406
0 0.303472 0.199609 0.034722 0.016406
0 0.081944 0.196094 0.036111 0.007812
0 0.016667 0.290625 0.030556 0.014063
0 0.277083 0.266406 0.023611 0.017188
0 0.311111 0.297656 0.033333 0.015625
0 0.382639 0.266016 0.037500 0.022656
0 0.390972 0.196484 0.040278 0.021094
0 0.260417 0.173828 0.031944 0.019531
0 0.200000 0.123828 0.036111 0.016406
0 0.207639 0.106250 0.026389 0.014063
0 0.203472 0.171875 0.018056 0.018750
0 0.218056 0.186328 0.016667 0.013281
0 0.139583 0.173047 0.034722 0.027344
0 0.477083 0.206641 0.020833 0.017969
0 0.520833 0.257422 0.033333 0.019531
0 0.610417 0.297656 0.026389 0.010937
0 0.562500 0.311719 0.038889 0.012500
0 0.681944 0.323437 0.022222 0.010937
0 0.967361 0.399219 0.031944 0.014063
0 0.535417 0.498437 0.018056 0.012500
0 0.796528 0.559375 0.029167 0.012500
0 0.775694 0.575781 0.020833 0.017188
0 0.906250 0.486328 0.023611 0.014844
0 0.910417 0.453906 0.015278 0.014063
0 0.967361 0.453125 0.029167 0.012500
0 0.990278 0.448828 0.016667 0.016406
0 0.409722 0.387500 0.030556 0.017188