0 0.393750 0.269531 0.031944 0.026562
0 0.579167 0.463672 0.038889 0.024219
0 0.615278 0.460547 0.027778 0.022656
0 0.268056 0.471875 0.030556 0.018750
0 0.310417 0.546875 0.029167 0.015625
0 0.497222 0.534766 0.041667 0.027344
0 0.532639 0.531250 0.045833 0.025000
0 0.281250 0.589844 0.040278 0.018750
0 0.279861 0.566797 0.031944 0.019531
0 0.280556 0.623828 0.047222 0.032031
0 0.503472 0.574219 0.031944 0.018750
0 0.725694 0.603125 0.037500 0.020313
0 0.795139 0.613672 0.026389 0.016406
0 0.762500 0.613281 0.027778 0.021875
0 0.701389 0.558203 0.030556 0.019531
0 0.738194 0.548047 0.026389 0.014844
0 0.652083 0.590234 0.040278 0.016406
0 0.609722 0.591797 0.027778 0.021094
0 0.536111 0.572656 0.025000 0.012500
0 0.366667 0.621875 0.027778 0.015625
0 0.021528 0.453906 0.034722 0.025000
0 0.961111 0.687891 0.041667 0.022656
0 0.358333 0.419141 0.027778 0.017969
0 0.398611 0.628516 0.038889 0.017969
0 0.390972 0.296875 0.026389 0.010937
0 0.181944 0.466406 0.025000 0.017188
0 0.150000 0.630859 0.033333 0.016406
0 0.057639 0.545312 0.020833 0.015625
0 0.593056 0.558203 0.019444 0.019531
0 0.334722 0.490625 0.022222 0.020313
0 0.395833 0.488281 0.038889 0.026562
0 0.455556 0.492578 0.033333 0.014844
0 0.625694 0.566016 0.037500 0.022656
0 0.410417 0.603125 0.029167 0.017188
0 0.413194 0.587109 0.020833 0.017969