0 0.516667 0.063672 0.047222 0.019531
0 0.547222 0.123828 0.050000 0.030469
0 0.505556 0.231250 0.047222 0.025000
0 0.465972 0.247656 0.040278 0.017188
0 0.506944 0.254688 0.041667 0.020313
0 0.470833 0.275000 0.050000 0.029687
0 0.719444 0.278516 0.038889 0.027344
0 0.496528 0.300391 0.043056 0.011719
0 0.508333 0.325000 0.050000 0.031250
0 0.467361 0.338281 0.034722 0.023438
0 0.413889 0.347266 0.033333 0.025781
0 0.632639 0.336719 0.034722 0.018750
0 0.620139 0.357031 0.029167 0.020313
0 0.649306 0.357031 0.037500 0.021875
0 0.716667 0.405078 0.013889 0.019531
0 0.673611 0.429297 0.047222 0.027344
0 0.583333 0.421875 0.041667 0.020313
0 0.465972 0.450000 0.048611 0.028125
0 0.422917 0.474219 0.043056 0.025000
0 0.656250 0.478906 0.043056 0.021875
0 0.615278 0.531250 0.050000 0.028125
0 0.670833 0.535547 0.044444 0.022656
0 0.597917 0.552734 0.037500 0.010156
0 0.318750 0.581250 0.037500 0.021875
0 0.279167 0.576172 0.036111 0.027344
0 0.370833 0.673047 0.044444 0.024219
0 0.225000 0.710547 0.050000 0.030469
0 0.260417 0.739062 0.054167 0.029687
0 0.327083 0.745313 0.034722 0.020313
0 0.298611 0.750391 0.033333 0.014844
0 0.384722 0.322266 0.033333 0.007031
0 0.427778 0.320312 0.022222 0.007812
0 0.470833 0.307812 0.036111 0.009375
0 0.513194 0.271094 0.037500 0.028125
0 0.631944 0.230469 0.036111 0.023438
0 0.603472 0.201172 0.026389 0.013281
0 0.270833 0.412109 0.033333 0.025781
0 0.408333 0.446484 0.027778 0.010156
0 0.391667 0.503125 0.033333 0.015625
0 0.696528 0.570703 0.029167 0.014844
0 0.625694 0.562500 0.043056 0.020313
0 0.666667 0.553906 0.008333 0.010937
0 0.684722 0.470313 0.019444 0.023438
0 0.690278 0.385547 0.033333 0.025781
0 0.648611 0.381250 0.041667 0.039062
0 0.545833 0.492969 0.027778 0.017188
0 0.613889 0.506641 0.022222 0.022656
0 0.624306 0.664844 0.020833 0.015625
0 0.789583 0.628516 0.031944 0.013281
0 0.981944 0.778516 0.033333 0.032031
0 0.825694 0.816406 0.037500 0.021875