0 0.900000 0.635156 0.050000 0.028125
0 0.859028 0.359766 0.031944 0.024219
0 0.838889 0.308203 0.044444 0.025781
0 0.816667 0.287109 0.047222 0.027344
0 0.797917 0.304297 0.034722 0.024219
0 0.953472 0.343750 0.034722 0.023438
0 0.978472 0.363281 0.031944 0.020313
0 0.865972 0.566797 0.029167 0.022656
0 0.354167 0.344531 0.036111 0.018750
0 0.031944 0.492188 0.030556 0.018750
0 0.133333 0.569922 0.036111 0.021094
0 0.089583 0.578125 0.023611 0.020313
0 0.170833 0.384766 0.019444 0.011719
0 0.456944 0.366797 0.027778 0.017969
0 0.565278 0.406250 0.036111 0.017188
0 0.452083 0.426563 0.020833 0.014063
0 0.285417 0.425781 0.034722 0.015625
0 0.311111 0.433594 0.019444 0.010937
0 0.122917 0.384766 0.026389 0.007031
0 0.047222 0.444531 0.036111 0.014063
0 0.709028 0.385547 0.031944 0.021094
0 0.739583 0.389062 0.026389 0.017188
0 0.168750 0.368359 0.026389 0.014844
0 0.194444 0.325000 0.027778 0.020313
0 0.418056 0.389844 0.036111 0.010937
0 0.977778 0.550781 0.038889 0.020313
0 0.876389 0.271875 0.030556 0.020313
0 0.780556 0.160547 0.025000 0.021094
0 0.824306 0.164844 0.020833 0.021875
0 0.832639 0.195312 0.043056 0.023438
0 0.621528 0.358203 0.018056 0.017969
0 0.643056 0.583984 0.033333 0.025781
0 0.136806 0.242969 0.037500 0.017188
0 0.253472 0.357031 0.034722 0.026562
0 0.055556 0.422656 0.025000 0.015625
0 0.022917 0.474609 0.026389 0.016406
0 0.144444 0.533984 0.041667 0.019531
0 0.593750 0.577734 0.029167 0.024219
0 0.459722 0.412500 0.030556 0.015625
0 0.513194 0.390625 0.018056 0.014063
0 0.727778 0.454297 0.033333 0.010156
0 0.627778 0.273828 0.038889 0.014844
0 0.845833 0.347656 0.033333 0.012500
0 0.838194 0.573438 0.034722 0.023438
0 0.871528 0.616406 0.034722 0.021875