0 0.484722 0.186328 0.038889 0.022656
0 0.397222 0.229297 0.038889 0.024219
0 0.499306 0.241016 0.051389 0.027344
0 0.435417 0.292578 0.034722 0.022656
0 0.480556 0.310547 0.036111 0.024219
0 0.507639 0.307812 0.040278 0.025000
0 0.559028 0.282422 0.031944 0.016406
0 0.493750 0.351953 0.045833 0.025781
0 0.561806 0.317578 0.040278 0.022656
0 0.599306 0.312500 0.037500 0.020313
0 0.584028 0.347266 0.048611 0.024219
0 0.643056 0.361328 0.038889 0.019531
0 0.690972 0.381641 0.045833 0.024219
0 0.811806 0.393750 0.043056 0.021875
0 0.619444 0.398047 0.036111 0.024219
0 0.660417 0.413672 0.037500 0.021094
0 0.718750 0.425781 0.029167 0.021875
0 0.627083 0.414844 0.026389 0.018750
0 0.440278 0.416797 0.036111 0.021094
0 0.432639 0.441406 0.037500 0.023438
0 0.445139 0.485156 0.043056 0.025000
0 0.650694 0.467969 0.029167 0.017188
0 0.604167 0.514453 0.030556 0.024219
0 0.637500 0.519141 0.036111 0.021094
0 0.656944 0.508984 0.025000 0.014844
0 0.679861 0.528125 0.029167 0.012500
0 0.599306 0.536328 0.031944 0.021094
0 0.573611 0.551953 0.047222 0.025781
0 0.681250 0.576562 0.040278 0.015625
0 0.694444 0.558594 0.025000 0.015625
0 0.780556 0.629687 0.052778 0.029687
0 0.954861 0.665625 0.040278 0.028125
0 0.988194 0.656250 0.020833 0.021875
0 0.922222 0.672656 0.038889 0.020313
0 0.835417 0.687891 0.037500 0.032031
0 0.409028 0.601172 0.054167 0.025781
0 0.347917 0.619141 0.045833 0.027344
0 0.288889 0.614062 0.047222 0.025000
0 0.268750 0.637109 0.045833 0.022656
0 0.256250 0.649219 0.040278 0.025000
0 0.430556 0.654687 0.041667 0.023438
0 0.391667 0.662891 0.038889 0.021094
0 0.384028 0.641797 0.029167 0.011719
0 0.381944 0.696094 0.044444 0.023438
0 0.381944 0.712109 0.033333 0.011719
0 0.273611 0.752734 0.041667 0.025781
0 0.307639 0.718750 0.020833 0.007812
0 0.342361 0.789453 0.026389 0.021094
0 0.392361 0.804688 0.051389 0.026562
0 0.534028 0.795312 0.040278 0.028125
0 0.484722 0.797266 0.022222 0.011719
0 0.809722 0.789453 0.052778 0.024219
0 0.660417 0.764453 0.026389 0.021094
0 0.688889 0.761328 0.033333 0.017969
0 0.295139 0.886328 0.034722 0.019531
0 0.336111 0.880469 0.033333 0.021875
0 0.364583 0.862891 0.026389 0.025781
0 0.422917 0.852734 0.040278 0.021094
0 0.791667 0.838281 0.055556 0.031250
0 0.809722 0.811719 0.050000 0.020313
0 0.879167 0.874609 0.050000 0.033594
0 0.825694 0.867188 0.040278 0.017188
0 0.934722 0.899219 0.038889 0.026562
0 0.904861 0.883594 0.031944 0.031250
0 0.175000 0.919531 0.041667 0.021875
0 0.354167 0.644141 0.033333 0.019531
0 0.259722 0.795703 0.027778 0.016406
0 0.766667 0.727734 0.036111 0.016406
0 0.988194 0.701953 0.018056 0.024219
0 0.759028 0.710547 0.020833 0.011719
0 0.522917 0.612500 0.031944 0.025000
0 0.448611 0.508594 0.033333 0.020313
0 0.868056 0.961328 0.022222 0.027344