0 0.015278 0.187891 0.030556 0.016406
0 0.047222 0.191016 0.033333 0.016406
0 0.077778 0.199609 0.022222 0.013281
0 0.088889 0.180078 0.027778 0.014844
0 0.127083 0.234766 0.026389 0.014844
0 0.156250 0.241016 0.040278 0.024219
0 0.194444 0.232422 0.038889 0.024219
0 0.188194 0.255469 0.026389 0.020313
0 0.217361 0.168359 0.026389 0.011719
0 0.247917 0.108984 0.023611 0.014844
0 0.249306 0.123047 0.026389 0.013281
0 0.293750 0.126172 0.023611 0.013281
0 0.280556 0.172656 0.022222 0.014063
0 0.313194 0.180859 0.026389 0.013281
0 0.381944 0.214062 0.019444 0.015625
0 0.260417 0.241406 0.029167 0.015625
0 0.346528 0.252734 0.048611 0.025781
0 0.242361 0.296094 0.037500 0.018750
0 0.210417 0.290625 0.034722 0.020313
0 0.197917 0.312500 0.020833 0.018750
0 0.282639 0.320312 0.026389 0.018750
0 0.300694 0.350000 0.037500 0.017188
0 0.260417 0.332813 0.034722 0.018750
0 0.167361 0.329297 0.029167 0.021094
0 0.154861 0.290625 0.040278 0.025000
0 0.115278 0.287891 0.041667 0.022656
0 0.118056 0.310156 0.027778 0.017188
0 0.028472 0.318750 0.031944 0.018750
0 0.050694 0.312109 0.031944 0.014844
0 0.113194 0.319922 0.023611 0.010156
0 0.087500 0.324609 0.027778 0.016406
0 0.074306 0.319531 0.034722 0.020313
0 0.368750 0.144922 0.023611 0.014844
0 0.391667 0.160938 0.033333 0.015625
0 0.010417 0.462891 0.018056 0.022656
0 0.079861 0.420703 0.043056 0.019531
0 0.118750 0.447656 0.048611 0.025000
0 0.100000 0.509766 0.041667 0.017969
0 0.194444 0.524609 0.041667 0.024219
0 0.277778 0.451953 0.030556 0.019531
0 0.275000 0.519922 0.044444 0.019531
0 0.249306 0.600781 0.029167 0.015625
0 0.291667 0.621875 0.008333 0.012500
0 0.386806 0.642188 0.020833 0.014063
0 0.372222 0.597656 0.019444 0.014063
0 0.370139 0.576562 0.040278 0.018750
0 0.343750 0.506250 0.029167 0.014063
0 0.317361 0.546875 0.040278 0.020313
0 0.427778 0.513672 0.038889 0.019531
0 0.400000 0.533984 0.036111 0.019531
0 0.422222 0.546484 0.036111 0.022656
0 0.436806 0.712109 0.023611 0.021094
0 0.490278 0.697266 0.027778 0.017969
0 0.500000 0.613281 0.036111 0.018750
0 0.544444 0.621875 0.016667 0.012500
0 0.610417 0.650781 0.023611 0.007812
0 0.437500 0.470703 0.030556 0.014844
0 0.609722 0.576953 0.030556 0.016406
0 0.664583 0.592969 0.018056 0.015625
0 0.711111 0.599609 0.027778 0.016406
0 0.515972 0.273438 0.031944 0.018750
0 0.552778 0.268359 0.036111 0.014844
0 0.517361 0.296484 0.045833 0.021094
0 0.454861 0.309375 0.043056 0.023438
0 0.429167 0.346094 0.044444 0.021875
0 0.447222 0.360547 0.027778 0.013281
0 0.528472 0.364453 0.034722 0.022656
0 0.650694 0.206641 0.026389 0.021094
0 0.734028 0.210938 0.029167 0.010937
0 0.797222 0.284766 0.033333 0.017969
0 0.830556 0.274609 0.033333 0.022656
0 0.867361 0.257812 0.037500 0.018750
0 0.897917 0.289844 0.029167 0.021875
0 0.619444 0.377734 0.027778 0.019531
0 0.688889 0.517969 0.036111 0.018750
0 0.759722 0.490625 0.038889 0.023438
0 0.776389 0.506641 0.041667 0.017969
0 0.794444 0.549609 0.027778 0.010156
0 0.767361 0.562891 0.037500 0.016406
0 0.786806 0.617578 0.018056 0.014844
0 0.843750 0.533594 0.031944 0.017188
0 0.874306 0.540625 0.029167 0.014063
0 0.953472 0.654297 0.023611 0.011719
0 0.452083 0.726562 0.026389 0.014063
0 0.945833 0.512891 0.019444 0.008594
0 0.870833 0.286719 0.025000 0.020313
0 0.302778 0.135547 0.022222 0.013281
0 0.265278 0.369141 0.038889 0.019531
0 0.556250 0.362891 0.029167 0.019531
0 0.986806 0.597656 0.023611 0.017188
0 0.009722 0.561328 0.016667 0.016406
0 0.110417 0.468750 0.034722 0.018750
0 0.134722 0.260547 0.033333 0.027344
0 0.152778 0.216016 0.036111 0.013281
0 0.365278 0.126953 0.011111 0.010156