0 0.772917 0.683594 0.062500 0.025000
0 0.736111 0.655078 0.061111 0.036719
0 0.296528 0.585547 0.040278 0.024219
0 0.298611 0.611719 0.050000 0.028125
0 0.251389 0.607812 0.038889 0.010937
0 0.676389 0.518359 0.038889 0.024219
0 0.721528 0.522656 0.037500 0.020313
0 0.970833 0.544531 0.052778 0.025000
0 0.940278 0.504687 0.052778 0.015625
0 0.977083 0.489453 0.040278 0.021094
0 0.864583 0.502344 0.012500 0.006250
0 0.934028 0.428125 0.054167 0.029687
0 0.846528 0.383984 0.056944 0.030469
0 0.790972 0.411328 0.043056 0.024219
0 0.754861 0.448437 0.037500 0.020313
0 0.914583 0.389453 0.026389 0.014844
0 0.947917 0.351562 0.048611 0.018750
0 0.615972 0.353906 0.023611 0.015625
0 0.991667 0.355469 0.011111 0.017188
0 0.979167 0.337891 0.038889 0.016406
0 0.964583 0.321484 0.048611 0.011719
0 0.730556 0.282422 0.025000 0.013281
0 0.954861 0.263281 0.034722 0.017188
0 0.849306 0.252344 0.043056 0.029687
0 0.802778 0.267188 0.041667 0.020313
0 0.753472 0.249219 0.029167 0.014063
0 0.809722 0.226172 0.016667 0.011719
0 0.827083 0.227734 0.015278 0.014844
0 0.781944 0.201953 0.052778 0.028906
0 0.769444 0.174609 0.041667 0.019531
0 0.825000 0.177734 0.044444 0.025781
0 0.851389 0.192578 0.027778 0.013281
0 0.821528 0.200391 0.029167 0.019531
0 0.851389 0.155859 0.055556 0.028906
0 0.793056 0.004687 0.041667 0.007812
0 0.865972 0.046875 0.020833 0.034375
0 0.950000 0.121484 0.050000 0.019531
0 0.972222 0.150781 0.052778 0.023438
0 0.959028 0.287500 0.073611 0.031250
0 0.156944 0.392969 0.022222 0.006250
0 0.605556 0.690234 0.058333 0.022656