0 0.468056 0.858594 0.061111 0.037500
0 0.865972 0.716406 0.068056 0.037500
0 0.181944 0.986719 0.036111 0.020313
0 0.073611 0.902734 0.063889 0.033594
0 0.106250 0.975391 0.051389 0.032031
0 0.334722 0.862109 0.033333 0.033594
0 0.026389 0.851172 0.050000 0.036719
0 0.109028 0.838672 0.031944 0.028906
0 0.554167 0.806641 0.058333 0.030469
0 0.088194 0.730469 0.056944 0.037500
0 0.393750 0.666016 0.065278 0.039844
0 0.575000 0.676562 0.038889 0.026562
0 0.090278 0.632031 0.036111 0.029687
0 0.029167 0.698828 0.022222 0.028906
0 0.571528 0.607812 0.070833 0.028125
0 0.528472 0.588672 0.048611 0.030469
0 0.556944 0.555469 0.058333 0.032813
0 0.663889 0.546094 0.058333 0.035937
0 0.659722 0.580469 0.050000 0.021875
0 0.793750 0.625000 0.043056 0.021875
0 0.924306 0.508594 0.054167 0.023438
0 0.962500 0.515625 0.058333 0.034375
0 0.904861 0.519922 0.062500 0.022656
0 0.378472 0.520703 0.048611 0.025781
0 0.334028 0.519922 0.051389 0.027344
0 0.425000 0.517969 0.050000 0.026562
0 0.158333 0.524219 0.050000 0.035937
0 0.142361 0.485938 0.048611 0.025000
0 0.865278 0.624609 0.058333 0.030469
0 0.587500 0.484375 0.050000 0.023438
0 0.526389 0.466406 0.047222 0.012500
0 0.481944 0.489844 0.030556 0.014063
0 0.383333 0.417969 0.061111 0.032813
0 0.395139 0.446484 0.045833 0.032031
0 0.288194 0.421484 0.056944 0.028906
0 0.342361 0.438672 0.040278 0.011719
0 0.452083 0.423047 0.048611 0.027344
0 0.595833 0.413672 0.041667 0.022656
0 0.652778 0.374609 0.055556 0.033594
0 0.629167 0.367188 0.058333 0.039062
0 0.484028 0.394141 0.059722 0.033594
0 0.890972 0.346484 0.056944 0.033594
0 0.814583 0.366406 0.048611 0.028125
0 0.792361 0.406250 0.059722 0.029687
0 0.604861 0.319531 0.073611 0.026562
0 0.594444 0.278125 0.044444 0.029687
0 0.797917 0.312109 0.059722 0.024219
0 0.712500 0.290234 0.058333 0.036719
0 0.740972 0.324609 0.048611 0.017969
0 0.750000 0.218359 0.058333 0.028906
0 0.660417 0.273828 0.023611 0.019531
0 0.728472 0.241406 0.040278 0.018750
0 0.830556 0.188672 0.047222 0.027344
0 0.797222 0.227734 0.041667 0.024219
0 0.407639 0.231641 0.054167 0.016406
0 0.483333 0.192188 0.038889 0.032813
0 0.772917 0.150000 0.056944 0.032813
0 0.561806 0.128516 0.048611 0.025781
0 0.588889 0.069922 0.050000 0.032031
0 0.622917 0.035156 0.037500 0.029687
0 0.515972 0.023828 0.065278 0.039844
0 0.561806 0.049609 0.043056 0.032031
0 0.649306 0.073438 0.034722 0.035937
0 0.919444 0.576562 0.052778 0.028125
0 0.042361 0.007812 0.051389 0.014063
0 0.024306 0.008594 0.034722 0.015625
0 0.538194 0.408203 0.043056 0.016406
0 0.060417 0.303516 0.062500 0.019531
0 0.081944 0.279297 0.027778 0.021094
0 0.140972 0.303125 0.048611 0.021875
0 0.273611 0.755469 0.038889 0.021875
0 0.768056 0.744141 0.052778 0.016406
0 0.979167 0.689453 0.038889 0.021094
0 0.597917 0.151172 0.023611 0.028906
0 0.623611 0.157031 0.038889 0.026562
0 0.060417 0.968359 0.043056 0.030469
0 0.084028 0.957031 0.040278 0.021875
0 0.031250 0.964844 0.043056 0.029687
0 0.854861 0.853906 0.031944 0.012500
0 0.093056 0.416797 0.038889 0.014844
0 0.052778 0.487109 0.083333 0.028906
0 0.334028 0.545312 0.031944 0.017188