0 0.629167 0.011328 0.047222 0.022656
0 0.588194 0.017188 0.056944 0.034375
0 0.561111 0.042578 0.047222 0.035156
0 0.575000 0.098047 0.050000 0.032031
0 0.635417 0.099219 0.043056 0.021875
0 0.687500 0.089063 0.030556 0.020313
0 0.528472 0.105078 0.023611 0.013281
0 0.502778 0.122266 0.027778 0.019531
0 0.600694 0.165234 0.034722 0.022656
0 0.633333 0.152734 0.030556 0.027344
0 0.625000 0.141797 0.030556 0.024219
0 0.684722 0.144922 0.055556 0.027344
0 0.659028 0.159766 0.020833 0.036719
0 0.554167 0.192969 0.041667 0.026562
0 0.411111 0.241797 0.033333 0.024219
0 0.510417 0.271875 0.040278 0.018750
0 0.576389 0.268359 0.019444 0.017969
0 0.567361 0.283594 0.043056 0.023438
0 0.865972 0.229687 0.054167 0.028125
0 0.592361 0.343359 0.037500 0.024219
0 0.191667 0.419141 0.055556 0.016406
0 0.215972 0.440234 0.056944 0.027344
0 0.363889 0.481250 0.050000 0.028125
0 0.497917 0.525781 0.051389 0.028125
0 0.411111 0.589063 0.041667 0.018750
0 0.548611 0.560937 0.066667 0.032813
0 0.558333 0.588672 0.033333 0.027344
0 0.513194 0.600391 0.054167 0.036719
0 0.448611 0.646484 0.027778 0.014844
0 0.147222 0.635156 0.044444 0.014063
0 0.663889 0.541016 0.044444 0.024219
0 0.746528 0.511328 0.068056 0.030469
0 0.695833 0.501953 0.036111 0.011719
0 0.874306 0.581250 0.040278 0.018750
0 0.226389 0.695703 0.044444 0.019531
0 0.570139 0.632031 0.029167 0.012500
0 0.931250 0.242969 0.054167 0.031250
0 0.759028 0.415625 0.037500 0.021875
0 0.454167 0.280859 0.025000 0.016406
0 0.559722 0.155859 0.066667 0.036719
0 0.030556 0.372656 0.033333 0.017188
0 0.256944 0.536719 0.038889 0.023438
0 0.458333 0.571875 0.019444 0.009375
0 0.423611 0.574219 0.036111 0.029687
0 0.123611 0.467187 0.044444 0.017188
0 0.176389 0.466797 0.027778 0.016406
0 0.092361 0.486719 0.018056 0.015625
0 0.095139 0.693359 0.018056 0.016406
0 0.864583 0.746875 0.026389 0.025000
0 0.886111 0.762109 0.047222 0.030469
0 0.674306 0.644531 0.020833 0.009375
0 0.815972 0.541016 0.040278 0.022656