0 0.040972 0.150781 0.034722 0.018750
0 0.068056 0.155078 0.025000 0.019531
0 0.090278 0.156250 0.019444 0.014063
0 0.109028 0.164062 0.026389 0.015625
0 0.125694 0.143750 0.029167 0.020313
0 0.154861 0.141797 0.029167 0.014844
0 0.159722 0.160938 0.030556 0.015625
0 0.163889 0.205078 0.027778 0.017969
0 0.196528 0.185156 0.031944 0.018750
0 0.071528 0.297266 0.043056 0.022656
0 0.106944 0.286328 0.022222 0.019531
0 0.087500 0.285156 0.019444 0.012500
0 0.113194 0.302344 0.023611 0.015625
0 0.137500 0.304297 0.030556 0.019531
0 0.179861 0.288672 0.034722 0.019531
0 0.177083 0.302734 0.034722 0.016406
0 0.231250 0.317578 0.031944 0.017969
0 0.219444 0.266016 0.044444 0.025781
0 0.261806 0.269531 0.048611 0.028125
0 0.254861 0.233203 0.015278 0.024219
0 0.272222 0.212500 0.047222 0.028125
0 0.317361 0.203516 0.043056 0.030469
0 0.314583 0.231250 0.040278 0.021875
0 0.320833 0.269531 0.038889 0.021875
0 0.390278 0.213672 0.038889 0.022656
0 0.366667 0.274609 0.041667 0.021094
0 0.306944 0.069141 0.027778 0.017969
0 0.306944 0.083594 0.030556 0.018750
0 0.361806 0.089453 0.026389 0.016406
0 0.453472 0.116016 0.037500 0.019531
0 0.468750 0.128906 0.026389 0.020313
0 0.448611 0.094922 0.030556 0.017969
0 0.506250 0.134766 0.023611 0.011719
0 0.311806 0.293359 0.040278 0.022656
0 0.290972 0.300781 0.018056 0.018750
0 0.323611 0.309375 0.041667 0.021875
0 0.367361 0.318750 0.037500 0.021875
0 0.403472 0.336719 0.037500 0.020313
0 0.020833 0.483594 0.036111 0.020313
0 0.054167 0.477344 0.041667 0.017188
0 0.104861 0.464453 0.045833 0.028906
0 0.137500 0.425781 0.030556 0.026562
0 0.071528 0.392188 0.023611 0.017188
0 0.034722 0.419922 0.050000 0.017969
0 0.212500 0.419141 0.055556 0.025781
0 0.256944 0.448828 0.050000 0.027344
0 0.211806 0.517188 0.040278 0.023438
0 0.476389 0.227734 0.050000 0.033594
0 0.575694 0.162109 0.034722 0.024219
0 0.611806 0.171875 0.026389 0.010937
0 0.827778 0.193750 0.025000 0.015625
0 0.706250 0.253125 0.040278 0.021875
0 0.665972 0.255469 0.034722 0.021875
0 0.665972 0.281250 0.040278 0.025000
0 0.600694 0.295703 0.051389 0.025781
0 0.272222 0.516797 0.027778 0.019531
0 0.931250 0.275781 0.031944 0.015625
0 0.970833 0.264062 0.044444 0.026562
0 0.575000 0.337109 0.047222 0.022656
0 0.568056 0.355469 0.036111 0.017188
0 0.666667 0.357422 0.038889 0.027344
0 0.318750 0.534766 0.045833 0.027344
0 0.395139 0.527734 0.043056 0.022656
0 0.335417 0.614844 0.026389 0.014063
0 0.350694 0.631250 0.009722 0.014063
0 0.393056 0.453516 0.030556 0.016406
0 0.493056 0.469922 0.022222 0.011719
0 0.445139 0.650781 0.015278 0.015625
0 0.447222 0.555859 0.041667 0.025781
0 0.459722 0.608203 0.025000 0.016406
0 0.470833 0.586328 0.041667 0.019531
0 0.563889 0.521875 0.041667 0.023438
0 0.530556 0.544531 0.036111 0.021875
0 0.554167 0.557813 0.044444 0.026562
0 0.622917 0.632031 0.040278 0.021875
0 0.513194 0.731250 0.026389 0.020313
0 0.575694 0.717187 0.026389 0.017188
0 0.693056 0.664844 0.022222 0.010937
0 0.744444 0.589453 0.027778 0.017969
0 0.822222 0.612109 0.036111 0.019531
0 0.696528 0.373047 0.031944 0.027344
0 0.836806 0.525391 0.037500 0.017969
0 0.913889 0.496875 0.038889 0.023438
0 0.924306 0.514844 0.048611 0.021875
0 0.950000 0.559766 0.027778 0.016406
0 0.925000 0.574609 0.030556 0.013281
0 0.579861 0.472266 0.026389 0.010156
0 0.531250 0.744531 0.034722 0.017188
0 0.377778 0.153125 0.016667 0.012500
0 0.336111 0.135937 0.027778 0.014063
0 0.265972 0.164062 0.045833 0.014063
0 0.139583 0.550000 0.034722 0.023438
0 0.029167 0.563281 0.038889 0.017188
0 0.415278 0.502734 0.019444 0.010156
0 0.329861 0.486328 0.015278 0.011719
0 0.975694 0.548828 0.015278 0.007031
0 0.870833 0.224609 0.025000 0.007031