0 0.867361 0.308203 0.045833 0.021094
0 0.830556 0.297656 0.019444 0.015625
0 0.865972 0.287500 0.023611 0.020313
0 0.010417 0.489063 0.020833 0.020313
0 0.705556 0.448437 0.044444 0.026562
0 0.748611 0.424609 0.038889 0.017969
0 0.795139 0.467187 0.048611 0.029687
0 0.817361 0.487500 0.062500 0.026562
0 0.756944 0.480859 0.027778 0.016406
0 0.907639 0.471875 0.034722 0.032813
0 0.950694 0.450781 0.054167 0.023438
0 0.973611 0.503125 0.050000 0.018750
0 0.941667 0.617578 0.061111 0.036719
0 0.779861 0.533594 0.029167 0.021875
0 0.734722 0.548828 0.055556 0.025781
0 0.593750 0.656641 0.048611 0.032031
0 0.693750 0.612500 0.056944 0.031250
0 0.702778 0.587891 0.019444 0.011719
0 0.961111 0.666406 0.033333 0.020313
0 0.644444 0.656641 0.044444 0.024219
0 0.120833 0.737891 0.047222 0.025781
0 0.048611 0.668359 0.025000 0.024219
0 0.077083 0.683594 0.043056 0.018750
0 0.074306 0.697266 0.020833 0.011719