0 0.052778 0.080078 0.050000 0.027344
0 0.084028 0.095312 0.048611 0.034375
0 0.065972 0.110156 0.045833 0.025000
0 0.027778 0.118359 0.050000 0.030469
0 0.045833 0.165625 0.050000 0.028125
0 0.077778 0.166797 0.033333 0.028906
0 0.016667 0.152734 0.027778 0.024219
0 0.022917 0.194531 0.043056 0.029687
0 0.095833 0.208594 0.047222 0.028125
0 0.065278 0.226172 0.055556 0.030469
0 0.027778 0.243750 0.055556 0.034375
0 0.111111 0.254297 0.036111 0.022656
0 0.006250 0.317578 0.009722 0.002344
0 0.098611 0.283594 0.036111 0.025000
0 0.210417 0.326172 0.048611 0.027344
0 0.285417 0.356250 0.045833 0.025000
0 0.300000 0.371875 0.041667 0.028125
0 0.074306 0.395703 0.031944 0.016406
0 0.030556 0.414453 0.055556 0.030469
0 0.240972 0.465625 0.048611 0.025000
0 0.300000 0.482812 0.041667 0.021875
0 0.254861 0.489844 0.043056 0.028125
0 0.212500 0.480859 0.050000 0.022656
0 0.214583 0.497656 0.029167 0.015625
0 0.048611 0.476172 0.047222 0.022656
0 0.095833 0.531250 0.055556 0.025000
0 0.116667 0.550781 0.055556 0.031250
0 0.187500 0.576562 0.030556 0.015625
0 0.123611 0.592578 0.052778 0.028906
0 0.088889 0.621484 0.052778 0.025781
0 0.134028 0.687500 0.040278 0.026562
0 0.075000 0.709375 0.055556 0.028125
0 0.047222 0.792578 0.052778 0.036719
0 0.071528 0.844922 0.054167 0.035156
0 0.181944 0.780469 0.025000 0.018750
0 0.191667 0.771875 0.025000 0.015625
0 0.132639 0.929688 0.051389 0.042188
0 0.638194 0.553125 0.034722 0.035937
0 0.733333 0.607422 0.077778 0.039844
0 0.585417 0.857031 0.079167 0.031250
0 0.159722 0.431641 0.050000 0.022656
0 0.104861 0.636719 0.026389 0.014063
0 0.029861 0.598437 0.034722 0.010937
0 0.210417 0.916016 0.048611 0.030469
0 0.103472 0.351562 0.062500 0.023438
0 0.087500 0.372656 0.027778 0.021875
0 0.095139 0.687109 0.034722 0.019531
0 0.044444 0.713672 0.016667 0.013281
0 0.152083 0.788281 0.015278 0.015625
0 0.056944 0.751953 0.044444 0.024219
0 0.694444 0.553906 0.044444 0.014063
0 0.977778 0.548047 0.041667 0.017969
0 0.979861 0.396875 0.026389 0.009375
0 0.816667 0.408594 0.030556 0.014063
0 0.980556 0.359375 0.030556 0.021875
0 0.924306 0.201953 0.056944 0.035156
0 0.907639 0.229687 0.056944 0.026562
0 0.959028 0.241797 0.056944 0.022656
0 0.972917 0.231250 0.029167 0.021875
0 0.886806 0.266406 0.023611 0.014063