0 0.093056 0.326953 0.047222 0.025781
0 0.046528 0.383594 0.048611 0.025000
0 0.013194 0.384766 0.020833 0.024219
0 0.388889 0.554688 0.041667 0.026562
0 0.411806 0.578516 0.043056 0.022656
0 0.250694 0.532813 0.037500 0.017188
0 0.293750 0.530859 0.031944 0.019531
0 0.300000 0.568750 0.041667 0.021875
0 0.290278 0.548828 0.044444 0.014844
0 0.259722 0.566406 0.036111 0.026562
0 0.235417 0.628125 0.059722 0.028125
0 0.217361 0.671875 0.048611 0.020313
0 0.475000 0.658203 0.058333 0.032031
0 0.734722 0.580469 0.058333 0.035937
0 0.788889 0.584375 0.061111 0.037500
0 0.803472 0.708203 0.045833 0.032031
0 0.206250 0.712500 0.048611 0.023438
0 0.049306 0.748047 0.031944 0.021094
0 0.586111 0.659375 0.044444 0.025000
0 0.483333 0.766406 0.050000 0.023438
0 0.761111 0.705469 0.047222 0.031250
0 0.772917 0.726562 0.018056 0.015625
0 0.013889 0.712500 0.025000 0.029687
0 0.081250 0.722656 0.048611 0.021875
0 0.228472 0.740234 0.045833 0.016406
0 0.263889 0.735938 0.033333 0.020313
0 0.383333 0.646875 0.016667 0.018750
0 0.459028 0.637500 0.034722 0.010937