0 0.124306 0.158203 0.043056 0.021094
0 0.169444 0.172266 0.044444 0.021094
0 0.169444 0.187500 0.027778 0.010937
0 0.207639 0.175000 0.031944 0.020313
0 0.241667 0.171094 0.036111 0.020313
0 0.219444 0.212500 0.036111 0.018750
0 0.139583 0.250781 0.048611 0.020313
0 0.145139 0.271875 0.043056 0.018750
0 0.260417 0.275391 0.029167 0.016406
0 0.640972 0.262109 0.048611 0.024219
0 0.742361 0.309766 0.034722 0.025781
0 0.747222 0.198437 0.047222 0.025000
0 0.118056 0.282422 0.030556 0.014844
0 0.845139 0.278516 0.048611 0.017969
0 0.744444 0.269922 0.027778 0.017969
0 0.800000 0.175391 0.041667 0.021094
0 0.831250 0.168359 0.037500 0.027344
0 0.812500 0.138672 0.041667 0.024219
0 0.856250 0.133594 0.040278 0.018750
0 0.646528 0.275781 0.031944 0.012500
0 0.218750 0.314063 0.026389 0.017188
0 0.187500 0.325781 0.027778 0.018750
0 0.249306 0.311328 0.034722 0.021094
0 0.231250 0.330859 0.037500 0.016406
0 0.670833 0.461328 0.052778 0.032031
0 0.745833 0.406250 0.036111 0.015625
0 0.928472 0.325781 0.065278 0.028125
0 0.881250 0.411328 0.031944 0.017969
0 0.922917 0.417187 0.026389 0.017188
0 0.902083 0.538672 0.054167 0.027344
0 0.828472 0.578906 0.054167 0.031250
0 0.811111 0.528516 0.019444 0.016406
0 0.347222 0.617188 0.038889 0.023438
0 0.211111 0.480078 0.036111 0.028906
0 0.031944 0.472656 0.044444 0.031250
0 0.172917 0.456250 0.045833 0.020313
0 0.898611 0.636328 0.069444 0.036719
0 0.530556 0.426563 0.022222 0.017188
0 0.634028 0.422266 0.020833 0.010156
0 0.403472 0.424219 0.034722 0.017188
0 0.141667 0.527734 0.055556 0.030469
0 0.527778 0.706250 0.038889 0.023438
0 0.284028 0.254688 0.026389 0.015625
0 0.861806 0.200391 0.040278 0.030469
0 0.804167 0.155859 0.027778 0.019531
0 0.782639 0.164062 0.018056 0.012500
0 0.505556 0.449609 0.025000 0.019531
0 0.469444 0.433984 0.022222 0.014844
0 0.456250 0.398828 0.029167 0.019531
0 0.387500 0.396875 0.036111 0.015625
0 0.346528 0.394141 0.020833 0.011719
0 0.122222 0.629297 0.025000 0.017969
0 0.050000 0.655469 0.038889 0.018750
0 0.375000 0.595703 0.025000 0.011719
0 0.658333 0.651563 0.019444 0.017188
0 0.881250 0.481250 0.023611 0.020313
0 0.978472 0.390234 0.023611 0.016406
0 0.993750 0.358203 0.009722 0.021094
0 0.950000 0.356250 0.019444 0.017188
0 0.231250 0.353125 0.018056 0.014063