0 0.873611 0.706250 0.047222 0.021875
0 0.064583 0.637109 0.051389 0.019531
0 0.102778 0.658594 0.052778 0.029687
0 0.203472 0.670312 0.031944 0.015625
0 0.242361 0.668750 0.034722 0.014063
0 0.226389 0.595313 0.047222 0.020313
0 0.140278 0.501172 0.041667 0.024219
0 0.183333 0.507422 0.038889 0.022656
0 0.568056 0.498828 0.033333 0.017969
0 0.469444 0.483203 0.027778 0.011719
0 0.470833 0.458594 0.052778 0.029687
0 0.529167 0.461719 0.050000 0.028125
0 0.291667 0.399219 0.047222 0.023438
0 0.325000 0.374609 0.047222 0.024219
0 0.452083 0.348828 0.043056 0.017969
0 0.529861 0.355469 0.048611 0.028125
0 0.575000 0.330859 0.036111 0.024219
0 0.131250 0.338672 0.037500 0.019531
0 0.575694 0.310547 0.040278 0.024219
0 0.489583 0.282813 0.043056 0.023438
0 0.527778 0.282813 0.033333 0.021875
0 0.511111 0.261328 0.044444 0.022656
0 0.284722 0.271484 0.033333 0.021094
0 0.335417 0.260547 0.040278 0.024219
0 0.367361 0.250391 0.045833 0.030469
0 0.372222 0.225781 0.038889 0.012500
0 0.596528 0.200391 0.040278 0.025781
0 0.980556 0.064453 0.036111 0.027344
0 0.506944 0.150391 0.033333 0.025781
0 0.339583 0.196484 0.062500 0.028906
0 0.329167 0.166797 0.038889 0.019531
0 0.367361 0.150000 0.051389 0.026562
0 0.373611 0.173437 0.044444 0.023438
0 0.406944 0.038281 0.052778 0.029687
0 0.985417 0.032031 0.026389 0.017188
0 0.250000 0.436328 0.061111 0.028906
0 0.476389 0.435156 0.030556 0.020313
0 0.548611 0.414062 0.052778 0.017188
0 0.502083 0.399219 0.040278 0.020313
0 0.523611 0.315234 0.033333 0.024219
0 0.471528 0.545703 0.026389 0.019531
0 0.634028 0.652344 0.015278 0.017188
0 0.680556 0.738672 0.011111 0.017969