0 0.343056 0.143359 0.027778 0.010156
0 0.372222 0.192969 0.050000 0.020313
0 0.402778 0.226953 0.044444 0.022656
0 0.327778 0.261719 0.050000 0.029687
0 0.289583 0.260156 0.029167 0.018750
0 0.282639 0.302344 0.054167 0.031250
0 0.375694 0.307422 0.048611 0.022656
0 0.427083 0.316406 0.037500 0.017188
0 0.359722 0.330859 0.019444 0.014844
0 0.517361 0.405469 0.045833 0.025000
0 0.484028 0.385547 0.029167 0.011719
0 0.281944 0.353516 0.019444 0.011719
0 0.422222 0.405859 0.022222 0.016406
0 0.434028 0.425391 0.026389 0.017969
0 0.390278 0.408203 0.025000 0.019531
0 0.472222 0.428516 0.013889 0.008594
0 0.427778 0.457031 0.044444 0.023438
0 0.524306 0.469531 0.054167 0.031250
0 0.302083 0.509375 0.034722 0.023438
0 0.221528 0.533594 0.056944 0.026562
0 0.195139 0.550781 0.048611 0.023438
0 0.270833 0.603516 0.050000 0.028906
0 0.265972 0.623437 0.034722 0.010937
0 0.231944 0.634766 0.047222 0.027344
0 0.188194 0.672266 0.048611 0.019531
0 0.147222 0.691797 0.044444 0.022656
0 0.502778 0.573047 0.041667 0.033594
0 0.379861 0.652344 0.048611 0.028125
0 0.381250 0.735547 0.054167 0.033594
0 0.256944 0.748047 0.044444 0.022656
0 0.160417 0.823828 0.073611 0.038281
0 0.543750 0.804297 0.054167 0.032031
0 0.537500 0.837500 0.058333 0.032813
0 0.754167 0.957031 0.025000 0.023438
0 0.826389 0.960156 0.044444 0.028125
0 0.954861 0.888281 0.054167 0.026562
0 0.714583 0.745703 0.040278 0.025781
0 0.537500 0.714063 0.047222 0.021875
0 0.670833 0.703516 0.041667 0.022656
0 0.782639 0.740625 0.034722 0.018750
0 0.672222 0.741797 0.036111 0.014844
0 0.635417 0.504687 0.043056 0.025000
0 0.698611 0.525781 0.047222 0.025000
0 0.570833 0.557813 0.041667 0.023438
0 0.332639 0.428906 0.043056 0.020313
0 0.602083 0.442578 0.018056 0.016406
0 0.632639 0.565234 0.015278 0.017969
0 0.340278 0.558594 0.022222 0.031250
0 0.304167 0.464453 0.019444 0.013281
0 0.913889 0.921484 0.033333 0.017969
0 0.897222 0.667578 0.027778 0.017969
0 0.910417 0.631641 0.029167 0.016406
0 0.952083 0.643750 0.012500 0.014063
0 0.927083 0.648047 0.012500 0.016406
0 0.950694 0.623047 0.020833 0.010156
0 0.927778 0.565625 0.027778 0.017188
0 0.513889 0.525781 0.022222 0.009375