0 0.882639 0.819922 0.093056 0.044531
0 0.513194 0.663281 0.059722 0.035937
0 0.555556 0.623047 0.066667 0.027344
0 0.568750 0.647266 0.056944 0.028906
0 0.486111 0.580859 0.055556 0.032031
0 0.674306 0.603125 0.076389 0.040625
0 0.765278 0.566016 0.063889 0.030469
0 0.566667 0.700000 0.036111 0.026562
0 0.156944 0.484766 0.052778 0.033594
0 0.129861 0.460547 0.045833 0.011719
0 0.318750 0.531641 0.048611 0.022656
0 0.701389 0.549219 0.066667 0.029687
0 0.809722 0.500391 0.061111 0.014844
0 0.091667 0.503125 0.027778 0.025000
0 0.560417 0.389844 0.040278 0.017188
0 0.734028 0.457031 0.034722 0.032813
0 0.825000 0.276172 0.058333 0.028906
0 0.896528 0.294531 0.056944 0.029687
0 0.363889 0.280859 0.055556 0.032031
0 0.452778 0.308594 0.033333 0.014063
0 0.511806 0.308984 0.026389 0.024219
0 0.545833 0.025391 0.041667 0.025781
0 0.614583 0.046875 0.054167 0.034375
0 0.565278 0.055859 0.061111 0.032031
0 0.525000 0.080078 0.058333 0.030469
0 0.552778 0.135937 0.061111 0.037500
0 0.620833 0.133984 0.047222 0.017969
0 0.648611 0.185547 0.080556 0.033594
0 0.618750 0.206250 0.023611 0.029687
0 0.589583 0.180859 0.056944 0.027344
0 0.563194 0.008203 0.051389 0.014844
0 0.499306 0.148828 0.051389 0.028906
0 0.467361 0.154297 0.037500 0.022656
0 0.535417 0.192578 0.059722 0.036719
0 0.561806 0.205469 0.051389 0.028125
0 0.031250 0.517188 0.029167 0.020313
0 0.144444 0.592969 0.055556 0.017188
0 0.013889 0.559766 0.025000 0.022656
0 0.309722 0.587500 0.044444 0.026562
0 0.388889 0.580078 0.038889 0.024219
0 0.640972 0.439453 0.034722 0.019531
0 0.088889 0.606250 0.022222 0.023438
0 0.059028 0.702344 0.037500 0.018750
0 0.140278 0.764844 0.041667 0.020313
0 0.381250 0.707031 0.045833 0.018750
0 0.547222 0.725781 0.030556 0.010937
0 0.483333 0.655469 0.033333 0.020313