0 0.010417 0.035156 0.020833 0.014063
0 0.034028 0.050000 0.034722 0.020313
0 0.140278 0.053906 0.041667 0.025000
0 0.150694 0.090234 0.045833 0.025781
0 0.124306 0.089844 0.034722 0.020313
0 0.094444 0.101172 0.038889 0.022656
0 0.056944 0.107813 0.025000 0.015625
0 0.035417 0.137500 0.031944 0.015625
0 0.080556 0.155078 0.025000 0.014844
0 0.026389 0.173437 0.038889 0.014063
0 0.061111 0.193359 0.016667 0.014844
0 0.091667 0.212891 0.030556 0.014844
0 0.125000 0.187891 0.033333 0.016406
0 0.161111 0.160547 0.025000 0.016406
0 0.234028 0.196094 0.043056 0.018750
0 0.019444 0.378125 0.036111 0.023438
0 0.020139 0.454688 0.029167 0.017188
0 0.063194 0.528516 0.031944 0.019531
0 0.145139 0.537891 0.045833 0.024219
0 0.165972 0.375391 0.045833 0.030469
0 0.189583 0.342969 0.040278 0.025000
0 0.216667 0.341016 0.027778 0.017969
0 0.320139 0.600391 0.026389 0.014844
0 0.359028 0.627734 0.026389 0.014844
0 0.434028 0.600781 0.018056 0.014063
0 0.459028 0.604297 0.029167 0.013281
0 0.427083 0.544531 0.015278 0.018750
0 0.527083 0.508984 0.029167 0.021094
0 0.554861 0.517578 0.048611 0.024219
0 0.530556 0.562891 0.033333 0.021094
0 0.540972 0.585938 0.031944 0.018750
0 0.586111 0.610547 0.033333 0.017969
0 0.590278 0.630078 0.036111 0.016406
0 0.760417 0.629297 0.023611 0.013281
0 0.611111 0.580078 0.050000 0.025781
0 0.715278 0.575391 0.050000 0.027344
0 0.804167 0.546875 0.055556 0.028125
0 0.802083 0.589453 0.029167 0.017969
0 0.938889 0.693750 0.055556 0.028125
0 0.909028 0.604297 0.043056 0.024219
0 0.898611 0.633594 0.061111 0.031250
0 0.959028 0.560547 0.059722 0.036719
0 0.715972 0.484375 0.023611 0.015625
0 0.814583 0.477734 0.043056 0.021094
0 0.878472 0.482812 0.048611 0.021875
0 0.203472 0.057031 0.026389 0.017188
0 0.221528 0.069141 0.023611 0.013281
0 0.284028 0.072266 0.015278 0.017969
0 0.265278 0.089063 0.036111 0.028125
0 0.288194 0.100391 0.020833 0.019531
0 0.300000 0.119922 0.038889 0.025781
0 0.306944 0.199609 0.052778 0.032031
0 0.324306 0.255859 0.051389 0.025781
0 0.270833 0.297656 0.052778 0.014063
0 0.428472 0.318750 0.051389 0.028125
0 0.462500 0.333984 0.030556 0.013281
0 0.400694 0.212109 0.031944 0.014844
0 0.379861 0.205078 0.020833 0.010156
0 0.432639 0.222656 0.031944 0.021875
0 0.458333 0.247656 0.030556 0.020313
0 0.461806 0.266016 0.018056 0.013281
0 0.580556 0.297656 0.033333 0.020313
0 0.527083 0.367969 0.029167 0.015625
0 0.283333 0.386328 0.038889 0.022656
0 0.251389 0.396875 0.030556 0.023438
0 0.327778 0.358594 0.038889 0.017188
0 0.551389 0.409375 0.022222 0.012500
0 0.487500 0.215625 0.036111 0.023438
0 0.523611 0.217578 0.033333 0.025781
0 0.543056 0.175391 0.022222 0.017969
0 0.550694 0.230469 0.023611 0.014063
0 0.515278 0.242578 0.027778 0.017969
0 0.644444 0.227344 0.036111 0.018750
0 0.656944 0.239453 0.025000 0.014844
0 0.653472 0.151172 0.037500 0.019531
0 0.754167 0.134766 0.041667 0.025781
0 0.764583 0.170703 0.040278 0.022656
0 0.733333 0.220312 0.033333 0.012500
0 0.682639 0.180469 0.026389 0.010937
0 0.795833 0.190625 0.038889 0.020313
0 0.820833 0.227734 0.033333 0.017969
0 0.853472 0.171875 0.040278 0.025000
0 0.841667 0.193359 0.033333 0.019531
0 0.877083 0.182031 0.031944 0.023438
0 0.863194 0.208594 0.031944 0.021875
0 0.920833 0.197266 0.027778 0.022656
0 0.946528 0.173437 0.045833 0.023438
0 0.986806 0.141797 0.023611 0.011719
0 0.990972 0.163281 0.015278 0.029687
0 0.584028 0.352344 0.026389 0.010937
0 0.638889 0.383984 0.022222 0.010156
0 0.652778 0.413281 0.027778 0.015625
0 0.680556 0.407813 0.027778 0.017188
0 0.706944 0.399609 0.025000 0.014844
0 0.721528 0.428516 0.029167 0.017969
0 0.911806 0.292969 0.031944 0.015625
0 0.931944 0.302734 0.033333 0.011719
0 0.955556 0.331641 0.025000 0.013281
0 0.791667 0.384375 0.027778 0.012500
0 0.800694 0.423438 0.029167 0.015625
0 0.901389 0.403516 0.022222 0.014844
0 0.957639 0.397266 0.018056 0.011719
0 0.135417 0.119922 0.029167 0.021094
0 0.088194 0.386328 0.023611 0.019531
0 0.132639 0.397266 0.048611 0.016406
0 0.718056 0.375000 0.022222 0.012500
0 0.723611 0.364844 0.022222 0.014063
0 0.893056 0.317188 0.025000 0.017188
0 0.986111 0.176953 0.025000 0.016406
0 0.865278 0.586328 0.027778 0.013281
0 0.970139 0.609766 0.034722 0.022656
0 0.932639 0.419531 0.029167 0.009375
0 0.659028 0.396484 0.029167 0.014844
0 0.252083 0.218750 0.034722 0.020313