0 0.461806 0.196484 0.051389 0.028906
0 0.418750 0.308594 0.048611 0.020313
0 0.035417 0.350000 0.054167 0.026562
0 0.207639 0.354297 0.034722 0.021094
0 0.244444 0.344531 0.033333 0.017188
0 0.290278 0.390625 0.050000 0.023438
0 0.232639 0.409375 0.040278 0.021875
0 0.422222 0.399609 0.052778 0.032031
0 0.071528 0.347266 0.026389 0.016406
0 0.063194 0.366016 0.031944 0.019531
0 0.348611 0.524219 0.050000 0.032813
0 0.339583 0.582812 0.048611 0.031250
0 0.514583 0.530078 0.040278 0.021094
0 0.649306 0.555469 0.029167 0.023438
0 0.256250 0.645312 0.070833 0.032813
0 0.532639 0.648828 0.048611 0.022656
0 0.684028 0.554297 0.040278 0.027344
0 0.791667 0.517969 0.047222 0.023438
0 0.567361 0.632812 0.037500 0.029687
0 0.094444 0.364453 0.025000 0.021094
0 0.083333 0.567578 0.033333 0.021094
0 0.015278 0.407422 0.022222 0.016406
0 0.103472 0.591797 0.029167 0.011719
0 0.301389 0.591797 0.027778 0.017969