0 0.451389 0.152734 0.052778 0.028906
0 0.394444 0.170703 0.052778 0.022656
0 0.392361 0.143750 0.031944 0.021875
0 0.427778 0.200781 0.041667 0.021875
0 0.053472 0.244531 0.034722 0.021875
0 0.136111 0.289062 0.036111 0.023438
0 0.057639 0.364063 0.040278 0.023438
0 0.049306 0.409766 0.048611 0.024219
0 0.069444 0.340234 0.033333 0.011719
0 0.126389 0.370312 0.025000 0.015625
0 0.138194 0.386328 0.031944 0.021094
0 0.123611 0.408594 0.036111 0.020313
0 0.156250 0.399609 0.026389 0.008594
0 0.153472 0.425391 0.037500 0.019531
0 0.157639 0.467187 0.040278 0.020313
0 0.073611 0.542969 0.016667 0.014063
0 0.111806 0.560937 0.029167 0.015625
0 0.190972 0.694922 0.023611 0.022656
0 0.153472 0.708984 0.015278 0.014844
0 0.602083 0.222656 0.029167 0.020313
0 0.619444 0.293750 0.036111 0.025000
0 0.657639 0.300000 0.043056 0.023438
0 0.612500 0.528516 0.047222 0.024219
0 0.073611 0.422656 0.016667 0.012500
0 0.985417 0.722656 0.020833 0.018750
0 0.359028 0.757031 0.045833 0.029687
0 0.202778 0.786719 0.038889 0.025000
0 0.255556 0.777344 0.011111 0.010937
0 0.323611 0.702734 0.027778 0.008594
0 0.438889 0.173047 0.038889 0.016406
0 0.037500 0.213281 0.022222 0.012500
0 0.006250 0.275781 0.012500 0.009375
0 0.093056 0.392578 0.030556 0.019531
0 0.013194 0.424219 0.023611 0.018750
0 0.124306 0.476172 0.031944 0.019531
0 0.052083 0.546484 0.020833 0.013281
0 0.030556 0.526563 0.052778 0.028125
0 0.031250 0.545312 0.023611 0.014063
0 0.020139 0.557813 0.034722 0.012500
0 0.013194 0.642969 0.020833 0.009375
0 0.177778 0.788672 0.027778 0.021094