0 0.406250 0.042578 0.056944 0.030469
0 0.461806 0.011328 0.059722 0.019531
0 0.731944 0.039062 0.058333 0.025000
0 0.772222 0.036719 0.036111 0.026562
0 0.901389 0.021875 0.080556 0.042188
0 0.808333 0.066406 0.047222 0.032813
0 0.776389 0.071484 0.050000 0.042969
0 0.727778 0.078906 0.061111 0.043750
0 0.681944 0.078906 0.036111 0.029687
0 0.640972 0.088281 0.059722 0.034375
0 0.608333 0.113281 0.072222 0.040625
0 0.681944 0.130859 0.063889 0.032031
0 0.721528 0.139453 0.034722 0.025781
0 0.820139 0.165234 0.065278 0.032031
0 0.438889 0.074219 0.038889 0.018750
0 0.508333 0.085938 0.036111 0.018750
0 0.516667 0.134375 0.066667 0.026562
0 0.608333 0.156250 0.044444 0.025000
0 0.432639 0.117188 0.029167 0.021875
0 0.409028 0.171094 0.051389 0.032813
0 0.477083 0.169922 0.051389 0.033594
0 0.377778 0.193750 0.052778 0.031250
0 0.386806 0.219531 0.040278 0.023438
0 0.420139 0.239844 0.056944 0.029687
0 0.466667 0.256641 0.047222 0.027344
0 0.452778 0.272656 0.055556 0.021875
0 0.662500 0.266016 0.047222 0.028906
0 0.605556 0.208203 0.050000 0.028906
0 0.723611 0.266406 0.044444 0.023438
0 0.770139 0.253516 0.040278 0.033594
0 0.807639 0.287109 0.054167 0.030469
0 0.861806 0.287891 0.051389 0.027344
0 0.917361 0.285938 0.062500 0.037500
0 0.956944 0.279297 0.050000 0.033594
0 0.844444 0.310937 0.033333 0.021875
0 0.869444 0.307422 0.022222 0.011719
0 0.854861 0.370703 0.045833 0.032031
0 0.810417 0.354687 0.037500 0.015625
0 0.721528 0.332813 0.043056 0.029687
0 0.586806 0.353516 0.068056 0.038281
0 0.642361 0.351562 0.031944 0.037500
0 0.693750 0.358984 0.056944 0.021094
0 0.789583 0.382422 0.043056 0.025781
0 0.874306 0.403906 0.070833 0.034375
0 0.924306 0.412500 0.048611 0.034375
0 0.979167 0.398438 0.038889 0.031250
0 0.368056 0.353516 0.033333 0.014844
0 0.336806 0.369922 0.051389 0.030469
0 0.429167 0.370703 0.061111 0.028906
0 0.498611 0.393750 0.050000 0.026562
0 0.721528 0.427344 0.045833 0.029687
0 0.320833 0.441016 0.030556 0.022656
0 0.290278 0.466016 0.038889 0.028906
0 0.200694 0.409766 0.034722 0.019531
0 0.176389 0.421094 0.027778 0.014063
0 0.337500 0.530078 0.052778 0.036719
0 0.284722 0.535547 0.055556 0.027344
0 0.296528 0.566797 0.056944 0.030469
0 0.386111 0.521484 0.063889 0.032031
0 0.416667 0.539844 0.047222 0.026562
0 0.459028 0.526563 0.054167 0.023438
0 0.524306 0.463281 0.020833 0.018750
0 0.443750 0.419922 0.054167 0.024219
0 0.298611 0.366406 0.036111 0.025000
0 0.741667 0.530859 0.052778 0.033594
0 0.715278 0.518359 0.038889 0.027344
0 0.715972 0.472266 0.037500 0.014844
0 0.876389 0.537500 0.050000 0.023438
0 0.740972 0.469141 0.026389 0.017969
0 0.958333 0.576953 0.038889 0.025781
0 0.611111 0.560937 0.050000 0.029687
0 0.686111 0.550000 0.030556 0.017188
0 0.270139 0.594531 0.056944 0.026562
0 0.219444 0.611719 0.058333 0.031250
0 0.275000 0.629297 0.069444 0.028906
0 0.325000 0.615625 0.044444 0.032813
0 0.580556 0.677344 0.052778 0.037500
0 0.984028 0.716016 0.029167 0.033594
0 0.453472 0.796094 0.059722 0.037500
0 0.511111 0.700391 0.055556 0.021094
0 0.710417 0.775781 0.048611 0.026562
0 0.633333 0.759375 0.052778 0.023438
0 0.829861 0.754297 0.023611 0.025781
0 0.926389 0.775781 0.052778 0.028125
0 0.984028 0.767578 0.029167 0.030469
0 0.841667 0.774219 0.016667 0.017188
0 0.346528 0.844531 0.054167 0.028125
0 0.238889 0.886328 0.058333 0.032031
0 0.133333 0.895703 0.058333 0.038281
0 0.079167 0.894141 0.058333 0.036719
0 0.280556 0.943750 0.066667 0.042188
0 0.943750 0.821094 0.051389 0.020313
0 0.688194 0.442969 0.034722 0.017188
0 0.017361 0.561719 0.031944 0.031250
0 0.013889 0.431250 0.025000 0.031250
0 0.013889 0.633594 0.022222 0.023438
0 0.058333 0.847266 0.025000 0.019531
0 0.020833 0.883984 0.038889 0.028906
0 0.497917 0.606641 0.051389 0.025781
0 0.911111 0.387109 0.027778 0.014844