0 0.520833 0.054297 0.069444 0.039844
0 0.499306 0.062109 0.043056 0.033594
0 0.435417 0.165234 0.054167 0.033594
0 0.609722 0.211328 0.072222 0.042969
0 0.547222 0.240234 0.063889 0.042969
0 0.412500 0.213281 0.061111 0.028125
0 0.620833 0.251953 0.055556 0.022656
0 0.637500 0.325781 0.044444 0.025000
0 0.689583 0.341016 0.051389 0.038281
0 0.736111 0.313281 0.050000 0.020313
0 0.877778 0.429688 0.061111 0.028125
0 0.345139 0.357422 0.034722 0.010156
0 0.344444 0.378516 0.038889 0.017969
0 0.325694 0.394531 0.054167 0.025000
0 0.311111 0.418750 0.050000 0.026562
0 0.310417 0.446094 0.062500 0.035937
0 0.390972 0.407813 0.031944 0.031250
0 0.431944 0.441406 0.041667 0.029687
0 0.286806 0.508984 0.023611 0.021094
0 0.351389 0.525000 0.063889 0.032813
0 0.426389 0.537500 0.036111 0.021875
0 0.709028 0.535937 0.045833 0.034375
0 0.381250 0.613672 0.034722 0.019531
0 0.375000 0.729297 0.066667 0.035156
0 0.500000 0.632812 0.038889 0.015625
0 0.134722 0.957422 0.038889 0.019531
0 0.616667 0.300391 0.041667 0.025781
0 0.511806 0.665234 0.045833 0.025781
0 0.798611 0.610547 0.052778 0.033594
0 0.007639 0.498437 0.012500 0.029687
0 0.016667 0.180859 0.030556 0.032031
0 0.557639 0.283984 0.029167 0.010156
0 0.571528 0.325000 0.054167 0.034375
0 0.393750 0.434375 0.059722 0.029687
0 0.456250 0.553516 0.048611 0.025781
0 0.487500 0.532031 0.058333 0.028125
0 0.525000 0.511719 0.030556 0.017188
0 0.381250 0.766797 0.031944 0.010156
0 0.263194 0.746484 0.040278 0.017969
0 0.211111 0.960156 0.055556 0.039062
0 0.500000 0.690234 0.038889 0.019531
0 0.712500 0.650781 0.027778 0.012500
0 0.774306 0.674609 0.026389 0.013281