0 0.540278 0.082422 0.041667 0.021094
0 0.483333 0.106250 0.038889 0.021875
0 0.497222 0.157031 0.044444 0.018750
0 0.522917 0.173437 0.026389 0.017188
0 0.584722 0.188281 0.044444 0.025000
0 0.400694 0.181250 0.045833 0.023438
0 0.378472 0.215234 0.040278 0.025781
0 0.416667 0.212891 0.033333 0.021094
0 0.438889 0.186719 0.030556 0.021875
0 0.439583 0.238672 0.034722 0.016406
0 0.515972 0.240625 0.031944 0.020313
0 0.535417 0.282422 0.040278 0.022656
0 0.522917 0.302734 0.037500 0.019531
0 0.586806 0.309375 0.037500 0.021875
0 0.644444 0.308203 0.044444 0.028906
0 0.556944 0.272656 0.027778 0.015625
0 0.354861 0.278516 0.045833 0.024219
0 0.378472 0.300781 0.054167 0.020313
0 0.432639 0.274219 0.020833 0.010937
0 0.467361 0.315234 0.029167 0.016406
0 0.479167 0.342187 0.019444 0.020313
0 0.355556 0.388281 0.041667 0.025000
0 0.430556 0.361328 0.022222 0.014844
0 0.454167 0.379297 0.027778 0.019531
0 0.524306 0.375391 0.048611 0.024219
0 0.680556 0.340625 0.044444 0.025000
0 0.590972 0.382031 0.034722 0.020313
0 0.506250 0.393359 0.051389 0.027344
0 0.688194 0.464062 0.045833 0.025000
0 0.297222 0.436328 0.041667 0.014844
0 0.284722 0.465234 0.033333 0.021094
0 0.331250 0.484375 0.040278 0.021875
0 0.358333 0.468359 0.030556 0.016406
0 0.381944 0.481641 0.030556 0.016406
0 0.461806 0.534375 0.029167 0.018750
0 0.505556 0.547266 0.027778 0.016406
0 0.620833 0.550000 0.033333 0.017188
0 0.709028 0.530078 0.034722 0.013281
0 0.754861 0.536328 0.029167 0.017969
0 0.267361 0.503906 0.043056 0.018750
0 0.105556 0.533984 0.038889 0.021094
0 0.370833 0.579297 0.038889 0.019531
0 0.216667 0.658594 0.038889 0.020313
0 0.568750 0.654297 0.034722 0.017969
0 0.610417 0.717969 0.048611 0.028125
0 0.272917 0.695703 0.040278 0.024219
0 0.119444 0.792578 0.044444 0.025781
0 0.031250 0.764844 0.034722 0.015625
0 0.622222 0.773047 0.041667 0.032031
0 0.726389 0.780469 0.047222 0.028125
0 0.412500 0.239844 0.044444 0.020313
0 0.464583 0.223438 0.034722 0.031250
0 0.449306 0.293359 0.015278 0.011719
0 0.540972 0.394141 0.023611 0.014844
0 0.302778 0.529687 0.027778 0.015625
0 0.222917 0.566016 0.045833 0.016406
0 0.169444 0.660547 0.025000 0.019531
0 0.291667 0.703906 0.030556 0.015625
0 0.575694 0.531250 0.018056 0.015625
0 0.964583 0.559375 0.040278 0.017188
0 0.681250 0.394531 0.020833 0.012500
0 0.853472 0.651953 0.023611 0.010156
0 0.881250 0.805078 0.012500 0.017969
0 0.686806 0.866406 0.054167 0.031250
0 0.105556 0.926172 0.027778 0.014844
0 0.679167 0.961719 0.075000 0.040625
0 0.427083 0.620313 0.043056 0.018750