0 0.565278 0.110547 0.055556 0.025781
0 0.618056 0.139453 0.063889 0.032031
0 0.601389 0.169531 0.044444 0.023438
0 0.667361 0.187109 0.043056 0.030469
0 0.618750 0.198828 0.054167 0.027344
0 0.572917 0.219141 0.059722 0.027344
0 0.610417 0.268359 0.065278 0.035156
0 0.664583 0.272266 0.054167 0.021094
0 0.549306 0.282813 0.043056 0.025000
0 0.701389 0.316016 0.047222 0.027344
0 0.593750 0.323047 0.051389 0.032031
0 0.628472 0.333203 0.034722 0.024219
0 0.879861 0.394922 0.056944 0.027344
0 0.520139 0.430859 0.045833 0.028906
0 0.581944 0.361328 0.022222 0.028906
0 0.946528 0.406641 0.059722 0.027344
0 0.609722 0.500391 0.044444 0.025781
0 0.234722 0.594531 0.050000 0.029687
0 0.211806 0.574609 0.045833 0.016406
0 0.390972 0.643750 0.040278 0.021875
0 0.825000 0.673438 0.069444 0.034375
0 0.759722 0.653906 0.058333 0.028125
0 0.559722 0.692187 0.055556 0.034375
0 0.740972 0.709375 0.065278 0.037500
0 0.627778 0.730859 0.066667 0.028906
0 0.650000 0.760547 0.044444 0.032031
0 0.589583 0.777734 0.070833 0.033594
0 0.466667 0.819531 0.038889 0.017188
0 0.470139 0.692578 0.048611 0.030469
0 0.375694 0.698438 0.037500 0.023438
0 0.875694 0.608203 0.048611 0.019531
0 0.436806 0.397656 0.048611 0.014063
0 0.563194 0.617578 0.034722 0.016406
0 0.662500 0.385547 0.044444 0.011719
0 0.643056 0.308984 0.052778 0.024219
0 0.650694 0.320703 0.056944 0.025781
0 0.677083 0.329297 0.023611 0.024219
0 0.501389 0.441406 0.025000 0.009375
0 0.589583 0.440625 0.020833 0.014063
0 0.190278 0.610938 0.044444 0.034375
0 0.015278 0.529297 0.025000 0.030469
0 0.059722 0.532031 0.055556 0.017188
0 0.791667 0.571875 0.030556 0.018750
0 0.425000 0.754687 0.041667 0.018750
0 0.645139 0.808984 0.045833 0.035156
0 0.636111 0.853516 0.058333 0.036719
0 0.127778 0.816797 0.022222 0.019531
0 0.145139 0.807031 0.031944 0.017188
0 0.213889 0.877344 0.038889 0.025000
0 0.081250 0.873437 0.026389 0.015625
0 0.075000 0.647266 0.033333 0.021094
0 0.128472 0.625391 0.043056 0.030469
0 0.102778 0.673828 0.033333 0.019531
0 0.012500 0.583984 0.025000 0.019531
0 0.698611 0.547656 0.027778 0.025000
0 0.247222 0.702344 0.036111 0.014063
0 0.937500 0.931641 0.041667 0.024219
0 0.964583 0.948438 0.062500 0.032813