0 0.109028 0.667969 0.026389 0.017188
0 0.072222 0.680078 0.013889 0.014844
0 0.942361 0.582031 0.023611 0.010937
0 0.014583 0.533203 0.026389 0.019531
0 0.559028 0.494141 0.037500 0.010156
0 0.551389 0.480078 0.044444 0.008594
0 0.206250 0.523828 0.012500 0.008594
0 0.139583 0.490234 0.009722 0.008594
0 0.238889 0.467969 0.025000 0.007812
0 0.044444 0.437891 0.036111 0.019531
0 0.015972 0.446875 0.020833 0.015625
0 0.039583 0.389453 0.031944 0.017969
0 0.015972 0.375391 0.026389 0.017969
0 0.027083 0.354297 0.034722 0.022656
0 0.033333 0.339844 0.016667 0.009375
0 0.027778 0.250000 0.036111 0.025000
0 0.577083 0.266797 0.043056 0.028906
0 0.535417 0.256641 0.037500 0.025781
0 0.524306 0.186719 0.029167 0.021875
0 0.374306 0.169922 0.031944 0.022656
0 0.390278 0.117969 0.047222 0.029687
0 0.364583 0.137109 0.043056 0.017969
0 0.322222 0.134766 0.047222 0.022656
0 0.334722 0.107422 0.052778 0.019531
0 0.290278 0.719922 0.041667 0.024219
0 0.128472 0.756250 0.045833 0.029687