0 0.050694 0.073828 0.040278 0.024219
0 0.092361 0.076953 0.037500 0.022656
0 0.104167 0.095703 0.038889 0.014844
0 0.023611 0.105078 0.019444 0.016406
0 0.011111 0.116797 0.022222 0.019531
0 0.009028 0.150391 0.012500 0.022656
0 0.012500 0.219141 0.022222 0.014844
0 0.145833 0.249219 0.047222 0.023438
0 0.136111 0.315234 0.044444 0.028906
0 0.079861 0.347656 0.048611 0.028125
0 0.112500 0.368359 0.041667 0.024219
0 0.181944 0.388672 0.022222 0.013281
0 0.195833 0.490625 0.044444 0.020313
0 0.067361 0.717187 0.034722 0.023438
0 0.293750 0.586328 0.062500 0.030469
0 0.178472 0.541016 0.020833 0.016406
0 0.152083 0.593359 0.020833 0.011719
0 0.411111 0.581641 0.027778 0.021094
0 0.497917 0.588672 0.051389 0.027344
0 0.580556 0.652344 0.027778 0.015625
0 0.616667 0.682031 0.033333 0.017188
0 0.390278 0.421094 0.036111 0.025000
0 0.137500 0.103125 0.022222 0.012500
0 0.089583 0.123047 0.031944 0.024219
0 0.125000 0.132422 0.036111 0.021094
0 0.147917 0.126562 0.018056 0.014063
0 0.106944 0.141797 0.027778 0.016406
0 0.109722 0.155859 0.027778 0.010156
0 0.126389 0.208203 0.027778 0.013281
0 0.265278 0.091016 0.038889 0.017969
0 0.184722 0.146875 0.030556 0.017188
0 0.163194 0.164062 0.018056 0.014063
0 0.276389 0.179297 0.027778 0.013281
0 0.290278 0.150781 0.036111 0.020313
0 0.319444 0.194922 0.022222 0.013281
0 0.283333 0.241797 0.044444 0.021094
0 0.263889 0.269141 0.047222 0.024219
0 0.210417 0.305078 0.040278 0.021094
0 0.309722 0.233984 0.013889 0.010156
0 0.378472 0.229297 0.037500 0.019531
0 0.338889 0.251953 0.030556 0.016406
0 0.320139 0.120313 0.029167 0.015625
0 0.376389 0.137109 0.036111 0.022656
0 0.343750 0.132812 0.018056 0.020313
0 0.404861 0.087891 0.034722 0.024219
0 0.391667 0.113281 0.033333 0.018750
0 0.440972 0.080078 0.051389 0.025781
0 0.500000 0.079687 0.027778 0.015625
0 0.429167 0.116797 0.025000 0.025781
0 0.463889 0.120313 0.050000 0.029687
0 0.561806 0.116797 0.034722 0.024219
0 0.570833 0.129688 0.025000 0.018750
0 0.584028 0.148047 0.034722 0.024219
0 0.440972 0.189844 0.031944 0.020313
0 0.418056 0.197656 0.030556 0.023438
0 0.502778 0.228906 0.041667 0.017188
0 0.534028 0.413672 0.040278 0.030469
0 0.695833 0.649219 0.019444 0.014063
0 0.727083 0.654687 0.037500 0.015625
0 0.727083 0.591406 0.037500 0.017188
0 0.879167 0.680469 0.036111 0.017188
0 0.810417 0.644531 0.037500 0.015625
0 0.879861 0.664062 0.034722 0.010937
0 0.975000 0.627344 0.047222 0.032813
0 0.897222 0.635938 0.022222 0.018750
0 0.892361 0.610156 0.045833 0.029687
0 0.872917 0.550391 0.040278 0.021094
0 0.910417 0.558984 0.051389 0.024219
0 0.635417 0.222656 0.048611 0.029687
0 0.652083 0.282422 0.056944 0.033594
0 0.763194 0.241797 0.037500 0.024219
0 0.801389 0.243750 0.036111 0.021875
0 0.827083 0.255469 0.026389 0.018750
0 0.818750 0.200000 0.020833 0.017188
0 0.796528 0.267578 0.037500 0.013281
0 0.735417 0.275000 0.020833 0.009375
0 0.751389 0.350391 0.055556 0.030469
0 0.955556 0.169922 0.041667 0.021094
0 0.948611 0.248828 0.041667 0.022656
0 0.875000 0.329297 0.022222 0.010156
0 0.793750 0.402734 0.034722 0.014844
0 0.870139 0.417969 0.020833 0.010937
0 0.883333 0.428125 0.016667 0.012500
0 0.945139 0.436328 0.026389 0.016406
0 0.967361 0.461719 0.031944 0.014063
0 0.918056 0.442578 0.030556 0.011719
0 0.890278 0.446484 0.019444 0.011719
0 0.875000 0.448047 0.013889 0.014844
0 0.609722 0.424609 0.033333 0.022656
0 0.600694 0.330078 0.043056 0.016406
0 0.538194 0.350391 0.029167 0.024219
0 0.338194 0.448047 0.059722 0.022656
0 0.544444 0.380859 0.052778 0.030469
0 0.580556 0.373828 0.036111 0.022656
0 0.818056 0.446484 0.016667 0.016406
0 0.372222 0.501172 0.025000 0.022656
0 0.211111 0.544531 0.033333 0.026562
0 0.239583 0.599609 0.029167 0.028906
0 0.450694 0.148438 0.037500 0.023438
0 0.459028 0.436328 0.045833 0.025781
0 0.921528 0.595703 0.034722 0.013281
0 0.443750 0.053125 0.023611 0.021875
0 0.273611 0.725000 0.047222 0.037500
0 0.818056 0.726562 0.027778 0.018750