0 0.505556 0.438281 0.025000 0.014063
0 0.537500 0.435156 0.036111 0.018750
0 0.479861 0.490625 0.051389 0.026562
0 0.449306 0.507422 0.040278 0.016406
0 0.484722 0.566406 0.019444 0.012500
0 0.563889 0.554297 0.044444 0.027344
0 0.596528 0.544141 0.045833 0.024219
0 0.639583 0.621094 0.054167 0.026562
0 0.556944 0.649219 0.052778 0.025000
0 0.198611 0.718750 0.044444 0.029687
0 0.255556 0.734766 0.047222 0.027344
0 0.427778 0.673828 0.041667 0.017969
0 0.512500 0.693750 0.025000 0.014063
0 0.482639 0.748437 0.034722 0.025000
0 0.615278 0.669922 0.044444 0.022656
0 0.700000 0.679297 0.044444 0.033594
0 0.731944 0.702344 0.050000 0.021875
0 0.746528 0.659766 0.048611 0.017969
0 0.516667 0.459766 0.025000 0.019531
0 0.575694 0.477344 0.037500 0.025000
0 0.095833 0.582031 0.038889 0.025000
0 0.084028 0.535156 0.031944 0.023438
0 0.061111 0.251172 0.058333 0.033594
0 0.516667 0.510547 0.038889 0.017969
0 0.572222 0.516016 0.041667 0.025781
0 0.050000 0.539844 0.052778 0.032813
0 0.035417 0.755469 0.045833 0.031250
0 0.446528 0.747656 0.020833 0.020313
0 0.021528 0.236719 0.037500 0.032813
0 0.081944 0.566016 0.027778 0.014844
0 0.042361 0.573047 0.026389 0.016406
0 0.029861 0.717187 0.051389 0.028125
0 0.018056 0.580859 0.030556 0.017969
0 0.270833 0.764844 0.033333 0.017188
0 0.487500 0.630859 0.036111 0.014844
0 0.971528 0.643359 0.031944 0.017969
0 0.992361 0.645312 0.012500 0.018750