0 0.295833 0.238281 0.047222 0.025000
0 0.347917 0.271484 0.056944 0.025781
0 0.290972 0.268750 0.045833 0.023438
0 0.177083 0.326953 0.056944 0.032031
0 0.200000 0.440234 0.044444 0.030469
0 0.241667 0.435547 0.030556 0.027344
0 0.426389 0.539062 0.058333 0.031250
0 0.583333 0.544531 0.041667 0.017188
0 0.529167 0.558203 0.038889 0.014844
0 0.328472 0.579297 0.034722 0.024219
0 0.381944 0.609375 0.041667 0.031250
0 0.302778 0.624219 0.061111 0.029687
0 0.322917 0.642188 0.054167 0.028125
0 0.579861 0.666406 0.031944 0.025000
0 0.436111 0.672266 0.036111 0.030469
0 0.193056 0.704297 0.058333 0.035156
0 0.355556 0.730859 0.075000 0.039844
0 0.357639 0.763672 0.026389 0.019531
0 0.370139 0.782422 0.015278 0.013281
0 0.520139 0.837500 0.045833 0.018750
0 0.404167 0.727734 0.036111 0.021094
0 0.450000 0.826953 0.044444 0.014844
0 0.405556 0.926953 0.091667 0.050781
0 0.578472 0.725781 0.029167 0.026562
0 0.044444 0.741406 0.055556 0.025000
0 0.443056 0.392578 0.047222 0.021094
0 0.238889 0.763672 0.036111 0.024219
0 0.017361 0.848437 0.031944 0.025000
0 0.789583 0.892969 0.090278 0.031250
0 0.558333 0.926172 0.016667 0.021094