0 0.459028 0.021484 0.048611 0.025781
0 0.510417 0.053516 0.048611 0.038281
0 0.562500 0.046875 0.061111 0.042188
0 0.531944 0.071875 0.047222 0.017188
0 0.586806 0.176953 0.037500 0.039844
0 0.595833 0.205859 0.019444 0.028906
0 0.547222 0.232813 0.050000 0.031250
0 0.650694 0.195312 0.031944 0.014063
0 0.684028 0.226562 0.018056 0.012500
0 0.502083 0.254297 0.059722 0.027344
0 0.425694 0.275000 0.056944 0.031250
0 0.390972 0.300000 0.020833 0.017188
0 0.529167 0.389844 0.061111 0.031250
0 0.487500 0.393750 0.047222 0.028125
0 0.601389 0.410547 0.047222 0.025781
0 0.531944 0.486719 0.069444 0.037500
0 0.552083 0.519531 0.040278 0.028125
0 0.591667 0.503906 0.069444 0.039062
0 0.634028 0.528906 0.062500 0.028125
0 0.595139 0.581641 0.056944 0.032031
0 0.558333 0.569141 0.025000 0.019531
0 0.498611 0.530469 0.066667 0.029687
0 0.463194 0.556641 0.026389 0.017969
0 0.356944 0.509375 0.033333 0.017188
0 0.337500 0.460156 0.036111 0.020313
0 0.328472 0.655469 0.023611 0.014063
0 0.293056 0.661328 0.038889 0.013281
0 0.553472 0.605078 0.029167 0.030469
0 0.615278 0.682813 0.052778 0.034375
0 0.281944 0.761719 0.052778 0.035937
0 0.097917 0.742578 0.051389 0.021094
0 0.688889 0.337500 0.044444 0.023438
0 0.703472 0.325000 0.023611 0.009375
0 0.743750 0.400000 0.043056 0.012500
0 0.706944 0.402734 0.038889 0.021094
0 0.965278 0.590234 0.041667 0.022656
0 0.646528 0.850000 0.059722 0.026562
0 0.414583 0.659766 0.020833 0.013281
0 0.432639 0.748047 0.034722 0.024219
0 0.884028 0.805078 0.037500 0.016406
0 0.485417 0.046875 0.031944 0.029687
0 0.479167 0.311328 0.027778 0.032031
0 0.686806 0.530469 0.045833 0.014063
0 0.990972 0.598047 0.015278 0.016406
0 0.429167 0.947656 0.041667 0.039062
0 0.430556 0.866797 0.058333 0.032031