0 0.229861 0.013672 0.045833 0.025781
0 0.124306 0.056250 0.037500 0.023438
0 0.097917 0.070703 0.043056 0.028906
0 0.199306 0.075000 0.031944 0.021875
0 0.183333 0.101953 0.052778 0.027344
0 0.242361 0.076953 0.043056 0.022656
0 0.275694 0.083984 0.048611 0.027344
0 0.220139 0.128906 0.034722 0.017188
0 0.148611 0.140625 0.033333 0.026562
0 0.091667 0.166406 0.027778 0.015625
0 0.086806 0.184766 0.031944 0.016406
0 0.009028 0.214453 0.018056 0.030469
0 0.006250 0.283594 0.012500 0.017188
0 0.022222 0.295312 0.036111 0.017188
0 0.156250 0.280469 0.051389 0.025000
0 0.127083 0.310547 0.034722 0.014844
0 0.177083 0.319531 0.034722 0.023438
0 0.160417 0.163281 0.040278 0.021875
0 0.206250 0.163281 0.043056 0.028125
0 0.389583 0.062109 0.043056 0.019531
0 0.388194 0.082812 0.037500 0.015625
0 0.468056 0.099219 0.052778 0.032813
0 0.505556 0.085547 0.038889 0.024219
0 0.340972 0.190234 0.056944 0.028906
0 0.153472 0.218750 0.037500 0.021875
0 0.237500 0.345703 0.044444 0.021094
0 0.060417 0.461719 0.043056 0.025000
0 0.138889 0.460547 0.041667 0.022656
0 0.140972 0.474219 0.040278 0.014063
0 0.093750 0.631250 0.026389 0.020313
0 0.034722 0.677344 0.066667 0.032813
0 0.045833 0.774609 0.027778 0.024219
0 0.011111 0.798047 0.016667 0.016406
0 0.137500 0.749219 0.050000 0.012500
0 0.162500 0.763281 0.016667 0.009375
0 0.196528 0.783203 0.023611 0.016406
0 0.222917 0.783594 0.026389 0.018750
0 0.254861 0.876953 0.048611 0.033594
0 0.140278 0.843750 0.030556 0.015625
0 0.281944 0.725391 0.058333 0.032031
0 0.437500 0.762891 0.055556 0.027344
0 0.707639 0.794531 0.026389 0.014063
0 0.739583 0.662891 0.040278 0.027344
0 0.356250 0.672266 0.031944 0.017969
0 0.529167 0.642188 0.030556 0.018750
0 0.743750 0.715625 0.065278 0.039062
0 0.822222 0.743750 0.058333 0.031250
0 0.879167 0.766797 0.063889 0.030469
0 0.965972 0.782422 0.040278 0.021094
0 0.793750 0.765234 0.054167 0.028906
0 0.825694 0.786719 0.043056 0.028125
0 0.686806 0.808594 0.040278 0.017188
0 0.698611 0.840234 0.052778 0.038281
0 0.768056 0.844531 0.063889 0.035937
0 0.492361 0.557422 0.015278 0.011719
0 0.269444 0.616797 0.036111 0.011719
0 0.354167 0.615625 0.030556 0.012500
0 0.283333 0.242969 0.044444 0.025000
0 0.261806 0.299609 0.040278 0.024219
0 0.314583 0.314844 0.040278 0.021875
0 0.354861 0.308984 0.051389 0.032031
0 0.391667 0.250781 0.055556 0.031250
0 0.443056 0.255469 0.044444 0.026562
0 0.493750 0.178516 0.056944 0.036719
0 0.546528 0.301563 0.062500 0.032813
0 0.604167 0.248828 0.069444 0.035156
0 0.592361 0.309766 0.043056 0.027344
0 0.636806 0.305859 0.043056 0.022656
0 0.652083 0.317188 0.034722 0.015625
0 0.793750 0.007422 0.043056 0.013281
0 0.841667 0.008984 0.044444 0.014844
0 0.838194 0.025391 0.037500 0.019531
0 0.950000 0.008203 0.027778 0.014844
0 0.895833 0.026172 0.025000 0.014844
0 0.988194 0.021875 0.020833 0.029687
0 0.719444 0.051172 0.030556 0.016406
0 0.743056 0.053125 0.013889 0.020313
0 0.684028 0.109766 0.059722 0.041406
0 0.625694 0.161719 0.045833 0.031250
0 0.665972 0.167578 0.054167 0.038281
0 0.686111 0.184375 0.036111 0.021875
0 0.817361 0.280469 0.026389 0.017188
0 0.911111 0.273047 0.036111 0.024219
0 0.982639 0.363281 0.029167 0.021875
0 0.972917 0.394922 0.034722 0.017969
0 0.779861 0.183203 0.031944 0.019531
0 0.836111 0.153906 0.036111 0.021875
0 0.827778 0.057813 0.047222 0.026562
0 0.871528 0.065625 0.051389 0.028125
0 0.843056 0.083203 0.047222 0.017969
0 0.857639 0.112500 0.037500 0.018750
0 0.799306 0.098828 0.040278 0.024219
0 0.904167 0.092578 0.036111 0.017969
0 0.909722 0.119141 0.033333 0.014844
0 0.933333 0.197266 0.041667 0.021094
0 0.875000 0.190625 0.022222 0.010937
0 0.084028 0.503125 0.026389 0.015625