0 0.341667 0.093750 0.063889 0.029687
0 0.506944 0.146875 0.044444 0.025000
0 0.516667 0.113672 0.016667 0.017969
0 0.564583 0.108203 0.045833 0.032031
0 0.627083 0.167578 0.048611 0.033594
0 0.642361 0.216406 0.034722 0.028125
0 0.611806 0.224609 0.043056 0.030469
0 0.670833 0.262109 0.041667 0.028906
0 0.573611 0.288281 0.033333 0.028125
0 0.613194 0.265625 0.040278 0.014063
0 0.640972 0.291406 0.043056 0.029687
0 0.607639 0.300000 0.023611 0.015625
0 0.656944 0.343359 0.041667 0.027344
0 0.615972 0.346484 0.037500 0.022656
0 0.540972 0.315234 0.040278 0.017969
0 0.320833 0.353125 0.050000 0.029687
0 0.277083 0.363672 0.051389 0.027344
0 0.342361 0.344141 0.037500 0.027344
0 0.350000 0.376172 0.047222 0.027344
0 0.180556 0.400391 0.050000 0.022656
0 0.031944 0.393750 0.047222 0.031250
0 0.014583 0.369531 0.029167 0.026562
0 0.577083 0.363281 0.054167 0.028125
0 0.495139 0.374219 0.015278 0.014063
0 0.513194 0.396094 0.040278 0.021875
0 0.511111 0.413281 0.025000 0.012500
0 0.568056 0.391016 0.058333 0.028906
0 0.615972 0.399609 0.045833 0.035156
0 0.698611 0.392578 0.047222 0.025781
0 0.857639 0.408984 0.062500 0.028906
0 0.980556 0.406641 0.033333 0.027344
0 0.774306 0.469141 0.065278 0.032031
0 0.714583 0.425391 0.054167 0.024219
0 0.660417 0.448828 0.059722 0.032031
0 0.580556 0.433594 0.030556 0.031250
0 0.607639 0.453516 0.048611 0.032031
0 0.523611 0.476562 0.044444 0.032813
0 0.497917 0.487109 0.029167 0.024219
0 0.155556 0.491797 0.044444 0.024219
0 0.114583 0.501172 0.048611 0.027344
0 0.068056 0.501953 0.047222 0.025781
0 0.017361 0.501563 0.031944 0.025000
0 0.081250 0.517188 0.023611 0.015625
0 0.090278 0.600391 0.047222 0.025781
0 0.011111 0.603906 0.022222 0.028125
0 0.025694 0.612891 0.020833 0.027344
0 0.031944 0.644141 0.038889 0.016406
0 0.440972 0.608594 0.034722 0.018750
0 0.460417 0.578906 0.037500 0.023438
0 0.282639 0.577734 0.034722 0.025781
0 0.286806 0.545312 0.040278 0.032813
0 0.315972 0.513281 0.029167 0.018750
0 0.541667 0.542578 0.055556 0.030469
0 0.445139 0.467578 0.026389 0.013281
0 0.651389 0.605078 0.055556 0.036719
0 0.700694 0.595313 0.045833 0.031250
0 0.727083 0.537109 0.048611 0.019531
0 0.643056 0.532031 0.025000 0.014063
0 0.797222 0.563672 0.038889 0.027344
0 0.782639 0.527734 0.020833 0.013281
0 0.829167 0.560156 0.038889 0.026562
0 0.800000 0.610938 0.022222 0.015625
0 0.853472 0.717187 0.045833 0.029687
0 0.987500 0.698828 0.022222 0.027344
0 0.934722 0.736719 0.030556 0.029687
0 0.981944 0.734766 0.033333 0.025781
0 0.692361 0.642578 0.018056 0.016406
0 0.508333 0.662891 0.044444 0.022656
0 0.626389 0.650391 0.041667 0.024219
0 0.652083 0.664062 0.048611 0.023438
0 0.025694 0.740625 0.034722 0.023438
0 0.159028 0.766797 0.037500 0.019531
0 0.436111 0.750781 0.047222 0.020313
0 0.531944 0.704297 0.047222 0.024219
0 0.640972 0.751953 0.056944 0.032031
0 0.718056 0.723437 0.063889 0.039062
0 0.770139 0.747656 0.051389 0.021875
0 0.860417 0.752344 0.045833 0.029687
0 0.825694 0.721875 0.031944 0.018750
0 0.891667 0.731641 0.047222 0.021094
0 0.959722 0.715625 0.047222 0.034375
0 0.881944 0.766016 0.033333 0.019531
0 0.850694 0.789453 0.043056 0.036719
0 0.886111 0.790625 0.027778 0.018750
0 0.928472 0.833594 0.037500 0.029687
0 0.959722 0.847266 0.041667 0.022656
0 0.794444 0.840234 0.047222 0.024219
0 0.673611 0.885938 0.052778 0.020313
0 0.800000 0.905469 0.050000 0.032813
0 0.829861 0.891016 0.048611 0.017969
0 0.925000 0.906641 0.052778 0.032031
0 0.961111 0.937500 0.041667 0.032813
0 0.904167 0.930078 0.066667 0.035156
0 0.360417 0.851562 0.043056 0.028125
0 0.218750 0.912500 0.062500 0.026562
0 0.047222 0.908984 0.063889 0.032031
0 0.131250 0.830078 0.045833 0.014844
0 0.310417 0.784375 0.043056 0.029687
0 0.029861 0.961328 0.040278 0.028906
0 0.627778 0.978906 0.041667 0.023438
0 0.680556 0.977344 0.016667 0.014063
0 0.009722 0.319922 0.019444 0.011719
0 0.321528 0.604688 0.040278 0.020313