0 0.515278 0.200391 0.052778 0.027344
0 0.327778 0.432812 0.047222 0.025000
0 0.338194 0.462500 0.045833 0.020313
0 0.184028 0.450000 0.018056 0.010937
0 0.080556 0.539844 0.036111 0.017188
0 0.309722 0.601953 0.036111 0.017969
0 0.295139 0.658984 0.040278 0.022656
0 0.508333 0.454297 0.030556 0.017969
0 0.556250 0.435937 0.029167 0.017188
0 0.718750 0.431641 0.040278 0.027344
0 0.665972 0.396094 0.029167 0.020313
0 0.645833 0.412500 0.022222 0.012500
0 0.620139 0.400000 0.020833 0.021875
0 0.908333 0.559766 0.030556 0.011719
0 0.797917 0.665625 0.034722 0.018750
0 0.945139 0.660547 0.026389 0.013281
0 0.298611 0.357422 0.036111 0.022656
0 0.336111 0.361719 0.036111 0.017188
0 0.242361 0.449609 0.029167 0.021094
0 0.120139 0.499609 0.023611 0.016406
0 0.113194 0.539453 0.029167 0.028906
0 0.277778 0.545703 0.027778 0.022656
0 0.313889 0.550781 0.047222 0.018750
0 0.276389 0.621484 0.066667 0.027344
0 0.516667 0.737500 0.041667 0.015625
0 0.643056 0.678516 0.011111 0.016406
0 0.877083 0.633594 0.040278 0.010937
0 0.901389 0.664062 0.047222 0.028125
0 0.946528 0.681641 0.018056 0.019531