0 0.638889 0.357422 0.036111 0.017969
0 0.572917 0.328516 0.037500 0.019531
0 0.561111 0.457813 0.036111 0.020313
0 0.713194 0.458594 0.034722 0.021875
0 0.370139 0.578516 0.051389 0.027344
0 0.428472 0.613672 0.043056 0.019531
0 0.516667 0.456250 0.030556 0.020313
0 0.819444 0.626172 0.027778 0.024219
0 0.850000 0.628516 0.025000 0.016406
0 0.923611 0.632422 0.033333 0.021094
0 0.400694 0.360156 0.026389 0.014063
0 0.779167 0.320703 0.038889 0.014844
0 0.027083 0.585938 0.034722 0.014063
0 0.155556 0.623047 0.022222 0.017969
0 0.719444 0.525391 0.030556 0.016406
0 0.618056 0.364453 0.033333 0.019531
0 0.550694 0.345703 0.023611 0.013281
0 0.659722 0.362109 0.019444 0.011719
0 0.609028 0.454688 0.031944 0.018750
0 0.723611 0.504687 0.033333 0.025000
0 0.686111 0.494531 0.016667 0.015625
0 0.194444 0.633203 0.038889 0.017969
0 0.135417 0.570703 0.034722 0.013281
0 0.013889 0.600781 0.025000 0.014063
0 0.495139 0.537500 0.034722 0.023438
0 0.597222 0.393750 0.030556 0.014063
0 0.563194 0.656250 0.045833 0.021875
0 0.853472 0.640234 0.048611 0.017969
0 0.892361 0.620313 0.026389 0.010937
0 0.651389 0.543750 0.027778 0.017188
0 0.346528 0.548828 0.018056 0.008594
0 0.059722 0.619531 0.036111 0.026562
0 0.452778 0.623047 0.041667 0.014844
0 0.377778 0.490234 0.030556 0.016406