0 0.343056 0.175781 0.044444 0.023438
0 0.136111 0.336719 0.033333 0.021875
0 0.174306 0.341406 0.034722 0.017188
0 0.170139 0.412500 0.043056 0.025000
0 0.184028 0.443750 0.040278 0.020313
0 0.361111 0.434766 0.038889 0.021094
0 0.400694 0.416016 0.018056 0.008594
0 0.143750 0.641016 0.048611 0.025781
0 0.152778 0.586328 0.030556 0.016406
0 0.458333 0.376563 0.025000 0.018750
0 0.509722 0.372656 0.033333 0.018750
0 0.490972 0.388281 0.026389 0.015625
0 0.556944 0.406250 0.044444 0.025000
0 0.747917 0.532813 0.012500 0.009375
0 0.899306 0.505469 0.018056 0.012500
0 0.642361 0.633984 0.020833 0.014844
0 0.365278 0.581250 0.008333 0.007812
0 0.661111 0.596094 0.016667 0.007812
0 0.982639 0.515234 0.012500 0.008594
0 0.956944 0.226562 0.013889 0.012500
0 0.975694 0.240234 0.012500 0.005469
0 0.654167 0.248047 0.008333 0.005469
0 0.652083 0.300781 0.026389 0.007812
0 0.670833 0.287109 0.016667 0.007031
0 0.858333 0.310156 0.008333 0.004687
0 0.816667 0.289453 0.011111 0.007031
0 0.804167 0.282031 0.008333 0.004687
0 0.818750 0.237109 0.009722 0.005469
0 0.813889 0.250000 0.011111 0.007812
0 0.813889 0.271875 0.008333 0.004687
0 0.850694 0.301563 0.006944 0.004687
0 0.786806 0.621484 0.026389 0.010156
0 0.018750 0.432031 0.012500 0.009375
0 0.082639 0.432812 0.031944 0.026562
0 0.976389 0.270313 0.025000 0.014063
0 0.982639 0.281250 0.026389 0.007812
0 0.127083 0.528516 0.037500 0.019531
0 0.155556 0.532422 0.036111 0.014844
0 0.179861 0.526172 0.015278 0.010156
0 0.119444 0.604297 0.055556 0.022656
0 0.477083 0.656641 0.020833 0.016406
0 0.714583 0.605859 0.037500 0.016406
0 0.990972 0.632031 0.015278 0.010937
0 0.950694 0.572656 0.037500 0.017188
0 0.987500 0.560156 0.019444 0.015625