0 0.556250 0.113281 0.048611 0.028125
0 0.581944 0.100000 0.044444 0.029687
0 0.555556 0.136328 0.038889 0.017969
0 0.424306 0.177734 0.034722 0.021094
0 0.604861 0.216016 0.056944 0.032031
0 0.529167 0.244922 0.052778 0.028906
0 0.615972 0.248828 0.040278 0.025781
0 0.657639 0.252344 0.040278 0.023438
0 0.378472 0.346094 0.059722 0.025000
0 0.382639 0.371875 0.056944 0.031250
0 0.434722 0.384375 0.052778 0.032813
0 0.593056 0.283203 0.041667 0.030469
0 0.349306 0.423047 0.054167 0.028906
0 0.479167 0.439453 0.058333 0.027344
0 0.381944 0.411328 0.036111 0.021094
0 0.502778 0.316406 0.025000 0.023438
0 0.558333 0.299219 0.022222 0.029687
0 0.645833 0.380859 0.055556 0.027344
0 0.720833 0.363672 0.052778 0.032031
0 0.481250 0.460547 0.037500 0.016406
0 0.269444 0.569141 0.047222 0.021094
0 0.445139 0.598437 0.062500 0.031250
0 0.471528 0.545312 0.051389 0.031250
0 0.527778 0.544922 0.058333 0.027344
0 0.606944 0.533984 0.058333 0.022656
0 0.613194 0.723828 0.026389 0.025781
0 0.713889 0.646484 0.044444 0.021094
0 0.665278 0.593750 0.030556 0.023438
0 0.704167 0.567578 0.047222 0.028906
0 0.685417 0.623047 0.051389 0.021094
0 0.218750 0.788672 0.095833 0.053906
0 0.505556 0.826562 0.027778 0.031250
0 0.833333 0.841016 0.058333 0.027344
0 0.909722 0.875781 0.063889 0.029687
0 0.279861 0.835156 0.062500 0.037500
0 0.340278 0.861328 0.075000 0.025781
0 0.294444 0.372656 0.041667 0.012500
0 0.655556 0.281250 0.027778 0.012500
0 0.525694 0.378516 0.029167 0.011719
0 0.393750 0.421875 0.034722 0.017188
0 0.354861 0.816016 0.023611 0.019531
0 0.238194 0.946484 0.051389 0.030469