0 0.086111 0.610547 0.033333 0.019531
0 0.093750 0.629687 0.026389 0.029687
0 0.079861 0.639062 0.034722 0.021875
0 0.235417 0.639844 0.029167 0.025000
0 0.269444 0.646875 0.038889 0.015625
0 0.279167 0.500391 0.036111 0.024219
0 0.028472 0.404687 0.040278 0.018750
0 0.077083 0.357812 0.037500 0.026562
0 0.571528 0.629687 0.048611 0.025000
0 0.544444 0.592187 0.044444 0.025000
0 0.518750 0.606250 0.026389 0.010937
0 0.706250 0.676953 0.040278 0.022656
0 0.364583 0.614453 0.029167 0.011719
0 0.229861 0.490625 0.020833 0.020313
0 0.193056 0.657031 0.013889 0.023438
0 0.388194 0.617578 0.012500 0.011719
0 0.634722 0.674219 0.025000 0.014063