0 0.466667 0.053516 0.036111 0.027344
0 0.493056 0.065625 0.047222 0.029687
0 0.431250 0.090234 0.043056 0.024219
0 0.470833 0.083203 0.041667 0.017969
0 0.383333 0.108203 0.025000 0.028906
0 0.451389 0.135156 0.038889 0.028125
0 0.478472 0.137891 0.029167 0.027344
0 0.497222 0.177344 0.038889 0.025000
0 0.427778 0.164844 0.036111 0.021875
0 0.375694 0.181641 0.048611 0.027344
0 0.433333 0.214062 0.050000 0.028125
0 0.468750 0.195703 0.040278 0.025781
0 0.518056 0.224219 0.038889 0.018750
0 0.592361 0.292187 0.037500 0.025000
0 0.381250 0.239844 0.029167 0.025000
0 0.332639 0.278516 0.040278 0.021094
0 0.314583 0.291797 0.043056 0.013281
0 0.491667 0.253125 0.041667 0.023438
0 0.510417 0.316016 0.048611 0.014844
0 0.475694 0.328516 0.034722 0.014844
0 0.662500 0.319141 0.038889 0.019531
0 0.678472 0.333984 0.034722 0.019531
0 0.454167 0.375781 0.047222 0.025000
0 0.625694 0.423438 0.034722 0.025000
0 0.681250 0.439063 0.034722 0.021875
0 0.603472 0.442578 0.045833 0.025781
0 0.186111 0.372266 0.041667 0.016406
0 0.366667 0.442188 0.038889 0.025000
0 0.300694 0.509375 0.054167 0.031250
0 0.249306 0.500781 0.059722 0.026562
0 0.497222 0.484766 0.050000 0.019531
0 0.518056 0.502344 0.047222 0.025000
0 0.570833 0.529297 0.027778 0.014844
0 0.519444 0.546484 0.033333 0.025781
0 0.488889 0.570312 0.041667 0.015625
0 0.367361 0.557422 0.026389 0.022656
0 0.321528 0.575000 0.051389 0.031250
0 0.342361 0.594922 0.040278 0.017969
0 0.273611 0.609766 0.033333 0.019531
0 0.482639 0.650781 0.045833 0.025000
0 0.531250 0.637500 0.026389 0.017188
0 0.462500 0.729297 0.052778 0.028906
0 0.491667 0.776563 0.041667 0.032813
0 0.548611 0.858594 0.044444 0.032813
0 0.277083 0.469531 0.054167 0.020313
0 0.636806 0.446094 0.029167 0.029687
0 0.506944 0.335938 0.041667 0.018750
0 0.483333 0.356641 0.019444 0.016406
0 0.405556 0.134375 0.050000 0.032813
0 0.204861 0.575391 0.031944 0.021094
0 0.501389 0.631641 0.033333 0.022656
0 0.450000 0.654297 0.019444 0.013281
0 0.384028 0.572266 0.026389 0.019531
0 0.335417 0.528516 0.031944 0.019531
0 0.604861 0.853906 0.048611 0.029687
0 0.388889 0.770703 0.033333 0.024219
0 0.565278 0.717969 0.052778 0.031250
0 0.940278 0.807422 0.055556 0.021094