0 0.356250 0.141016 0.029167 0.016406
0 0.387500 0.198828 0.052778 0.019531
0 0.415972 0.228125 0.045833 0.023438
0 0.346528 0.264062 0.056944 0.032813
0 0.313194 0.265234 0.051389 0.024219
0 0.388889 0.308203 0.052778 0.022656
0 0.438889 0.316797 0.041667 0.014844
0 0.532639 0.406641 0.056944 0.024219
0 0.552083 0.470703 0.048611 0.032031
0 0.343750 0.433984 0.051389 0.022656
0 0.308333 0.512891 0.036111 0.032031
0 0.223611 0.530469 0.061111 0.026562
0 0.209722 0.553516 0.041667 0.036719
0 0.446528 0.463281 0.043056 0.018750
0 0.281944 0.609375 0.052778 0.026562
0 0.254861 0.642188 0.065278 0.031250
0 0.204167 0.676953 0.052778 0.025781
0 0.166667 0.703516 0.058333 0.032031
0 0.386806 0.657813 0.051389 0.032813
0 0.379167 0.744141 0.052778 0.028906
0 0.163889 0.832812 0.072222 0.037500
0 0.556250 0.819922 0.065278 0.036719
0 0.263889 0.759766 0.055556 0.025781
0 0.659722 0.510156 0.038889 0.023438
0 0.722222 0.533203 0.058333 0.035156
0 0.543750 0.849609 0.065278 0.035156
0 0.549306 0.723047 0.056944 0.021094
0 0.737500 0.756250 0.055556 0.026562
0 0.686111 0.709766 0.055556 0.028906
0 0.802083 0.749609 0.026389 0.025781
0 0.678472 0.749609 0.051389 0.025781
0 0.584722 0.564453 0.058333 0.028906
0 0.504861 0.389844 0.029167 0.014063
0 0.486111 0.432422 0.022222 0.011719
0 0.618750 0.444141 0.015278 0.014844
0 0.449306 0.427734 0.029167 0.021094
0 0.437500 0.408203 0.019444 0.014844
0 0.514583 0.579297 0.037500 0.032031
0 0.277083 0.626953 0.037500 0.014844
0 0.968750 0.900391 0.054167 0.033594
0 0.831250 0.972656 0.040278 0.028125
0 0.767361 0.969531 0.043056 0.032813
0 0.935417 0.636719 0.031944 0.017188
0 0.961806 0.655469 0.037500 0.025000
0 0.952778 0.574219 0.041667 0.020313
0 0.659028 0.536328 0.031944 0.013281