0 0.520833 0.539062 0.069444 0.039062
0 0.561806 0.590234 0.068056 0.038281
0 0.891667 0.692187 0.069444 0.039062
0 0.488194 0.692187 0.065278 0.035937
0 0.502083 0.585547 0.056944 0.030469
0 0.616667 0.458594 0.038889 0.018750
0 0.618750 0.575000 0.048611 0.039062
0 0.867361 0.665234 0.076389 0.036719
0 0.268056 0.512109 0.027778 0.019531
0 0.204861 0.399219 0.031944 0.017188
0 0.369444 0.340234 0.030556 0.011719
0 0.743750 0.419141 0.031944 0.016406
0 0.814583 0.417969 0.034722 0.023438
0 0.851389 0.413672 0.027778 0.019531
0 0.875000 0.194922 0.041667 0.025781
0 0.933333 0.182422 0.044444 0.021094
0 0.976389 0.152734 0.036111 0.019531
0 0.977778 0.125000 0.041667 0.031250
0 0.985417 0.091016 0.026389 0.028906
0 0.954861 0.043750 0.040278 0.020313
0 0.071528 0.242188 0.034722 0.020313
0 0.138889 0.325000 0.041667 0.029687
0 0.206250 0.290234 0.034722 0.022656
0 0.025694 0.207813 0.040278 0.020313
0 0.014583 0.133594 0.029167 0.020313
0 0.027083 0.163281 0.034722 0.020313
0 0.173611 0.284375 0.033333 0.015625
0 0.105556 0.341797 0.047222 0.028906
0 0.007639 0.343359 0.012500 0.014844
0 0.113889 0.381641 0.033333 0.016406
0 0.229167 0.382422 0.033333 0.014844
0 0.078472 0.479297 0.034722 0.019531
0 0.139583 0.488281 0.018056 0.014063
0 0.658333 0.625000 0.025000 0.021875
0 0.503472 0.641797 0.037500 0.019531
0 0.823611 0.619922 0.044444 0.022656
0 0.570139 0.525781 0.023611 0.014063
0 0.454167 0.401953 0.016667 0.014844
0 0.589583 0.419922 0.037500 0.021094
0 0.602083 0.480078 0.045833 0.021094
0 0.788889 0.437891 0.027778 0.014844
0 0.988194 0.049219 0.020833 0.026562
0 0.988194 0.224609 0.020833 0.024219
0 0.993056 0.246484 0.011111 0.016406
0 0.988889 0.475391 0.019444 0.024219
0 0.969444 0.507812 0.033333 0.015625
0 0.981250 0.536328 0.034722 0.021094
0 0.884028 0.577344 0.040278 0.020313
0 0.938194 0.549609 0.020833 0.013281
0 0.821528 0.542969 0.040278 0.014063
0 0.156250 0.371875 0.040278 0.012500