0 0.097222 0.147656 0.038889 0.023438
0 0.120833 0.184766 0.033333 0.019531
0 0.090278 0.198828 0.033333 0.017969
0 0.090972 0.173828 0.026389 0.027344
0 0.144444 0.297266 0.041667 0.025781
0 0.053472 0.261719 0.045833 0.025000
0 0.090278 0.411328 0.033333 0.022656
0 0.118056 0.458594 0.041667 0.025000
0 0.332639 0.677734 0.034722 0.024219
0 0.368750 0.686328 0.043056 0.025781
0 0.289583 0.442969 0.043056 0.012500
0 0.782639 0.019922 0.029167 0.019531
0 0.764583 0.012109 0.029167 0.019531
0 0.755556 0.030078 0.041667 0.022656
0 0.841667 0.013672 0.019444 0.021094
0 0.865972 0.039062 0.040278 0.018750
0 0.802778 0.055859 0.038889 0.027344
0 0.839583 0.090625 0.043056 0.026562
0 0.768750 0.106641 0.031944 0.025781
0 0.789583 0.117188 0.040278 0.025000
0 0.793750 0.130078 0.037500 0.016406
0 0.895833 0.110156 0.044444 0.023438
0 0.861806 0.124219 0.029167 0.023438
0 0.871528 0.150000 0.040278 0.025000
0 0.825000 0.150000 0.027778 0.025000
0 0.813889 0.168750 0.025000 0.021875
0 0.777778 0.172266 0.041667 0.025781
0 0.738889 0.155469 0.019444 0.018750
0 0.802083 0.198047 0.020833 0.021094
0 0.683333 0.207422 0.036111 0.025781
0 0.602778 0.248828 0.047222 0.028906
0 0.877083 0.223047 0.034722 0.024219
0 0.901389 0.226172 0.027778 0.019531
0 0.728472 0.242969 0.031944 0.015625
0 0.663194 0.358984 0.045833 0.022656
0 0.588889 0.364844 0.030556 0.021875
0 0.711806 0.317188 0.020833 0.015625
0 0.668750 0.463672 0.045833 0.025781
0 0.700694 0.461328 0.020833 0.016406
0 0.731250 0.415625 0.026389 0.015625
0 0.875694 0.403516 0.018056 0.014844
0 0.805556 0.471484 0.041667 0.027344
0 0.937500 0.350000 0.041667 0.025000
0 0.768056 0.254297 0.027778 0.014844
0 0.916667 0.505078 0.050000 0.022656
0 0.947917 0.415625 0.023611 0.023438
0 0.930556 0.440625 0.030556 0.014063
0 0.884722 0.455469 0.019444 0.014063
0 0.890278 0.478906 0.027778 0.017188
0 0.937500 0.583594 0.044444 0.026562
0 0.943056 0.619922 0.030556 0.013281
0 0.870139 0.628906 0.023611 0.020313
0 0.890278 0.691016 0.038889 0.027344
0 0.933333 0.686328 0.044444 0.025781
0 0.679167 0.617578 0.036111 0.021094
0 0.710417 0.611328 0.031944 0.019531
0 0.025000 0.412109 0.033333 0.016406
0 0.742361 0.216797 0.023611 0.014844
0 0.753472 0.173828 0.034722 0.021094
0 0.845139 0.476953 0.048611 0.024219
0 0.984028 0.521875 0.029167 0.017188
0 0.776389 0.625000 0.047222 0.018750
0 0.668750 0.572266 0.037500 0.014844
0 0.647917 0.659375 0.020833 0.015625
0 0.798611 0.075000 0.019444 0.014063
0 0.841667 0.060156 0.038889 0.026562
0 0.826389 0.252734 0.011111 0.021094
0 0.618750 0.371094 0.015278 0.015625
0 0.986806 0.384375 0.023611 0.023438
0 0.992361 0.404297 0.012500 0.014844
0 0.927083 0.372656 0.062500 0.020313
0 0.959722 0.384766 0.038889 0.027344
0 0.706944 0.517969 0.019444 0.014063