0 0.329861 0.058594 0.026389 0.014063
0 0.378472 0.106250 0.048611 0.032813
0 0.331250 0.122656 0.023611 0.025000
0 0.277083 0.090234 0.034722 0.024219
0 0.472917 0.114453 0.031944 0.019531
0 0.495833 0.109766 0.022222 0.022656
0 0.363194 0.085156 0.018056 0.010937
0 0.231944 0.137500 0.036111 0.025000
0 0.257639 0.237109 0.043056 0.022656
0 0.205556 0.211719 0.025000 0.014063
0 0.252083 0.301953 0.048611 0.021094
0 0.189583 0.364063 0.056944 0.034375
0 0.183333 0.332813 0.030556 0.025000
0 0.168750 0.396484 0.048611 0.025781
0 0.127778 0.389453 0.027778 0.016406
0 0.332639 0.212500 0.034722 0.021875
0 0.406944 0.198047 0.038889 0.024219
0 0.479167 0.293750 0.036111 0.020313
0 0.595833 0.233594 0.038889 0.023438
0 0.581250 0.347656 0.045833 0.028125
0 0.638889 0.316016 0.033333 0.022656
0 0.668056 0.386328 0.038889 0.027344
0 0.663194 0.332813 0.043056 0.017188
0 0.690972 0.340625 0.026389 0.010937
0 0.766667 0.303125 0.033333 0.012500
0 0.635417 0.481250 0.037500 0.020313
0 0.605556 0.445703 0.047222 0.021094
0 0.649306 0.436328 0.040278 0.019531
0 0.293750 0.325781 0.026389 0.018750
0 0.236111 0.284766 0.025000 0.016406
0 0.279861 0.248438 0.026389 0.014063
0 0.210417 0.228516 0.031944 0.016406
0 0.212500 0.470313 0.030556 0.012500
0 0.512500 0.639062 0.036111 0.017188
0 0.510417 0.654297 0.037500 0.016406
0 0.620833 0.499609 0.038889 0.016406
0 0.656250 0.580078 0.034722 0.016406
0 0.454861 0.592187 0.040278 0.012500
0 0.130556 0.420703 0.033333 0.007031
0 0.802083 0.598047 0.043056 0.022656
0 0.754861 0.491016 0.048611 0.025781
0 0.961806 0.537500 0.051389 0.025000
0 0.976389 0.552344 0.044444 0.018750
0 0.889583 0.558203 0.034722 0.017969
0 0.847222 0.558203 0.033333 0.014844
0 0.839583 0.364453 0.048611 0.024219
0 0.967361 0.028125 0.051389 0.032813
0 0.910417 0.440625 0.018056 0.009375
0 0.665278 0.782813 0.027778 0.025000
0 0.655556 0.718750 0.030556 0.018750
0 0.268750 0.007812 0.026389 0.012500
0 0.520833 0.307812 0.030556 0.014063
0 0.466667 0.386719 0.030556 0.014063
0 0.985417 0.450000 0.026389 0.015625
0 0.980556 0.016797 0.036111 0.030469
0 0.500694 0.205078 0.040278 0.024219
0 0.560417 0.408984 0.018056 0.008594
0 0.054861 0.603516 0.065278 0.032031
0 0.290972 0.585938 0.034722 0.017188
0 0.368750 0.598047 0.020833 0.014844