0 0.572917 0.503906 0.031944 0.021875
0 0.627778 0.505078 0.036111 0.014844
0 0.656250 0.519531 0.034722 0.025000
0 0.683333 0.523438 0.022222 0.012500
0 0.711806 0.534766 0.037500 0.025781
0 0.560417 0.647656 0.029167 0.026562
0 0.531250 0.657813 0.023611 0.014063
0 0.601389 0.666016 0.050000 0.021094
0 0.677778 0.666016 0.033333 0.024219
0 0.669444 0.689063 0.044444 0.026562
0 0.629861 0.713281 0.031944 0.018750
0 0.469444 0.719922 0.041667 0.025781
0 0.774306 0.680078 0.031944 0.011719
0 0.677778 0.567578 0.047222 0.024219
0 0.385417 0.638281 0.018056 0.017188
0 0.735417 0.784375 0.040278 0.023438
0 0.830556 0.855469 0.047222 0.034375
0 0.886111 0.845703 0.041667 0.021094
0 0.857639 0.736719 0.043056 0.017188
0 0.272917 0.642969 0.026389 0.015625
0 0.088194 0.441797 0.043056 0.025781
0 0.136806 0.463281 0.051389 0.026562
0 0.069444 0.489844 0.052778 0.026562
0 0.070833 0.512891 0.055556 0.022656
0 0.161806 0.475781 0.037500 0.025000
0 0.122222 0.653906 0.047222 0.023438
0 0.189583 0.498828 0.037500 0.016406
0 0.230556 0.501172 0.038889 0.016406
0 0.537500 0.580078 0.033333 0.021094
0 0.594444 0.730078 0.027778 0.021094
0 0.022917 0.755469 0.040278 0.025000
0 0.106944 0.721484 0.036111 0.016406
0 0.150000 0.716406 0.047222 0.028125
0 0.116667 0.681250 0.052778 0.025000