0 0.834028 0.111328 0.054167 0.030469
0 0.824306 0.089063 0.045833 0.028125
0 0.952083 0.118750 0.056944 0.032813
0 0.229167 0.122266 0.033333 0.028906
0 0.173611 0.154688 0.044444 0.020313
0 0.192361 0.116797 0.031944 0.011719
0 0.065972 0.235547 0.045833 0.025781
0 0.149306 0.174219 0.023611 0.025000
0 0.256944 0.178516 0.047222 0.027344
0 0.140278 0.249609 0.036111 0.019531
0 0.226389 0.216797 0.022222 0.016406
0 0.228472 0.289844 0.031944 0.017188
0 0.745139 0.210547 0.045833 0.021094
0 0.761806 0.221484 0.026389 0.011719
0 0.737500 0.246484 0.036111 0.024219
0 0.796528 0.237891 0.043056 0.030469
0 0.400000 0.313281 0.041667 0.021875
0 0.414583 0.323437 0.043056 0.018750
0 0.918056 0.308203 0.041667 0.025781
0 0.198611 0.367578 0.047222 0.019531
0 0.317361 0.323828 0.023611 0.024219
0 0.931250 0.280469 0.034722 0.021875
0 0.260417 0.480859 0.045833 0.027344
0 0.047222 0.413672 0.022222 0.014844
0 0.741667 0.489063 0.044444 0.023438
0 0.216667 0.564063 0.027778 0.017188
0 0.092361 0.489063 0.020833 0.015625
0 0.370833 0.373437 0.036111 0.025000
0 0.406944 0.433984 0.036111 0.017969
0 0.461111 0.418750 0.041667 0.020313
0 0.698611 0.322656 0.030556 0.020313
0 0.818750 0.374219 0.037500 0.023438
0 0.852778 0.373437 0.047222 0.031250
0 0.870139 0.399609 0.031944 0.021094
0 0.906944 0.408203 0.033333 0.014844
0 0.682639 0.381641 0.037500 0.024219
0 0.738194 0.633984 0.045833 0.025781
0 0.711806 0.537500 0.026389 0.021875
0 0.718056 0.396094 0.027778 0.015625
0 0.248611 0.335156 0.025000 0.012500
0 0.787500 0.201172 0.041667 0.028906
0 0.843056 0.227734 0.022222 0.016406
0 0.903472 0.267969 0.020833 0.014063
0 0.977778 0.305469 0.022222 0.018750
0 0.956944 0.327734 0.025000 0.008594
0 0.054167 0.448437 0.019444 0.014063
0 0.916667 0.389062 0.019444 0.014063
0 0.061111 0.668750 0.041667 0.023438
0 0.988194 0.372266 0.020833 0.021094