0 0.270139 0.223828 0.040278 0.021094
0 0.071528 0.382422 0.037500 0.021094
0 0.107639 0.383984 0.029167 0.016406
0 0.104167 0.454688 0.047222 0.026562
0 0.118750 0.484375 0.037500 0.018750
0 0.101389 0.573438 0.050000 0.018750
0 0.086806 0.628125 0.026389 0.015625
0 0.059028 0.569922 0.018056 0.019531
0 0.075694 0.682813 0.045833 0.021875
0 0.302083 0.471875 0.037500 0.020313
0 0.482639 0.444531 0.037500 0.021875
0 0.392361 0.415625 0.026389 0.018750
0 0.442361 0.410547 0.029167 0.019531
0 0.422222 0.426172 0.019444 0.011719
0 0.761806 0.383203 0.009722 0.005469
0 0.737500 0.353516 0.013889 0.003906
0 0.700694 0.672656 0.015278 0.007812
0 0.018056 0.476953 0.033333 0.028906
0 0.050000 0.646875 0.055556 0.029687
0 0.404861 0.695312 0.018056 0.018750
0 0.572917 0.671094 0.020833 0.014063
0 0.653472 0.644531 0.043056 0.028125
0 0.566667 0.611719 0.022222 0.009375
0 0.940278 0.630078 0.022222 0.021094
0 0.872222 0.601953 0.027778 0.024219
0 0.907639 0.589844 0.012500 0.015625
0 0.918056 0.658984 0.033333 0.024219
0 0.690972 0.567578 0.023611 0.010156
0 0.750694 0.552344 0.031944 0.017188
0 0.703472 0.605469 0.018056 0.014063
0 0.902083 0.306250 0.029167 0.015625
0 0.908333 0.317188 0.022222 0.007812
0 0.939583 0.334375 0.026389 0.017188
0 0.970139 0.340234 0.037500 0.017969
0 0.984028 0.323047 0.029167 0.019531
0 0.332639 0.454297 0.018056 0.010156