0 0.317361 0.403125 0.023611 0.020313
0 0.279861 0.433594 0.051389 0.026562
0 0.379861 0.426172 0.048611 0.024219
0 0.372222 0.465234 0.041667 0.024219
0 0.314583 0.456250 0.040278 0.017188
0 0.252083 0.448047 0.026389 0.021094
0 0.273611 0.517188 0.019444 0.012500
0 0.365278 0.504297 0.044444 0.027344
0 0.389583 0.494922 0.045833 0.024219
0 0.438194 0.574219 0.054167 0.026562
0 0.287500 0.580078 0.061111 0.024219
0 0.356944 0.603906 0.052778 0.025000
0 0.029167 0.686719 0.044444 0.029687
0 0.226389 0.703906 0.044444 0.026562
0 0.218056 0.627734 0.041667 0.017969
0 0.306944 0.648438 0.025000 0.014063
0 0.274306 0.707031 0.034722 0.025000
0 0.416667 0.626172 0.044444 0.022656
0 0.490278 0.637109 0.044444 0.033594
0 0.513889 0.659766 0.050000 0.022656
0 0.546528 0.616016 0.048611 0.017969
0 0.933333 0.616016 0.047222 0.019531
0 0.950694 0.558984 0.040278 0.022656
0 0.786111 0.627734 0.044444 0.021094
0 0.326389 0.377344 0.063889 0.018750
0 0.231944 0.465625 0.033333 0.018750
0 0.863889 0.591406 0.047222 0.021875
0 0.805556 0.602734 0.038889 0.016406
0 0.804861 0.619922 0.034722 0.016406