0 0.275000 0.226953 0.038889 0.024219
0 0.245833 0.232813 0.030556 0.023438
0 0.412500 0.150000 0.033333 0.018750
0 0.434722 0.092188 0.030556 0.021875
0 0.444444 0.132812 0.027778 0.021875
0 0.389583 0.115234 0.018056 0.014844
0 0.414583 0.122266 0.026389 0.021094
0 0.416667 0.133203 0.025000 0.010156
0 0.365972 0.211328 0.034722 0.014844
0 0.471528 0.248828 0.037500 0.027344
0 0.440972 0.415234 0.045833 0.025781
0 0.417361 0.368359 0.031944 0.022656
0 0.332639 0.368750 0.034722 0.017188
0 0.265278 0.630078 0.027778 0.016406
0 0.628472 0.642578 0.031944 0.021094
0 0.668750 0.649219 0.040278 0.025000
0 0.924306 0.320703 0.034722 0.022656
0 0.955556 0.199219 0.050000 0.029687
0 0.991667 0.429688 0.013889 0.023438
0 0.981250 0.541797 0.026389 0.019531
0 0.975000 0.592969 0.033333 0.012500
0 0.959722 0.330078 0.022222 0.016406
0 0.990972 0.319141 0.015278 0.021094
0 0.940972 0.628516 0.034722 0.017969
0 0.234028 0.551562 0.040278 0.018750
0 0.243056 0.568750 0.030556 0.014063
0 0.075694 0.411719 0.029167 0.014063
0 0.106944 0.358984 0.013889 0.016406