0 0.400694 0.028906 0.018056 0.025000
0 0.320833 0.139844 0.052778 0.026562
0 0.272222 0.171094 0.047222 0.025000
0 0.425694 0.119531 0.043056 0.034375
0 0.454861 0.039062 0.062500 0.043750
0 0.527778 0.030469 0.041667 0.020313
0 0.560417 0.013281 0.034722 0.014063
0 0.504861 0.085547 0.048611 0.021094
0 0.452778 0.081250 0.050000 0.023438
0 0.477778 0.101953 0.055556 0.025781
0 0.305556 0.206641 0.050000 0.025781
0 0.599306 0.182812 0.034722 0.021875
0 0.573611 0.182031 0.036111 0.017188
0 0.306250 0.241016 0.051389 0.028906
0 0.345833 0.289062 0.050000 0.032813
0 0.539583 0.208203 0.034722 0.039844
0 0.736111 0.170703 0.063889 0.036719
0 0.870833 0.299219 0.050000 0.026562
0 0.991667 0.257422 0.013889 0.021094
0 0.269444 0.287891 0.044444 0.028906
0 0.242361 0.308594 0.043056 0.032813
0 0.470833 0.245703 0.061111 0.033594
0 0.491667 0.220312 0.041667 0.031250
0 0.518750 0.260156 0.037500 0.026562
0 0.576389 0.219141 0.058333 0.041406
0 0.621528 0.210938 0.048611 0.037500
0 0.475694 0.274609 0.059722 0.028906
0 0.497917 0.289844 0.048611 0.021875
0 0.542361 0.266016 0.026389 0.016406
0 0.554167 0.281641 0.033333 0.016406
0 0.634722 0.291797 0.044444 0.021094
0 0.288889 0.349609 0.033333 0.025781
0 0.322917 0.366016 0.051389 0.027344
0 0.290972 0.373828 0.029167 0.016406
0 0.629167 0.401172 0.050000 0.032031
0 0.155556 0.469531 0.033333 0.023438
0 0.188889 0.470703 0.038889 0.030469
0 0.229861 0.455469 0.037500 0.014063
0 0.289583 0.471484 0.048611 0.024219
0 0.469444 0.460938 0.066667 0.034375
0 0.186806 0.539844 0.040278 0.020313
0 0.145833 0.566016 0.047222 0.030469
0 0.306250 0.520312 0.054167 0.021875
0 0.675000 0.403125 0.041667 0.028125
0 0.539583 0.378125 0.056944 0.026562
0 0.593750 0.362500 0.031944 0.012500
0 0.627778 0.482031 0.044444 0.031250
0 0.721528 0.401562 0.048611 0.031250
0 0.758333 0.393359 0.038889 0.027344
0 0.687500 0.478125 0.044444 0.031250
0 0.701389 0.504297 0.058333 0.027344
0 0.750000 0.509766 0.047222 0.030469
0 0.800000 0.499609 0.044444 0.025781
0 0.864583 0.447266 0.056944 0.028906
0 0.835417 0.482812 0.059722 0.023438
0 0.845833 0.405078 0.019444 0.016406
0 0.552083 0.561719 0.062500 0.032813
0 0.056250 0.708203 0.031944 0.016406
0 0.091667 0.713672 0.044444 0.027344
0 0.145139 0.726562 0.054167 0.029687
0 0.187500 0.716016 0.038889 0.027344
0 0.452778 0.653516 0.050000 0.027344
0 0.131250 0.690625 0.054167 0.023438
0 0.163194 0.663672 0.043056 0.028906
0 0.156250 0.634766 0.045833 0.027344
0 0.225000 0.618359 0.086111 0.032031
0 0.269444 0.633984 0.044444 0.025781
0 0.509028 0.639844 0.026389 0.014063
0 0.445833 0.769922 0.063889 0.036719
0 0.372222 0.798047 0.036111 0.019531
0 0.629861 0.677344 0.054167 0.040625
0 0.591667 0.623828 0.038889 0.025781
0 0.692361 0.631641 0.048611 0.017969
0 0.984028 0.684375 0.029167 0.039062
0 0.834722 0.603125 0.041667 0.018750
0 0.565972 0.610938 0.040278 0.020313
0 0.565972 0.863281 0.048611 0.025000
0 0.768750 0.854688 0.048611 0.031250
0 0.817361 0.847656 0.029167 0.023438
0 0.209028 0.951172 0.051389 0.027344
0 0.109028 0.990625 0.054167 0.017188
0 0.322222 0.895312 0.061111 0.034375
0 0.893056 0.851172 0.044444 0.025781
0 0.977778 0.795312 0.041667 0.026562
0 0.853472 0.798047 0.012500 0.016406
0 0.355556 0.493750 0.041667 0.023438
0 0.036111 0.508984 0.036111 0.022656
0 0.235417 0.873828 0.018056 0.016406
0 0.988194 0.481250 0.020833 0.020313
0 0.543056 0.530469 0.025000 0.026562
0 0.432639 0.525391 0.020833 0.024219
0 0.506944 0.480859 0.027778 0.017969
0 0.515278 0.471484 0.019444 0.013281
0 0.534028 0.447266 0.045833 0.041406
0 0.630556 0.358984 0.027778 0.014844
0 0.352083 0.387109 0.037500 0.014844