0 0.215278 0.557813 0.044444 0.026562
0 0.171528 0.582422 0.034722 0.017969
0 0.218056 0.583203 0.050000 0.027344
0 0.647917 0.678516 0.056944 0.030469
0 0.613194 0.647266 0.059722 0.036719
0 0.582639 0.509766 0.040278 0.027344
0 0.628472 0.515234 0.043056 0.022656
0 0.890972 0.551562 0.054167 0.026562
0 0.852778 0.508984 0.047222 0.021094
0 0.892361 0.494922 0.037500 0.024219
0 0.853472 0.432422 0.051389 0.028906
0 0.711111 0.408594 0.044444 0.018750
0 0.766667 0.383203 0.052778 0.028906
0 0.872917 0.356250 0.045833 0.020313
0 0.915972 0.346484 0.031944 0.021094
0 0.902083 0.325391 0.034722 0.019531
0 0.890278 0.267578 0.041667 0.016406
0 0.888889 0.289453 0.047222 0.022656
0 0.786111 0.253125 0.038889 0.028125
0 0.668056 0.277344 0.027778 0.014063
0 0.731944 0.264453 0.047222 0.024219
0 0.727778 0.201563 0.058333 0.032813
0 0.777083 0.178516 0.048611 0.028906
0 0.723611 0.172656 0.047222 0.020313
0 0.797917 0.155078 0.056944 0.028906
0 0.756944 0.230469 0.038889 0.015625
0 0.688889 0.244922 0.036111 0.014844
0 0.915278 0.157422 0.052778 0.022656
0 0.902778 0.126562 0.030556 0.010937
0 0.825694 0.047656 0.043056 0.031250
0 0.513194 0.730859 0.040278 0.017969
0 0.792361 0.201953 0.065278 0.027344
0 0.988194 0.212891 0.020833 0.013281
0 0.654167 0.321094 0.016667 0.009375
0 0.542361 0.343750 0.029167 0.020313
0 0.693750 0.380859 0.031944 0.011719
0 0.943750 0.357812 0.034722 0.021875
0 0.986111 0.362500 0.022222 0.029687
0 0.684028 0.439844 0.029167 0.015625
0 0.530556 0.676562 0.025000 0.015625
0 0.950694 0.468359 0.056944 0.032031
0 0.989583 0.471094 0.018056 0.029687
0 0.958333 0.405469 0.016667 0.017188