0 0.206250 0.122266 0.031944 0.019531
0 0.206250 0.139453 0.031944 0.014844
0 0.251389 0.141406 0.027778 0.014063
0 0.261111 0.151172 0.013889 0.008594
0 0.331250 0.160156 0.034722 0.017188
0 0.318750 0.141406 0.012500 0.009375
0 0.045139 0.192969 0.037500 0.026562
0 0.032639 0.214062 0.029167 0.015625
0 0.013889 0.208594 0.025000 0.015625
0 0.174306 0.183984 0.029167 0.016406
0 0.234722 0.182422 0.019444 0.013281
0 0.083333 0.250781 0.027778 0.018750
0 0.101389 0.231250 0.025000 0.010937
0 0.153472 0.247266 0.040278 0.027344
0 0.115972 0.256250 0.043056 0.026562
0 0.147917 0.271094 0.029167 0.020313
0 0.093056 0.275391 0.036111 0.027344
0 0.116667 0.305859 0.041667 0.028906
0 0.074306 0.301953 0.045833 0.022656
0 0.079167 0.325000 0.041667 0.020313
0 0.050000 0.339844 0.027778 0.020313
0 0.023611 0.335938 0.022222 0.017188
0 0.016667 0.326953 0.030556 0.021094
0 0.224306 0.255859 0.029167 0.019531
0 0.304167 0.264844 0.050000 0.029687
0 0.340278 0.230469 0.030556 0.021875
0 0.275000 0.193750 0.033333 0.023438
0 0.354167 0.175781 0.036111 0.015625
0 0.475694 0.286719 0.034722 0.021875
0 0.511806 0.281250 0.037500 0.020313
0 0.036111 0.436328 0.050000 0.022656
0 0.082639 0.461719 0.056944 0.029687
0 0.243750 0.464844 0.034722 0.020313
0 0.221528 0.346094 0.040278 0.020313
0 0.261111 0.362109 0.044444 0.022656
0 0.204167 0.312109 0.044444 0.022656
0 0.167361 0.304297 0.040278 0.022656
0 0.159028 0.325391 0.029167 0.021094
0 0.397222 0.357422 0.041667 0.025781
0 0.415278 0.322266 0.050000 0.025781
0 0.478472 0.308203 0.043056 0.025781
0 0.489583 0.376953 0.040278 0.027344
0 0.413194 0.373828 0.037500 0.019531
0 0.060417 0.525391 0.045833 0.021094
0 0.158333 0.538672 0.050000 0.025781
0 0.244444 0.533594 0.044444 0.023438
0 0.310417 0.518359 0.037500 0.013281
0 0.400694 0.482422 0.029167 0.019531
0 0.394444 0.523828 0.038889 0.024219
0 0.363889 0.547266 0.036111 0.019531
0 0.390278 0.557422 0.041667 0.024219
0 0.466667 0.625391 0.041667 0.021094
0 0.338194 0.587891 0.040278 0.021094
0 0.219444 0.612891 0.033333 0.019531
0 0.406250 0.725391 0.029167 0.021094
0 0.579861 0.661328 0.026389 0.011719
0 0.577083 0.586328 0.031944 0.016406
0 0.681944 0.608984 0.038889 0.019531
0 0.606944 0.220312 0.025000 0.021875
0 0.754167 0.295703 0.036111 0.019531
0 0.584722 0.388281 0.030556 0.021875
0 0.855556 0.298828 0.036111 0.017969
0 0.789583 0.286719 0.043056 0.025000
0 0.827778 0.268359 0.038889 0.021094
0 0.978472 0.185938 0.034722 0.017188
0 0.988194 0.196484 0.020833 0.013281
0 0.983333 0.256641 0.027778 0.014844
0 0.964583 0.246094 0.034722 0.015625
0 0.726389 0.500391 0.038889 0.024219
0 0.738194 0.515625 0.048611 0.023438
0 0.810417 0.544531 0.031944 0.015625
0 0.834028 0.550391 0.037500 0.013281
0 0.726389 0.567969 0.027778 0.010937
0 0.760417 0.558594 0.029167 0.012500
0 0.427778 0.739844 0.030556 0.012500
0 0.459028 0.710547 0.029167 0.016406
0 0.479861 0.717578 0.015278 0.014844
0 0.342361 0.608594 0.020833 0.018750
0 0.284722 0.561719 0.030556 0.017188
0 0.686111 0.222266 0.019444 0.011719
0 0.236806 0.208203 0.015278 0.010156
0 0.256250 0.635156 0.012500 0.015625
0 0.357639 0.653516 0.023611 0.014844
0 0.127778 0.349219 0.036111 0.020313
0 0.225000 0.382812 0.033333 0.017188
0 0.279861 0.386719 0.026389 0.012500
0 0.960417 0.451172 0.023611 0.011719
0 0.984028 0.459766 0.023611 0.010156
0 0.965972 0.491016 0.020833 0.010156
0 0.956250 0.603906 0.034722 0.017188
0 0.630556 0.605078 0.025000 0.011719
0 0.604167 0.560547 0.038889 0.010156
0 0.593056 0.548047 0.019444 0.014844
0 0.653472 0.526563 0.043056 0.018750
0 0.918056 0.660156 0.033333 0.017188