0 0.473611 0.309766 0.052778 0.024219
0 0.426389 0.328125 0.036111 0.014063
0 0.468056 0.339062 0.061111 0.028125
0 0.534722 0.344922 0.052778 0.021094
0 0.388889 0.393359 0.052778 0.032031
0 0.381250 0.467187 0.040278 0.023438
0 0.362500 0.500000 0.061111 0.029687
0 0.636806 0.598828 0.054167 0.033594
0 0.474306 0.605469 0.051389 0.023438
0 0.593750 0.670312 0.054167 0.031250
0 0.440972 0.679297 0.051389 0.028906
0 0.665278 0.729297 0.047222 0.027344
0 0.386806 0.759766 0.056944 0.035156
0 0.239583 0.793359 0.059722 0.030469
0 0.193750 0.903125 0.051389 0.028125
0 0.581250 0.972266 0.034722 0.025781
0 0.590278 0.842187 0.047222 0.029687
0 0.625000 0.868359 0.038889 0.022656
0 0.673611 0.875391 0.052778 0.024219
0 0.554861 0.782422 0.045833 0.035156
0 0.481250 0.819922 0.043056 0.021094
0 0.565972 0.863281 0.018056 0.020313
0 0.703472 0.604297 0.040278 0.021094
0 0.745139 0.613281 0.040278 0.021875
0 0.458333 0.637109 0.038889 0.025781
0 0.508333 0.650000 0.038889 0.018750
0 0.675000 0.675000 0.041667 0.023438
0 0.622222 0.696484 0.038889 0.025781
0 0.482639 0.702734 0.045833 0.025781
0 0.600694 0.796484 0.059722 0.032031
0 0.019444 0.931250 0.036111 0.026562
0 0.959722 0.948047 0.047222 0.027344
0 0.733333 0.894531 0.038889 0.018750
0 0.454167 0.792188 0.066667 0.032813
0 0.404861 0.823438 0.029167 0.020313