0 0.249306 0.156250 0.043056 0.028125
0 0.181250 0.169922 0.040278 0.025781
0 0.214583 0.196094 0.023611 0.021875
0 0.270139 0.190625 0.034722 0.023438
0 0.335417 0.208594 0.031944 0.023438
0 0.315972 0.233984 0.031944 0.017969
0 0.373611 0.240625 0.036111 0.021875
0 0.492361 0.172266 0.034722 0.022656
0 0.523611 0.179688 0.038889 0.020313
0 0.494444 0.195312 0.030556 0.014063
0 0.452778 0.192188 0.033333 0.023438
0 0.388194 0.191797 0.037500 0.022656
0 0.418056 0.198437 0.033333 0.017188
0 0.448611 0.214844 0.036111 0.017188
0 0.438889 0.228906 0.030556 0.010937
0 0.413194 0.223438 0.040278 0.023438
0 0.384028 0.207813 0.037500 0.018750
0 0.372917 0.217578 0.029167 0.014844
0 0.515278 0.256641 0.038889 0.024219
0 0.550000 0.252734 0.033333 0.022656
0 0.536806 0.275391 0.029167 0.022656
0 0.509028 0.280859 0.040278 0.022656
0 0.718056 0.198047 0.072222 0.044531
0 0.780556 0.225781 0.072222 0.045312
0 0.831250 0.287109 0.051389 0.021094
0 0.854167 0.317188 0.075000 0.043750
0 0.724306 0.287109 0.043056 0.025781
0 0.102083 0.191016 0.026389 0.017969
0 0.048611 0.229297 0.036111 0.022656
0 0.086111 0.231250 0.036111 0.021875
0 0.109722 0.244922 0.041667 0.019531
0 0.078472 0.255469 0.040278 0.023438
0 0.178472 0.242578 0.040278 0.022656
0 0.245833 0.250000 0.030556 0.014063
0 0.221528 0.253516 0.026389 0.016406
0 0.672917 0.251953 0.034722 0.013281
0 0.683333 0.283594 0.041667 0.020313
0 0.947222 0.317578 0.047222 0.022656
0 0.944444 0.259766 0.038889 0.017969
0 0.955556 0.285547 0.033333 0.024219
0 0.909028 0.387891 0.043056 0.021094
0 0.663194 0.303125 0.029167 0.017188
0 0.622222 0.296484 0.033333 0.014844
0 0.622917 0.312109 0.031944 0.016406
0 0.629861 0.325391 0.029167 0.017969
0 0.652778 0.323047 0.025000 0.014844
0 0.672917 0.324609 0.018056 0.013281
0 0.564583 0.341797 0.026389 0.014844
0 0.549306 0.313672 0.026389 0.017969
0 0.530556 0.305078 0.030556 0.019531
0 0.425000 0.391406 0.022222 0.014063
0 0.137500 0.311328 0.038889 0.022656
0 0.017361 0.237109 0.034722 0.021094
0 0.029861 0.258984 0.034722 0.019531
0 0.131944 0.375391 0.036111 0.019531
0 0.190278 0.356250 0.025000 0.015625
0 0.170139 0.416406 0.026389 0.015625
0 0.232639 0.361719 0.023611 0.015625
0 0.250000 0.369531 0.019444 0.012500
0 0.293056 0.472266 0.041667 0.021094
0 0.363889 0.479297 0.044444 0.022656
0 0.051389 0.512891 0.055556 0.024219
0 0.337500 0.485938 0.027778 0.017188
0 0.424306 0.518750 0.034722 0.023438
0 0.434722 0.476562 0.030556 0.012500
0 0.494444 0.481250 0.047222 0.026562
0 0.448611 0.449219 0.036111 0.029687
0 0.662500 0.436719 0.044444 0.020313
0 0.801389 0.494141 0.030556 0.021094
0 0.831944 0.494531 0.033333 0.020313
0 0.897222 0.476562 0.038889 0.015625
0 0.929167 0.524219 0.030556 0.018750
0 0.807639 0.526953 0.031944 0.017969
0 0.827083 0.564063 0.034722 0.018750
0 0.720139 0.498047 0.037500 0.017969
0 0.696528 0.505078 0.034722 0.022656
0 0.664583 0.510156 0.026389 0.018750
0 0.611111 0.512891 0.033333 0.027344
0 0.561111 0.504687 0.036111 0.018750
0 0.475694 0.564063 0.037500 0.023438
0 0.361806 0.546094 0.056944 0.035937
0 0.388889 0.593750 0.033333 0.023438
0 0.379861 0.625000 0.034722 0.029687
0 0.497917 0.622656 0.023611 0.014063
0 0.327083 0.666016 0.045833 0.025781
0 0.279861 0.613281 0.059722 0.029687
0 0.286806 0.587109 0.048611 0.025781
0 0.238889 0.535547 0.044444 0.028906
0 0.105556 0.571094 0.052778 0.025000
0 0.180556 0.566406 0.058333 0.025000
0 0.211111 0.624219 0.030556 0.017188
0 0.088889 0.603516 0.030556 0.014844
0 0.150694 0.667188 0.026389 0.018750
0 0.159028 0.595313 0.029167 0.014063
0 0.050694 0.581641 0.043056 0.019531
0 0.029861 0.557422 0.048611 0.024219
0 0.021528 0.362109 0.037500 0.021094
0 0.027083 0.278516 0.037500 0.022656
0 0.678472 0.382031 0.031944 0.014063
0 0.315278 0.419922 0.030556 0.017969
0 0.300000 0.394141 0.033333 0.014844
0 0.273611 0.509766 0.044444 0.007031
0 0.314583 0.532813 0.020833 0.015625
0 0.731250 0.264062 0.068056 0.037500
0 0.763889 0.282422 0.041667 0.028906
0 0.379167 0.436328 0.025000 0.016406