0 0.006944 0.180078 0.013889 0.017969
0 0.022917 0.180859 0.020833 0.014844
0 0.044444 0.188281 0.030556 0.015625
0 0.034722 0.162500 0.019444 0.017188
0 0.057639 0.169531 0.029167 0.017188
0 0.093056 0.166797 0.030556 0.014844
0 0.092361 0.183984 0.029167 0.014844
0 0.115278 0.190234 0.022222 0.011719
0 0.129167 0.208203 0.030556 0.019531
0 0.098611 0.228906 0.030556 0.017188
0 0.266667 0.160156 0.030556 0.012500
0 0.238889 0.096484 0.027778 0.019531
0 0.238889 0.110156 0.027778 0.017188
0 0.290972 0.115234 0.026389 0.014844
0 0.380556 0.121094 0.033333 0.014063
0 0.381250 0.141406 0.034722 0.020313
0 0.396528 0.155078 0.029167 0.019531
0 0.434722 0.158203 0.027778 0.016406
0 0.240278 0.228906 0.047222 0.029687
0 0.199306 0.236328 0.040278 0.028906
0 0.311111 0.237891 0.033333 0.024219
0 0.400000 0.252344 0.055556 0.032813
0 0.507639 0.187891 0.029167 0.021094
0 0.540972 0.192578 0.023611 0.022656
0 0.238889 0.255078 0.044444 0.022656
0 0.010417 0.311328 0.018056 0.016406
0 0.035417 0.309766 0.031944 0.019531
0 0.045139 0.323047 0.029167 0.017969
0 0.072222 0.326562 0.027778 0.018750
0 0.112500 0.310937 0.036111 0.018750
0 0.105556 0.323828 0.030556 0.014844
0 0.158333 0.337500 0.033333 0.017188
0 0.146528 0.289453 0.043056 0.025781
0 0.188889 0.292969 0.044444 0.026562
0 0.246528 0.292969 0.037500 0.021875
0 0.290278 0.298047 0.041667 0.019531
0 0.239583 0.316406 0.040278 0.021875
0 0.251389 0.332422 0.044444 0.021094
0 0.293750 0.339453 0.037500 0.017969
0 0.331250 0.357812 0.034722 0.020313
0 0.318056 0.472656 0.033333 0.017188
0 0.029861 0.485156 0.048611 0.028125
0 0.138194 0.440234 0.054167 0.025781
0 0.068750 0.446484 0.034722 0.024219
0 0.127778 0.485547 0.033333 0.021094
0 0.178472 0.469531 0.051389 0.028125
0 0.138194 0.536719 0.040278 0.021875
0 0.243056 0.554688 0.047222 0.026562
0 0.322917 0.546875 0.045833 0.023438
0 0.342361 0.522656 0.020833 0.012500
0 0.253472 0.506641 0.012500 0.013281
0 0.190278 0.535547 0.033333 0.016406
0 0.263194 0.632812 0.026389 0.018750
0 0.284028 0.650391 0.015278 0.014844
0 0.377083 0.670703 0.020833 0.014844
0 0.369444 0.574219 0.038889 0.023438
0 0.390278 0.626172 0.022222 0.014844
0 0.400000 0.604297 0.038889 0.021094
0 0.625694 0.276172 0.037500 0.019531
0 0.585417 0.279687 0.034722 0.021875
0 0.587500 0.305859 0.047222 0.025781
0 0.523611 0.317188 0.044444 0.025000
0 0.497222 0.357422 0.047222 0.025781
0 0.495833 0.375391 0.036111 0.016406
0 0.588194 0.379297 0.040278 0.027344
0 0.428472 0.488281 0.026389 0.012500
0 0.445833 0.748047 0.025000 0.017969
0 0.754861 0.219922 0.029167 0.014844
0 0.924306 0.269922 0.031944 0.019531
0 0.887500 0.287109 0.041667 0.024219
0 0.850000 0.299219 0.030556 0.015625
0 0.952083 0.303906 0.031944 0.015625
0 0.666667 0.391797 0.030556 0.021094
0 0.488194 0.540234 0.040278 0.021094
0 0.456250 0.562891 0.034722 0.021094
0 0.477778 0.575000 0.044444 0.025000
0 0.546528 0.647656 0.040278 0.021875
0 0.504861 0.732812 0.029167 0.017188
0 0.457639 0.760938 0.031944 0.015625
0 0.620833 0.681641 0.022222 0.008594
0 0.669444 0.605469 0.030556 0.018750
0 0.746528 0.628516 0.034722 0.019531
0 0.756250 0.544531 0.034722 0.020313
0 0.831250 0.514453 0.040278 0.024219
0 0.841667 0.532813 0.044444 0.021875
0 0.839583 0.593750 0.031944 0.018750
0 0.864583 0.575781 0.029167 0.015625
0 0.895833 0.566406 0.016667 0.007812
0 0.972222 0.682422 0.027778 0.013281
0 0.990278 0.458984 0.016667 0.013281
0 0.961111 0.339062 0.016667 0.018750
0 0.191667 0.189844 0.047222 0.017188
0 0.115278 0.137891 0.022222 0.013281
0 0.945139 0.214844 0.029167 0.010937
0 0.320139 0.329688 0.023611 0.017188
0 0.068750 0.567578 0.037500 0.021094
0 0.988194 0.621484 0.020833 0.022656
0 0.935417 0.681250 0.026389 0.009375
0 0.411806 0.455859 0.026389 0.014844