0 0.474306 0.103125 0.048611 0.028125
0 0.463194 0.119531 0.040278 0.018750
0 0.527083 0.385156 0.029167 0.014063
0 0.439583 0.491797 0.048611 0.024219
0 0.450000 0.593359 0.041667 0.030469
0 0.265278 0.577734 0.041667 0.021094
0 0.199306 0.539062 0.048611 0.020313
0 0.023611 0.550000 0.041667 0.020313
0 0.021528 0.532813 0.043056 0.020313
0 0.200694 0.597656 0.023611 0.018750
0 0.423611 0.689063 0.050000 0.021875
0 0.377083 0.737500 0.048611 0.032813
0 0.541667 0.742188 0.041667 0.018750
0 0.712500 0.773047 0.030556 0.019531
0 0.847917 0.731641 0.045833 0.021094
0 0.687500 0.778125 0.030556 0.015625
0 0.384722 0.813672 0.041667 0.030469
0 0.020833 0.778516 0.030556 0.017969
0 0.032639 0.806250 0.029167 0.020313
0 0.288889 0.887891 0.069444 0.032031
0 0.590972 0.890625 0.045833 0.028125
0 0.811806 0.506641 0.076389 0.013281
0 0.522222 0.885547 0.047222 0.017969