0 0.394444 0.262109 0.050000 0.030469
0 0.534028 0.402734 0.037500 0.017969
0 0.154167 0.471875 0.047222 0.029687
0 0.188889 0.546094 0.055556 0.029687
0 0.428472 0.500000 0.048611 0.028125
0 0.407639 0.457422 0.031944 0.021094
0 0.474306 0.453516 0.023611 0.014844
0 0.488889 0.509375 0.036111 0.029687
0 0.117361 0.622656 0.062500 0.028125
0 0.540972 0.551172 0.034722 0.022656
0 0.517361 0.516797 0.031944 0.028906
0 0.629861 0.533594 0.031944 0.018750
0 0.061111 0.726953 0.036111 0.025781
0 0.372917 0.716797 0.048611 0.022656
0 0.345833 0.739453 0.022222 0.021094
0 0.406944 0.690625 0.050000 0.029687
0 0.418750 0.712500 0.045833 0.025000
0 0.450000 0.682422 0.038889 0.027344
0 0.585417 0.650391 0.056944 0.028906
0 0.692361 0.658984 0.040278 0.022656
0 0.650694 0.696094 0.048611 0.021875
0 0.654167 0.621484 0.050000 0.024219
0 0.615278 0.605078 0.055556 0.016406
0 0.559028 0.575391 0.040278 0.008594
0 0.647917 0.538281 0.048611 0.018750
0 0.736111 0.608984 0.052778 0.021094
0 0.698611 0.521484 0.047222 0.022656
0 0.680556 0.535937 0.025000 0.014063
0 0.890278 0.516016 0.033333 0.019531
0 0.924306 0.515234 0.037500 0.014844
0 0.408333 0.367969 0.016667 0.012500
0 0.388889 0.418750 0.030556 0.012500
0 0.384028 0.658203 0.023611 0.025781
0 0.669444 0.526563 0.027778 0.015625
0 0.606944 0.587109 0.061111 0.027344
0 0.590278 0.577344 0.033333 0.012500
0 0.402083 0.806250 0.054167 0.028125