0 0.468056 0.174609 0.041667 0.024219
0 0.254861 0.336328 0.034722 0.021094
0 0.288889 0.341016 0.030556 0.014844
0 0.284028 0.411328 0.045833 0.025781
0 0.295139 0.442578 0.034722 0.019531
0 0.237500 0.524609 0.033333 0.021094
0 0.267361 0.533594 0.026389 0.010937
0 0.291667 0.526563 0.013889 0.007812
0 0.261806 0.637500 0.045833 0.025000
0 0.137500 0.428906 0.013889 0.010937
0 0.073611 0.508594 0.013889 0.007812
0 0.468056 0.432422 0.036111 0.016406
0 0.513194 0.412891 0.026389 0.013281
0 0.277083 0.582812 0.031944 0.018750
0 0.578472 0.373828 0.023611 0.014844
0 0.622917 0.372656 0.034722 0.018750
0 0.678472 0.407031 0.040278 0.028125
0 0.602083 0.388281 0.015278 0.010937
0 0.872222 0.535937 0.025000 0.009375
0 0.770139 0.641406 0.020833 0.017188
0 0.084722 0.481641 0.022222 0.017969
0 0.038889 0.525000 0.044444 0.018750
0 0.198611 0.429688 0.030556 0.023438
0 0.610417 0.654687 0.018056 0.018750
0 0.492361 0.715234 0.045833 0.013281
0 0.903472 0.650000 0.029167 0.017188
0 0.863194 0.638672 0.040278 0.021094
0 0.902083 0.630469 0.054167 0.017188
0 0.838889 0.608984 0.038889 0.013281
0 0.652083 0.593359 0.018056 0.014844
0 0.236806 0.600781 0.059722 0.029687