0 0.558333 0.004687 0.019444 0.007812
0 0.452083 0.169922 0.043056 0.024219
0 0.574306 0.149219 0.037500 0.028125
0 0.504861 0.120703 0.045833 0.025781
0 0.529167 0.109766 0.025000 0.016406
0 0.490972 0.040234 0.037500 0.022656
0 0.574306 0.006250 0.018056 0.010937
0 0.673611 0.014453 0.044444 0.027344
0 0.625694 0.014063 0.040278 0.021875
0 0.648611 0.004297 0.047222 0.007031
0 0.546528 0.147266 0.020833 0.022656
0 0.625000 0.128906 0.058333 0.035937
0 0.573611 0.085156 0.036111 0.017188
0 0.412500 0.206641 0.019444 0.016406
0 0.086806 0.292578 0.026389 0.017969
0 0.073611 0.305078 0.033333 0.017969
0 0.418750 0.242969 0.037500 0.017188
0 0.420139 0.257812 0.037500 0.012500
0 0.548611 0.244141 0.033333 0.025781
0 0.484722 0.269531 0.050000 0.028125
0 0.058333 0.346094 0.019444 0.021875
0 0.464583 0.318359 0.034722 0.017969
0 0.483333 0.333203 0.055556 0.025781
0 0.627083 0.226953 0.040278 0.024219
0 0.725000 0.230469 0.044444 0.025000
0 0.531250 0.356641 0.029167 0.019531
0 0.174306 0.412109 0.048611 0.025781
0 0.188889 0.380469 0.036111 0.007812
0 0.400000 0.427344 0.050000 0.026562
0 0.428472 0.398438 0.051389 0.034375
0 0.422917 0.367969 0.043056 0.026562
0 0.707639 0.320312 0.045833 0.025000
0 0.739583 0.330469 0.034722 0.026562
0 0.829167 0.260156 0.038889 0.025000
0 0.763889 0.336719 0.036111 0.014063
0 0.134722 0.506250 0.058333 0.029687
0 0.415278 0.475000 0.027778 0.010937
0 0.822222 0.375391 0.058333 0.028906
0 0.693056 0.412500 0.036111 0.018750
0 0.881250 0.340234 0.034722 0.022656
0 0.906944 0.413672 0.050000 0.030469
0 0.843056 0.475781 0.050000 0.025000
0 0.309722 0.635156 0.041667 0.018750
0 0.877778 0.512109 0.044444 0.024219
0 0.858333 0.531250 0.036111 0.018750
0 0.891667 0.465234 0.033333 0.016406
0 0.930556 0.521094 0.047222 0.018750
0 0.986806 0.528516 0.023611 0.013281
0 0.705556 0.628516 0.044444 0.016406
0 0.525000 0.625000 0.036111 0.018750
0 0.747917 0.677344 0.043056 0.018750
0 0.743750 0.693359 0.040278 0.014844
0 0.900694 0.763672 0.048611 0.017969
0 0.911111 0.830469 0.038889 0.026562
0 0.891667 0.616406 0.025000 0.018750
0 0.065278 0.567969 0.033333 0.014063
0 0.615278 0.064453 0.025000 0.010156
0 0.081944 0.414453 0.022222 0.014844
0 0.364583 0.423438 0.040278 0.014063
0 0.322222 0.476953 0.019444 0.013281
0 0.331944 0.535156 0.027778 0.007812
0 0.918056 0.363672 0.041667 0.019531
0 0.693750 0.118359 0.029167 0.021094