0 0.337500 0.132422 0.041667 0.027344
0 0.355556 0.113281 0.033333 0.018750
0 0.440278 0.114453 0.036111 0.017969
0 0.520139 0.260937 0.040278 0.025000
0 0.541667 0.276953 0.044444 0.025781
0 0.445139 0.421875 0.048611 0.029687
0 0.501389 0.435547 0.030556 0.010156
0 0.552778 0.438672 0.038889 0.019531
0 0.617361 0.452734 0.045833 0.028906
0 0.586111 0.492969 0.027778 0.021875
0 0.579167 0.540234 0.047222 0.027344
0 0.504167 0.507812 0.044444 0.023438
0 0.476389 0.522656 0.025000 0.018750
0 0.389583 0.506250 0.048611 0.028125
0 0.361111 0.514062 0.036111 0.017188
0 0.493750 0.631250 0.043056 0.020313
0 0.347917 0.619922 0.051389 0.024219
0 0.169444 0.606250 0.052778 0.025000
0 0.188194 0.574609 0.029167 0.024219
0 0.206250 0.537500 0.031944 0.029687
0 0.095833 0.441406 0.030556 0.018750
0 0.500694 0.272656 0.031944 0.018750
0 0.118056 0.452734 0.025000 0.021094