0 0.242361 0.052344 0.026389 0.014063
0 0.290972 0.097656 0.048611 0.032813
0 0.243750 0.116406 0.023611 0.025000
0 0.193750 0.084766 0.034722 0.024219
0 0.397917 0.106641 0.031944 0.019531
0 0.419444 0.104297 0.022222 0.022656
0 0.363194 0.085156 0.018056 0.010937
0 0.154167 0.132812 0.036111 0.025000
0 0.175694 0.231641 0.043056 0.022656
0 0.126389 0.206250 0.025000 0.014063
0 0.251389 0.207422 0.030556 0.024219
0 0.171528 0.294922 0.048611 0.021094
0 0.100694 0.358594 0.056944 0.034375
0 0.095833 0.328125 0.030556 0.025000
0 0.084028 0.388672 0.048611 0.025781
0 0.044444 0.385547 0.027778 0.016406
0 0.327083 0.192969 0.034722 0.021875
0 0.423611 0.198047 0.038889 0.024219
0 0.401389 0.286719 0.036111 0.020313
0 0.516667 0.227344 0.038889 0.023438
0 0.503472 0.340625 0.045833 0.028125
0 0.556944 0.308984 0.033333 0.022656
0 0.588889 0.377734 0.038889 0.027344
0 0.607639 0.331250 0.043056 0.017188
0 0.589583 0.325781 0.026389 0.010937
0 0.684722 0.296094 0.033333 0.012500
0 0.556250 0.473047 0.037500 0.021094
0 0.527778 0.438672 0.047222 0.021094
0 0.572917 0.427734 0.040278 0.019531
0 0.213194 0.318750 0.026389 0.018750
0 0.154167 0.280078 0.025000 0.016406
0 0.202083 0.241406 0.026389 0.014063
0 0.128472 0.220703 0.031944 0.016406
0 0.122222 0.464062 0.030556 0.012500
0 0.431944 0.632031 0.036111 0.017188
0 0.431250 0.645703 0.037500 0.016406
0 0.543056 0.492578 0.038889 0.016406
0 0.577083 0.571484 0.034722 0.016406
0 0.210417 0.580078 0.029167 0.019531
0 0.372917 0.584375 0.040278 0.012500
0 0.290972 0.592187 0.018056 0.015625
0 0.043056 0.416797 0.033333 0.007031
0 0.728472 0.588672 0.043056 0.022656
0 0.677778 0.484766 0.050000 0.025781
0 0.879861 0.527344 0.051389 0.025000
0 0.896528 0.544531 0.045833 0.018750
0 0.813194 0.550391 0.034722 0.017969
0 0.776389 0.551953 0.033333 0.014844
0 0.753472 0.355859 0.048611 0.024219
0 0.714583 0.332422 0.023611 0.011719
0 0.365278 0.617578 0.019444 0.010156
0 0.370139 0.605078 0.018056 0.007031
0 0.885417 0.020313 0.051389 0.032813
0 0.905556 0.013672 0.041667 0.025781
0 0.990278 0.024609 0.016667 0.027344
0 0.981250 0.050000 0.034722 0.028125
0 0.940972 0.540234 0.018056 0.016406
0 0.910417 0.440625 0.018056 0.009375
0 0.700694 0.522656 0.029167 0.014063
0 0.581944 0.773438 0.027778 0.025000
0 0.568056 0.706641 0.030556 0.024219
0 0.182639 0.007031 0.026389 0.012500
0 0.447222 0.300781 0.030556 0.014063
0 0.388889 0.379688 0.030556 0.014063
0 0.985417 0.450000 0.026389 0.015625