0 0.575694 0.576562 0.040278 0.025000
0 0.725694 0.450391 0.048611 0.033594
0 0.699306 0.520703 0.040278 0.022656
0 0.610417 0.544141 0.037500 0.017969
0 0.500000 0.571094 0.038889 0.023438
0 0.543750 0.570312 0.029167 0.017188
0 0.716667 0.395703 0.047222 0.027344
0 0.244444 0.500000 0.030556 0.018750
0 0.283333 0.465234 0.036111 0.014844
0 0.180556 0.475000 0.036111 0.020313
0 0.171528 0.428125 0.040278 0.023438
0 0.091667 0.451172 0.027778 0.016406
0 0.016667 0.442188 0.027778 0.017188
0 0.664583 0.325000 0.043056 0.026562
0 0.615972 0.378906 0.026389 0.020313
0 0.890278 0.304688 0.036111 0.028125
0 0.873611 0.248438 0.030556 0.017188
0 0.928472 0.239063 0.040278 0.017188
0 0.675000 0.196484 0.041667 0.022656
0 0.805556 0.199219 0.033333 0.020313
0 0.775000 0.172266 0.033333 0.021094
0 0.426389 0.186719 0.038889 0.025000
0 0.471528 0.146484 0.037500 0.022656
0 0.483333 0.180469 0.030556 0.018750
0 0.270139 0.225000 0.034722 0.020313
0 0.438194 0.237500 0.026389 0.018750
0 0.602778 0.212891 0.038889 0.024219
0 0.486806 0.240625 0.040278 0.017188
0 0.507639 0.223438 0.029167 0.021875
0 0.587500 0.233984 0.030556 0.022656
0 0.663194 0.253906 0.037500 0.018750
0 0.390278 0.325781 0.033333 0.015625
0 0.401389 0.271875 0.033333 0.018750
0 0.394444 0.203125 0.036111 0.014063
0 0.497222 0.200391 0.033333 0.019531
0 0.594444 0.147656 0.038889 0.020313
0 0.593056 0.127344 0.036111 0.015625
0 0.542361 0.234766 0.034722 0.022656
0 0.737500 0.181250 0.025000 0.018750
0 0.673611 0.235156 0.027778 0.020313
0 0.561806 0.154297 0.023611 0.014844
0 0.059028 0.473828 0.026389 0.011719
0 0.461111 0.224219 0.033333 0.012500
0 0.479861 0.210156 0.029167 0.018750
0 0.565972 0.194531 0.048611 0.021875
0 0.645833 0.169141 0.033333 0.025781
0 0.807639 0.227344 0.040278 0.025000
0 0.834722 0.239453 0.041667 0.014844
0 0.838889 0.277344 0.030556 0.009375
0 0.615278 0.247266 0.027778 0.017969
0 0.654167 0.219922 0.033333 0.024219
0 0.529861 0.196484 0.029167 0.008594
0 0.361111 0.323828 0.033333 0.021094
0 0.305556 0.317969 0.033333 0.009375
0 0.333333 0.314453 0.033333 0.014844
0 0.063889 0.325781 0.027778 0.014063
0 0.022917 0.316406 0.015278 0.009375
0 0.631250 0.364063 0.026389 0.010937
0 0.493750 0.332813 0.037500 0.017188
0 0.624306 0.272266 0.023611 0.013281
0 0.921528 0.356641 0.026389 0.019531
0 0.975000 0.340234 0.033333 0.008594
0 0.913889 0.342578 0.016667 0.008594
0 0.783333 0.366016 0.041667 0.028906
0 0.779861 0.408594 0.023611 0.017188
0 0.219444 0.483203 0.025000 0.017969
0 0.363889 0.464062 0.030556 0.020313
0 0.446528 0.521875 0.023611 0.014063
0 0.456250 0.495312 0.031944 0.018750
0 0.615972 0.478125 0.026389 0.015625
0 0.661111 0.452734 0.033333 0.017969
0 0.693750 0.474609 0.026389 0.016406
0 0.724306 0.479687 0.015278 0.010937
0 0.944444 0.530469 0.052778 0.028125
0 0.756250 0.326562 0.015278 0.012500
0 0.622222 0.293750 0.019444 0.015625