0 0.247222 0.403516 0.016667 0.007031
0 0.275000 0.410156 0.030556 0.012500
0 0.293056 0.395313 0.022222 0.017188
0 0.419444 0.382031 0.025000 0.012500
0 0.381250 0.426172 0.031944 0.014844
0 0.268750 0.384375 0.015278 0.009375
0 0.488889 0.383984 0.019444 0.014844
0 0.498611 0.427344 0.016667 0.015625
0 0.561111 0.430859 0.030556 0.016406
0 0.147222 0.578516 0.016667 0.008594
0 0.347222 0.581641 0.027778 0.016406
0 0.307639 0.619922 0.006944 0.010156
0 0.042361 0.645312 0.015278 0.012500
0 0.057639 0.645312 0.006944 0.006250
0 0.136806 0.680859 0.018056 0.017969
0 0.167361 0.740625 0.031944 0.023438
0 0.187500 0.707812 0.025000 0.015625
0 0.431944 0.660937 0.011111 0.010937
0 0.474306 0.489063 0.037500 0.012500
0 0.489583 0.289453 0.026389 0.014844
0 0.501389 0.273828 0.013889 0.007031
0 0.570833 0.287109 0.019444 0.013281
0 0.604167 0.280469 0.027778 0.014063
0 0.568056 0.268750 0.019444 0.009375
0 0.584722 0.246875 0.016667 0.009375
0 0.609722 0.241406 0.019444 0.010937
0 0.556250 0.220312 0.026389 0.012500
0 0.675000 0.258203 0.022222 0.016406
0 0.620833 0.322656 0.011111 0.012500
0 0.659722 0.294141 0.027778 0.014844
0 0.701389 0.285938 0.022222 0.017188
0 0.684028 0.312500 0.026389 0.015625
0 0.712500 0.313281 0.025000 0.010937
0 0.752778 0.288281 0.013889 0.009375
0 0.731944 0.419531 0.011111 0.007812
0 0.777778 0.467578 0.022222 0.010156
0 0.643750 0.568750 0.009722 0.010937
0 0.704861 0.701172 0.023611 0.016406
0 0.718750 0.721094 0.012500 0.010937
0 0.802778 0.742969 0.019444 0.009375
0 0.909722 0.693750 0.025000 0.010937
0 0.855556 0.766797 0.013889 0.013281
0 0.781250 0.626563 0.018056 0.007812
0 0.457639 0.448047 0.018056 0.007031
0 0.470139 0.456250 0.009722 0.004687
0 0.690972 0.690234 0.020833 0.008594
0 0.518056 0.291797 0.027778 0.019531
0 0.786111 0.387500 0.019444 0.010937
0 0.354167 0.548047 0.033333 0.025781
0 0.557639 0.576172 0.029167 0.014844
0 0.557639 0.620313 0.020833 0.023438
0 0.359028 0.669922 0.040278 0.017969
0 0.388889 0.676953 0.025000 0.016406
0 0.810417 0.767188 0.023611 0.017188
0 0.901389 0.760156 0.027778 0.014063
0 0.940278 0.781250 0.025000 0.020313
0 0.733333 0.790625 0.019444 0.018750
0 0.659028 0.725000 0.026389 0.015625
0 0.678472 0.733984 0.031944 0.011719
0 0.664583 0.695312 0.020833 0.014063
0 0.627083 0.637109 0.040278 0.019531
0 0.668056 0.609766 0.038889 0.014844
0 0.775000 0.773438 0.036111 0.018750
0 0.785417 0.766797 0.023611 0.017969
0 0.721528 0.775391 0.020833 0.011719
0 0.805556 0.797266 0.030556 0.019531
0 0.790278 0.806641 0.016667 0.013281
0 0.890278 0.811719 0.030556 0.014063