0 0.025000 0.037891 0.044444 0.025781
0 0.038889 0.064844 0.047222 0.032813
0 0.081944 0.132812 0.063889 0.040625
0 0.037500 0.138672 0.050000 0.042969
0 0.036806 0.176563 0.059722 0.034375
0 0.766667 0.137109 0.061111 0.035156
0 0.656944 0.179688 0.038889 0.031250
0 0.683333 0.183203 0.050000 0.030469
0 0.713889 0.173828 0.016667 0.007031
0 0.639583 0.198828 0.026389 0.022656
0 0.600000 0.203906 0.030556 0.023438
0 0.060417 0.245703 0.051389 0.030469
0 0.095833 0.266406 0.052778 0.028125
0 0.560417 0.204687 0.059722 0.028125
0 0.531250 0.230078 0.045833 0.028906
0 0.540278 0.256250 0.050000 0.025000
0 0.664583 0.226953 0.054167 0.033594
0 0.777083 0.209766 0.018056 0.021094
0 0.795139 0.235937 0.031944 0.017188
0 0.604861 0.290234 0.040278 0.030469
0 0.770139 0.303516 0.045833 0.028906
0 0.584722 0.333594 0.047222 0.025000
0 0.817361 0.359375 0.051389 0.023438
0 0.858333 0.362891 0.041667 0.021094
0 0.541667 0.301563 0.038889 0.021875
0 0.439583 0.363672 0.059722 0.033594
0 0.383333 0.368359 0.050000 0.032031
0 0.141667 0.374609 0.061111 0.032031
0 0.064583 0.383594 0.062500 0.026562
0 0.255556 0.441016 0.075000 0.027344
0 0.367361 0.491797 0.056944 0.035156
0 0.414583 0.487891 0.043056 0.027344
0 0.282639 0.457031 0.051389 0.015625
0 0.508333 0.465234 0.055556 0.022656
0 0.553472 0.451562 0.026389 0.018750
0 0.581250 0.432422 0.051389 0.028906
0 0.606944 0.455078 0.041667 0.019531
0 0.713889 0.468750 0.044444 0.031250
0 0.783333 0.440234 0.047222 0.025781
0 0.771528 0.467187 0.043056 0.025000
0 0.970139 0.552734 0.040278 0.017969
0 0.009028 0.588672 0.018056 0.052344
0 0.451389 0.563672 0.041667 0.022656
0 0.886111 0.648047 0.050000 0.027344
0 0.667361 0.738672 0.043056 0.019531
0 0.017361 0.275000 0.031944 0.023438
0 0.208333 0.374609 0.052778 0.021094
0 0.599306 0.389062 0.034722 0.017188
0 0.653472 0.412891 0.023611 0.014844
0 0.718056 0.235937 0.050000 0.023438
0 0.803472 0.387891 0.020833 0.019531
0 0.431944 0.671875 0.047222 0.025000
0 0.684722 0.633984 0.027778 0.017969
0 0.826389 0.663672 0.027778 0.014844
0 0.889583 0.751953 0.065278 0.035156
0 0.681250 0.523438 0.040278 0.015625