0 0.275694 0.201953 0.034722 0.022656
0 0.160417 0.175781 0.029167 0.021875
0 0.200694 0.284375 0.031944 0.020313
0 0.173611 0.265625 0.025000 0.021875
0 0.173611 0.282422 0.019444 0.016406
0 0.098611 0.319531 0.025000 0.017188
0 0.425000 0.310156 0.036111 0.018750
0 0.340278 0.329688 0.022222 0.015625
0 0.501389 0.334375 0.030556 0.021875
0 0.491667 0.360938 0.030556 0.020313
0 0.456944 0.333984 0.025000 0.017969
0 0.435417 0.351953 0.029167 0.014844
0 0.396528 0.318750 0.026389 0.015625
0 0.556944 0.476562 0.030556 0.018750
0 0.247222 0.531250 0.027778 0.020313
0 0.392361 0.221094 0.023611 0.012500
0 0.181250 0.481641 0.029167 0.021094
0 0.138194 0.430469 0.023611 0.014063
0 0.161111 0.430469 0.019444 0.012500
0 0.107639 0.362500 0.023611 0.017188
0 0.420139 0.332813 0.026389 0.015625
0 0.601389 0.366797 0.025000 0.016406
0 0.706944 0.393750 0.025000 0.014063
0 0.482639 0.294141 0.026389 0.013281
0 0.077778 0.258594 0.022222 0.009375
0 0.062500 0.322266 0.027778 0.013281
0 0.056944 0.335938 0.013889 0.012500
0 0.377083 0.389453 0.026389 0.011719
0 0.251389 0.194922 0.022222 0.021094
0 0.320139 0.257812 0.040278 0.017188
0 0.135417 0.165234 0.018056 0.007031
0 0.485417 0.330859 0.015278 0.011719
0 0.231250 0.518750 0.020833 0.017188
0 0.256944 0.536719 0.030556 0.020313
0 0.268056 0.485156 0.033333 0.020313
0 0.269444 0.463672 0.030556 0.017969
0 0.273611 0.496094 0.016667 0.015625
0 0.471528 0.462109 0.026389 0.013281
0 0.719444 0.455859 0.036111 0.014844
0 0.341667 0.356641 0.025000 0.010156