0 0.357639 0.078125 0.043056 0.028125
0 0.420139 0.085156 0.048611 0.025000
0 0.092361 0.158594 0.031944 0.017188
0 0.084028 0.235547 0.037500 0.017969
0 0.052778 0.160547 0.036111 0.019531
0 0.013889 0.232031 0.027778 0.018750
0 0.018750 0.215625 0.026389 0.017188
0 0.007639 0.248828 0.012500 0.019531
0 0.420833 0.106641 0.044444 0.021094
0 0.006944 0.057422 0.011111 0.022656
0 0.481944 0.136328 0.047222 0.030469
0 0.928472 0.244922 0.034722 0.022656
0 0.496528 0.223828 0.043056 0.025781
0 0.490278 0.244531 0.041667 0.020313
0 0.954167 0.246875 0.041667 0.025000
0 0.991667 0.200391 0.013889 0.022656
0 0.983333 0.167187 0.027778 0.017188
0 0.087500 0.349609 0.038889 0.022656
0 0.169444 0.380078 0.044444 0.021094
0 0.153472 0.418359 0.034722 0.017969
0 0.115278 0.427734 0.036111 0.019531
0 0.126389 0.457031 0.030556 0.020313
0 0.122222 0.405859 0.033333 0.013281
0 0.231250 0.469141 0.043056 0.019531
0 0.382639 0.507812 0.037500 0.018750
0 0.409028 0.520703 0.031944 0.016406
0 0.612500 0.376953 0.030556 0.021094
0 0.625694 0.433203 0.040278 0.024219
0 0.661111 0.435156 0.044444 0.023438
0 0.715278 0.496875 0.044444 0.021875
0 0.746528 0.498437 0.026389 0.018750
0 0.981250 0.346094 0.034722 0.026562
0 0.850694 0.435156 0.031944 0.020313
0 0.889583 0.444141 0.040278 0.022656
0 0.822917 0.480078 0.048611 0.027344
0 0.546528 0.547656 0.037500 0.025000
0 0.863194 0.474219 0.040278 0.021875
0 0.989583 0.410156 0.018056 0.010937
0 0.880556 0.490625 0.050000 0.023438
0 0.919444 0.491406 0.019444 0.012500
0 0.769444 0.548828 0.022222 0.013281
0 0.878472 0.516016 0.029167 0.014844
0 0.665278 0.594531 0.047222 0.021875
0 0.626389 0.616797 0.022222 0.016406
0 0.424306 0.704688 0.051389 0.032813
0 0.453472 0.693359 0.043056 0.013281
0 0.972917 0.182031 0.012500 0.012500
0 0.395833 0.717187 0.027778 0.017188