0 0.467361 0.014063 0.045833 0.028125
0 0.408333 0.035937 0.030556 0.020313
0 0.420833 0.085156 0.041667 0.029687
0 0.510417 0.119531 0.037500 0.021875
0 0.343750 0.112500 0.040278 0.023438
0 0.322222 0.144531 0.038889 0.020313
0 0.360417 0.144531 0.029167 0.020313
0 0.385417 0.172656 0.026389 0.021875
0 0.363889 0.204297 0.033333 0.017969
0 0.283333 0.210547 0.030556 0.019531
0 0.316667 0.232422 0.050000 0.022656
0 0.458333 0.212891 0.041667 0.021094
0 0.451389 0.232813 0.036111 0.017188
0 0.503472 0.239453 0.040278 0.021094
0 0.564583 0.235547 0.043056 0.022656
0 0.597917 0.269141 0.043056 0.022656
0 0.444444 0.305469 0.044444 0.023438
0 0.522917 0.309766 0.031944 0.017969
0 0.429861 0.323828 0.037500 0.022656
0 0.387500 0.310547 0.044444 0.022656
0 0.295139 0.318750 0.043056 0.021875
0 0.607639 0.390234 0.045833 0.019531
0 0.244444 0.363281 0.033333 0.018750
0 0.216667 0.392969 0.041667 0.023438
0 0.270139 0.408203 0.040278 0.022656
0 0.306250 0.392969 0.031944 0.015625
0 0.333333 0.407422 0.022222 0.013281
0 0.394444 0.457813 0.030556 0.020313
0 0.441667 0.467187 0.033333 0.012500
0 0.545833 0.471875 0.022222 0.015625
0 0.620139 0.493359 0.029167 0.016406
0 0.904861 0.455859 0.037500 0.021094
0 0.948611 0.503125 0.030556 0.021875
0 0.303472 0.494141 0.031944 0.017969
0 0.206944 0.424609 0.047222 0.019531
0 0.077778 0.453516 0.036111 0.017969
0 0.170833 0.445703 0.030556 0.016406
0 0.343056 0.533594 0.030556 0.015625
0 0.482639 0.563672 0.037500 0.017969
0 0.502083 0.621094 0.037500 0.023438
0 0.211111 0.601953 0.038889 0.019531
0 0.063889 0.683984 0.044444 0.022656
0 0.523611 0.760156 0.052778 0.037500
0 0.495833 0.835547 0.072222 0.036719
0 0.470139 0.320312 0.029167 0.017188
0 0.370833 0.294531 0.030556 0.014063
0 0.424306 0.249219 0.040278 0.023438
0 0.481944 0.201563 0.025000 0.015625
0 0.449306 0.171094 0.029167 0.020313
0 0.355556 0.171875 0.036111 0.028125
0 0.388889 0.123047 0.044444 0.019531
0 0.417361 0.145703 0.043056 0.019531
0 0.434028 0.272656 0.051389 0.023438
0 0.594444 0.514453 0.036111 0.013281
0 0.750000 0.567578 0.019444 0.014844
0 0.937500 0.456641 0.044444 0.024219
0 0.873611 0.484375 0.036111 0.015625
0 0.843056 0.521875 0.044444 0.012500
0 0.270139 0.446875 0.018056 0.020313
0 0.355556 0.477734 0.025000 0.016406
0 0.394444 0.475781 0.033333 0.014063