0 0.418750 0.161328 0.045833 0.025781
0 0.204167 0.325000 0.030556 0.020313
0 0.238194 0.330078 0.034722 0.013281
0 0.236806 0.398438 0.040278 0.023438
0 0.248611 0.429688 0.036111 0.018750
0 0.193056 0.517969 0.030556 0.014063
0 0.232639 0.518359 0.054167 0.017969
0 0.427083 0.419922 0.043056 0.022656
0 0.468750 0.401953 0.020833 0.010156
0 0.631250 0.393750 0.037500 0.025000
0 0.578472 0.358594 0.029167 0.018750
0 0.531944 0.365234 0.027778 0.022656
0 0.565278 0.375000 0.030556 0.012500
0 0.216667 0.627344 0.041667 0.023438
0 0.740278 0.582422 0.013889 0.008594
0 0.508333 0.313672 0.027778 0.016406
0 0.477778 0.284375 0.016667 0.009375
0 0.152778 0.417187 0.030556 0.020313
0 0.084722 0.416797 0.027778 0.016406
0 0.035417 0.469141 0.015278 0.014844
0 0.027083 0.483594 0.031944 0.012500
0 0.022222 0.512500 0.033333 0.037500
0 0.234028 0.575391 0.034722 0.021094
0 0.193750 0.590234 0.054167 0.025781
0 0.443056 0.700391 0.038889 0.011719
0 0.563194 0.640234 0.015278 0.017969
0 0.725000 0.625391 0.025000 0.019531
0 0.792361 0.592969 0.040278 0.012500
0 0.855556 0.614844 0.047222 0.014063
0 0.865972 0.636719 0.015278 0.014063
0 0.977778 0.641797 0.022222 0.016406
0 0.827778 0.520312 0.030556 0.014063
0 0.890972 0.506250 0.015278 0.007812
0 0.973611 0.493750 0.025000 0.010937