0 0.011806 0.081250 0.023611 0.023438
0 0.009028 0.103516 0.015278 0.013281
0 0.036111 0.100000 0.022222 0.015625
0 0.117361 0.110547 0.029167 0.019531
0 0.093056 0.149219 0.055556 0.029687
0 0.115278 0.196875 0.050000 0.032813
0 0.068750 0.187891 0.043056 0.025781
0 0.049306 0.227344 0.043056 0.023438
0 0.020833 0.262109 0.041667 0.024219
0 0.131250 0.308984 0.043056 0.022656
0 0.204861 0.283203 0.031944 0.016406
0 0.218750 0.317188 0.026389 0.015625
0 0.120833 0.360547 0.025000 0.011719
0 0.141667 0.370703 0.025000 0.010156
0 0.031250 0.603906 0.043056 0.017188
0 0.040972 0.645703 0.048611 0.028906
0 0.011111 0.740234 0.016667 0.025781
0 0.062500 0.750000 0.050000 0.028125
0 0.104167 0.693359 0.041667 0.016406
0 0.136111 0.712109 0.047222 0.025781
0 0.152083 0.689453 0.051389 0.016406
0 0.108333 0.669531 0.044444 0.023438
0 0.316667 0.672656 0.044444 0.028125
0 0.351389 0.717969 0.038889 0.023438
0 0.465972 0.598047 0.037500 0.021094
0 0.236111 0.233203 0.027778 0.017969
0 0.287500 0.201172 0.030556 0.017969
0 0.257639 0.134766 0.034722 0.021094
0 0.264583 0.066406 0.037500 0.015625
0 0.285417 0.085547 0.040278 0.025781
0 0.265278 0.095312 0.022222 0.015625
0 0.313194 0.093750 0.020833 0.015625
0 0.362500 0.048828 0.038889 0.024219
0 0.402083 0.051172 0.037500 0.027344
0 0.406250 0.071094 0.031944 0.015625
0 0.443750 0.080469 0.023611 0.015625
0 0.392361 0.098047 0.037500 0.024219
0 0.426389 0.109375 0.041667 0.021875
0 0.408333 0.121094 0.036111 0.017188
0 0.450000 0.105859 0.013889 0.014844
0 0.476389 0.130078 0.019444 0.014844
0 0.396528 0.135156 0.029167 0.014063
0 0.385417 0.193750 0.026389 0.015625
0 0.440972 0.182812 0.034722 0.015625
0 0.388194 0.212109 0.020833 0.013281
0 0.409028 0.214453 0.026389 0.014844
0 0.380556 0.292578 0.011111 0.010156
0 0.434722 0.332422 0.050000 0.024219
0 0.407639 0.352344 0.026389 0.015625
0 0.459722 0.353516 0.047222 0.027344
0 0.502083 0.294531 0.029167 0.023438
0 0.516667 0.375000 0.036111 0.020313
0 0.553472 0.288281 0.045833 0.023438
0 0.504167 0.230469 0.050000 0.026562
0 0.581250 0.162891 0.029167 0.016406
0 0.588889 0.135156 0.036111 0.020313
0 0.519444 0.066016 0.033333 0.016406
0 0.567361 0.071875 0.031944 0.021875
0 0.622917 0.102734 0.031944 0.014844
0 0.648611 0.117578 0.016667 0.014844
0 0.739583 0.114844 0.048611 0.025000
0 0.631944 0.179688 0.025000 0.014063
0 0.631250 0.254297 0.054167 0.033594
0 0.648611 0.223438 0.041667 0.023438
0 0.690972 0.216016 0.034722 0.021094
0 0.627778 0.480469 0.066667 0.031250
0 0.555556 0.571484 0.027778 0.019531
0 0.583333 0.542578 0.061111 0.021094
0 0.704167 0.598437 0.055556 0.037500
0 0.779167 0.595313 0.047222 0.021875
0 0.693056 0.751172 0.052778 0.030469
0 0.847222 0.671875 0.036111 0.015625
0 0.879167 0.607812 0.052778 0.025000
0 0.878472 0.702344 0.031944 0.014063
0 0.761111 0.441016 0.033333 0.019531
0 0.902083 0.347656 0.023611 0.014063
0 0.979861 0.378906 0.031944 0.032813
0 0.972917 0.416406 0.043056 0.035937
0 0.773611 0.176172 0.036111 0.021094
0 0.739583 0.183594 0.040278 0.025000
0 0.955556 0.132812 0.030556 0.031250
0 0.953472 0.096094 0.031944 0.025000
0 0.865278 0.096875 0.055556 0.034375
0 0.826389 0.093750 0.036111 0.026562
0 0.808333 0.087500 0.016667 0.018750
0 0.761111 0.091016 0.038889 0.022656
0 0.774306 0.065234 0.043056 0.022656
0 0.836111 0.058203 0.050000 0.032031
0 0.803472 0.065625 0.012500 0.023438
0 0.895139 0.050391 0.020833 0.013281
0 0.834028 0.023828 0.029167 0.022656
0 0.140278 0.139844 0.041667 0.018750
0 0.663889 0.094922 0.025000 0.011719
0 0.809722 0.140234 0.044444 0.027344
0 0.830556 0.213281 0.033333 0.017188
0 0.806250 0.423828 0.065278 0.032031
0 0.630556 0.580469 0.033333 0.025000
0 0.015278 0.706641 0.027778 0.017969