0 0.386111 0.275000 0.055556 0.031250
0 0.409722 0.271484 0.030556 0.027344
0 0.556250 0.233984 0.054167 0.019531
0 0.625694 0.250000 0.059722 0.029687
0 0.565278 0.271484 0.055556 0.032031
0 0.621528 0.266797 0.062500 0.030469
0 0.431250 0.376563 0.026389 0.025000
0 0.638889 0.319141 0.052778 0.033594
0 0.557639 0.376563 0.045833 0.023438
0 0.481944 0.476172 0.063889 0.035156
0 0.516667 0.402734 0.058333 0.030469
0 0.397222 0.542188 0.066667 0.034375
0 0.277778 0.565625 0.050000 0.025000
0 0.325694 0.564844 0.034722 0.021875
0 0.519444 0.443359 0.033333 0.024219
0 0.585417 0.459375 0.056944 0.034375
0 0.743056 0.496484 0.061111 0.038281
0 0.179861 0.638281 0.054167 0.029687
0 0.325694 0.621484 0.068056 0.027344
0 0.631944 0.601172 0.050000 0.028906
0 0.281944 0.759766 0.047222 0.030469
0 0.066667 0.746094 0.058333 0.023438
0 0.186806 0.692187 0.020833 0.015625
0 0.329167 0.684766 0.063889 0.017969
0 0.338889 0.732422 0.061111 0.028906
0 0.524306 0.651563 0.068056 0.031250
0 0.470139 0.690625 0.062500 0.020313
0 0.463889 0.760156 0.036111 0.018750
0 0.911806 0.747266 0.045833 0.024219
0 0.956250 0.744141 0.034722 0.024219
0 0.578472 0.773438 0.054167 0.032813
0 0.627083 0.748437 0.037500 0.026562
0 0.425000 0.888672 0.072222 0.047656
0 0.661111 0.768359 0.041667 0.022656
0 0.644444 0.676953 0.047222 0.030469
0 0.706944 0.728125 0.052778 0.028125
0 0.565278 0.486719 0.058333 0.023438
0 0.597222 0.511328 0.061111 0.025781
0 0.548611 0.321875 0.044444 0.031250
0 0.618750 0.401172 0.034722 0.013281