0 0.488194 0.083594 0.029167 0.025000
0 0.449306 0.087891 0.029167 0.021094
0 0.430556 0.092188 0.030556 0.014063
0 0.397917 0.153516 0.048611 0.033594
0 0.419444 0.131641 0.025000 0.017969
0 0.500694 0.118359 0.040278 0.025781
0 0.492361 0.138672 0.051389 0.032031
0 0.529167 0.142578 0.041667 0.030469
0 0.508333 0.171484 0.025000 0.028906
0 0.365278 0.159375 0.050000 0.029687
0 0.332639 0.179297 0.043056 0.022656
0 0.515278 0.197266 0.033333 0.027344
0 0.558333 0.191406 0.044444 0.026562
0 0.465278 0.241016 0.058333 0.028906
0 0.388889 0.208594 0.025000 0.021875
0 0.333333 0.212109 0.038889 0.027344
0 0.334028 0.258594 0.023611 0.012500
0 0.393056 0.280078 0.036111 0.016406
0 0.350694 0.288281 0.026389 0.026562
0 0.312500 0.283203 0.036111 0.016406
0 0.472222 0.303125 0.041667 0.034375
0 0.422222 0.311719 0.022222 0.014063
0 0.540278 0.319922 0.025000 0.024219
0 0.983333 0.346484 0.030556 0.028906
0 0.921528 0.415234 0.059722 0.028906
0 0.978472 0.404687 0.018056 0.017188
0 0.125000 0.345313 0.036111 0.025000
0 0.142361 0.364844 0.054167 0.023438
0 0.234722 0.366797 0.050000 0.014844
0 0.048611 0.385156 0.041667 0.025000
0 0.040972 0.414844 0.040278 0.018750
0 0.024306 0.435156 0.037500 0.017188
0 0.095139 0.407422 0.043056 0.019531
0 0.122917 0.426953 0.037500 0.019531
0 0.185417 0.411328 0.037500 0.011719
0 0.181944 0.384766 0.027778 0.014844
0 0.190972 0.374609 0.020833 0.022656
0 0.308333 0.381641 0.050000 0.022656
0 0.349306 0.377734 0.034722 0.022656
0 0.204861 0.472656 0.051389 0.026562
0 0.265278 0.433594 0.041667 0.025000
0 0.317361 0.433594 0.040278 0.025000
0 0.406944 0.412109 0.041667 0.024219
0 0.536806 0.426953 0.040278 0.025781
0 0.565972 0.416797 0.045833 0.025781
0 0.640278 0.428516 0.038889 0.024219
0 0.637500 0.407422 0.013889 0.010156
0 0.677778 0.408203 0.016667 0.013281
0 0.699306 0.441406 0.037500 0.018750
0 0.200694 0.523047 0.034722 0.022656
0 0.338194 0.455469 0.034722 0.015625
0 0.479167 0.494922 0.050000 0.022656
0 0.600694 0.471875 0.023611 0.014063
0 0.643056 0.502734 0.047222 0.030469
0 0.713889 0.550781 0.038889 0.018750
0 0.344444 0.541016 0.027778 0.024219
0 0.475694 0.544531 0.023611 0.010937
0 0.160417 0.583984 0.051389 0.028906
0 0.127083 0.614453 0.037500 0.022656
0 0.082639 0.681250 0.029167 0.018750
0 0.093056 0.737109 0.041667 0.016406
0 0.096528 0.775000 0.048611 0.028125
0 0.129167 0.703516 0.033333 0.032031
0 0.168056 0.653906 0.027778 0.018750
0 0.219444 0.664062 0.033333 0.025000
0 0.286806 0.601562 0.045833 0.017188
0 0.343750 0.580859 0.048611 0.021094
0 0.398611 0.592969 0.041667 0.026562
0 0.381250 0.644531 0.034722 0.021875
0 0.445139 0.655078 0.034722 0.025781
0 0.511111 0.664844 0.022222 0.023438
0 0.543750 0.578906 0.029167 0.014063
0 0.883333 0.599609 0.061111 0.028906
0 0.915278 0.675000 0.038889 0.018750
0 0.793750 0.676172 0.048611 0.025781
0 0.708333 0.689844 0.022222 0.020313
0 0.720139 0.714453 0.045833 0.027344
0 0.514583 0.714453 0.034722 0.024219
0 0.606944 0.665625 0.038889 0.020313
0 0.497917 0.461328 0.031944 0.011719