0 0.429861 0.336719 0.034722 0.020313
0 0.177778 0.530078 0.025000 0.016406
0 0.350000 0.312109 0.033333 0.014844
0 0.377778 0.336719 0.030556 0.017188
0 0.367361 0.353125 0.034722 0.014063
0 0.419444 0.361328 0.027778 0.019531
0 0.277778 0.333594 0.027778 0.014063
0 0.327083 0.322266 0.018056 0.017969
0 0.106250 0.482422 0.026389 0.021094
0 0.299306 0.391797 0.023611 0.011719
0 0.125694 0.288672 0.029167 0.017969
0 0.199306 0.210156 0.034722 0.018750
0 0.071528 0.184375 0.031944 0.015625
0 0.043750 0.178125 0.026389 0.014063
0 0.028472 0.323437 0.031944 0.017188
0 0.101389 0.271875 0.033333 0.018750
0 0.097222 0.286719 0.022222 0.015625
0 0.498611 0.473828 0.025000 0.010156
0 0.312500 0.228516 0.027778 0.013281
0 0.265972 0.263672 0.015278 0.008594
0 0.525694 0.366406 0.023611 0.014063
0 0.009722 0.266016 0.016667 0.014844
0 0.019444 0.342578 0.033333 0.016406
0 0.051389 0.368359 0.030556 0.017969
0 0.090278 0.362891 0.025000 0.011719
0 0.408333 0.296094 0.027778 0.012500
0 0.629167 0.389062 0.016667 0.012500
0 0.589583 0.455859 0.026389 0.008594
0 0.631944 0.454688 0.030556 0.023438
0 0.655556 0.392578 0.022222 0.014844
0 0.188889 0.462500 0.038889 0.015625
0 0.197222 0.482031 0.044444 0.023438
0 0.206250 0.495703 0.029167 0.014844
0 0.167361 0.517188 0.029167 0.012500
0 0.188889 0.534766 0.027778 0.016406
0 0.325000 0.580078 0.022222 0.014844