0 0.161111 0.219141 0.052778 0.027344
0 0.147917 0.254297 0.043056 0.030469
0 0.211111 0.257812 0.052778 0.028125
0 0.040278 0.314453 0.061111 0.030469
0 0.296528 0.521875 0.068056 0.037500
0 0.461111 0.522656 0.055556 0.028125
0 0.200000 0.565234 0.033333 0.021094
0 0.254167 0.589453 0.052778 0.030469
0 0.177778 0.612109 0.061111 0.035156
0 0.206250 0.629687 0.048611 0.031250
0 0.297917 0.653906 0.045833 0.031250
0 0.059028 0.690234 0.051389 0.035156
0 0.438889 0.651953 0.025000 0.027344
0 0.248611 0.716797 0.088889 0.052344
0 0.459028 0.704688 0.045833 0.021875
0 0.314583 0.801172 0.051389 0.010156
0 0.275694 0.907031 0.087500 0.050000
0 0.394444 0.813281 0.038889 0.015625
0 0.416667 0.908984 0.022222 0.025781
0 0.930556 0.847656 0.075000 0.040625
0 0.981250 0.768359 0.034722 0.027344
0 0.868750 0.704297 0.054167 0.030469
0 0.947917 0.646875 0.070833 0.035937
0 0.975694 0.614062 0.043056 0.039062
0 0.882639 0.557422 0.065278 0.030469
0 0.929167 0.539453 0.052778 0.027344
0 0.982639 0.515625 0.026389 0.023438
0 0.977778 0.301172 0.038889 0.032031
0 0.064583 0.427734 0.037500 0.032031
0 0.115278 0.422266 0.030556 0.027344
0 0.313889 0.380078 0.044444 0.025781
0 0.286111 0.369531 0.025000 0.023438
0 0.359028 0.620313 0.034722 0.015625
0 0.355556 0.647266 0.033333 0.022656
0 0.117361 0.750781 0.031944 0.021875
0 0.900000 0.688672 0.050000 0.025781
0 0.400694 0.542969 0.015278 0.015625
0 0.250000 0.791016 0.013889 0.013281
0 0.651389 0.865234 0.063889 0.030469