0 0.486111 0.132422 0.033333 0.022656
0 0.518056 0.136328 0.027778 0.022656
0 0.561111 0.144922 0.027778 0.014844
0 0.579861 0.121875 0.034722 0.017188
0 0.538194 0.132422 0.018056 0.011719
0 0.613194 0.114844 0.037500 0.025000
0 0.639583 0.091406 0.034722 0.017188
0 0.781944 0.048828 0.033333 0.016406
0 0.788194 0.030469 0.031944 0.017188
0 0.842361 0.049609 0.029167 0.021094
0 0.941667 0.051172 0.033333 0.019531
0 0.988194 0.076563 0.020833 0.028125
0 0.946528 0.073438 0.029167 0.023438
0 0.873611 0.117578 0.038889 0.021094
0 0.613194 0.136719 0.034722 0.017188
0 0.640972 0.141016 0.034722 0.017969
0 0.691667 0.140234 0.036111 0.021094
0 0.652778 0.163672 0.041667 0.025781
0 0.618056 0.185938 0.038889 0.021875
0 0.788194 0.180859 0.059722 0.036719
0 0.838889 0.169531 0.058333 0.034375
0 0.920139 0.182031 0.045833 0.028125
0 0.828472 0.200781 0.051389 0.026562
0 0.720833 0.243750 0.052778 0.032813
0 0.705556 0.262891 0.036111 0.017969
0 0.641667 0.276172 0.041667 0.021094
0 0.633333 0.291016 0.033333 0.019531
0 0.594444 0.294141 0.036111 0.022656
0 0.563194 0.293750 0.031944 0.015625
0 0.552778 0.274219 0.044444 0.025000
0 0.525000 0.289453 0.030556 0.022656
0 0.506944 0.289844 0.016667 0.018750
0 0.694444 0.306641 0.036111 0.025781
0 0.770833 0.248828 0.050000 0.032031
0 0.827778 0.245312 0.052778 0.029687
0 0.889583 0.253125 0.059722 0.026562
0 0.815278 0.276953 0.052778 0.027344
0 0.825000 0.294531 0.055556 0.025000
0 0.872222 0.299609 0.047222 0.025781
0 0.910417 0.323047 0.048611 0.027344
0 0.442361 0.363672 0.043056 0.022656
0 0.050694 0.376953 0.065278 0.035156
0 0.172917 0.350000 0.029167 0.009375
0 0.274306 0.321094 0.040278 0.018750
0 0.275000 0.343750 0.030556 0.012500
0 0.357639 0.339844 0.026389 0.007812
0 0.270139 0.372266 0.031944 0.017969
0 0.324306 0.373828 0.018056 0.010156
0 0.283333 0.426172 0.033333 0.025781
0 0.163194 0.423047 0.026389 0.011719
0 0.308333 0.435937 0.041667 0.025000
0 0.461111 0.401562 0.027778 0.021875
0 0.533333 0.391797 0.038889 0.014844
0 0.494444 0.427734 0.055556 0.024219
0 0.356944 0.452734 0.050000 0.028906
0 0.402778 0.431641 0.030556 0.022656
0 0.443056 0.464453 0.041667 0.027344
0 0.531944 0.488281 0.050000 0.023438
0 0.588889 0.473047 0.050000 0.033594
0 0.493750 0.493359 0.043056 0.027344
0 0.291667 0.523438 0.061111 0.032813
0 0.333333 0.543750 0.050000 0.025000
0 0.010417 0.442969 0.018056 0.012500
0 0.018056 0.534766 0.030556 0.021094
0 0.104861 0.541406 0.031944 0.015625
0 0.129861 0.535547 0.031944 0.019531
0 0.157639 0.530859 0.026389 0.016406
0 0.186111 0.526172 0.030556 0.019531
0 0.211111 0.526172 0.030556 0.016406
0 0.199306 0.556250 0.029167 0.015625
0 0.221528 0.588672 0.031944 0.017969
0 0.390972 0.540625 0.037500 0.018750
0 0.419444 0.551562 0.033333 0.017188
0 0.463889 0.572656 0.036111 0.017188
0 0.585417 0.560156 0.034722 0.020313
0 0.702083 0.535156 0.051389 0.028125
0 0.689583 0.444531 0.034722 0.029687
0 0.721528 0.422266 0.068056 0.030469
0 0.775000 0.456250 0.066667 0.037500
0 0.904167 0.459375 0.044444 0.025000
0 0.903472 0.547656 0.059722 0.028125
0 0.827083 0.555469 0.059722 0.032813
0 0.829167 0.496484 0.027778 0.019531
0 0.968056 0.585547 0.055556 0.032031
0 0.972222 0.616406 0.052778 0.028125
0 0.944444 0.638281 0.025000 0.021875
0 0.805556 0.641406 0.036111 0.017188
0 0.805556 0.658203 0.022222 0.014844
0 0.905556 0.683594 0.022222 0.017188
0 0.156944 0.267578 0.025000 0.014844
0 0.974306 0.089844 0.018056 0.025000
0 0.773611 0.285547 0.036111 0.025781
0 0.775694 0.331250 0.043056 0.021875
0 0.629861 0.420312 0.031944 0.014063
0 0.287500 0.461328 0.033333 0.021094
0 0.011111 0.487500 0.016667 0.014063
0 0.550000 0.591016 0.025000 0.014844
0 0.066667 0.339844 0.016667 0.012500
0 0.057639 0.437891 0.023611 0.011719
0 0.760417 0.533203 0.029167 0.019531
0 0.387500 0.376563 0.022222 0.015625