0 0.050694 0.115234 0.048611 0.032031
0 0.018056 0.130078 0.030556 0.032031
0 0.036111 0.155469 0.047222 0.029687
0 0.025000 0.173047 0.047222 0.028906
0 0.073611 0.179297 0.052778 0.030469
0 0.038194 0.202734 0.045833 0.028906
0 0.047222 0.233594 0.052778 0.032813
0 0.093056 0.224609 0.047222 0.027344
0 0.004861 0.273047 0.009722 0.022656
0 0.091667 0.344922 0.038889 0.024219
0 0.136806 0.238281 0.043056 0.026562
0 0.609722 0.202734 0.050000 0.030469
0 0.619444 0.225391 0.050000 0.022656
0 0.009722 0.329688 0.016667 0.032813
0 0.050694 0.414453 0.037500 0.024219
0 0.527778 0.373828 0.063889 0.035156
0 0.513889 0.441797 0.050000 0.032031
0 0.469444 0.446094 0.050000 0.032813
0 0.228472 0.434375 0.037500 0.014063
0 0.234028 0.470703 0.048611 0.019531
0 0.165972 0.530078 0.059722 0.030469
0 0.013194 0.516406 0.023611 0.029687
0 0.061806 0.455469 0.056944 0.031250
0 0.099306 0.445312 0.056944 0.032813
0 0.179167 0.457422 0.033333 0.028906
0 0.204861 0.437500 0.026389 0.018750
0 0.253472 0.578516 0.045833 0.024219
0 0.072917 0.609375 0.037500 0.010937
0 0.063889 0.678906 0.041667 0.028125
0 0.041667 0.692969 0.033333 0.026562
0 0.141667 0.692187 0.041667 0.029687
0 0.059028 0.734766 0.034722 0.035156
0 0.222917 0.746875 0.043056 0.021875
0 0.302778 0.705078 0.036111 0.027344
0 0.412500 0.618359 0.061111 0.022656
0 0.020139 0.764062 0.031944 0.023438
0 0.826389 0.019141 0.058333 0.036719
0 0.646528 0.085547 0.029167 0.024219
0 0.713194 0.068750 0.018056 0.020313
0 0.891667 0.316016 0.044444 0.025781
0 0.683333 0.455078 0.063889 0.035156
0 0.863194 0.523828 0.048611 0.027344
0 0.776389 0.538672 0.036111 0.027344
0 0.882639 0.606641 0.054167 0.030469
0 0.931944 0.611328 0.047222 0.033594
0 0.719444 0.544531 0.038889 0.028125
0 0.719444 0.050391 0.030556 0.022656
0 0.794444 0.028516 0.038889 0.027344
0 0.011806 0.701953 0.018056 0.021094
0 0.961806 0.630078 0.045833 0.013281