0 0.552778 0.620703 0.041667 0.035156
0 0.609028 0.619531 0.043056 0.020313
0 0.640972 0.634375 0.054167 0.034375
0 0.688194 0.644922 0.040278 0.024219
0 0.636111 0.676562 0.044444 0.025000
0 0.486806 0.684766 0.029167 0.019531
0 0.514583 0.703906 0.031944 0.010937
0 0.526389 0.756250 0.041667 0.023438
0 0.565972 0.777344 0.048611 0.026562
0 0.646528 0.774609 0.029167 0.025781
0 0.735417 0.786328 0.029167 0.014844
0 0.480556 0.762109 0.022222 0.019531
0 0.638889 0.794922 0.022222 0.019531
0 0.411111 0.831641 0.044444 0.024219
0 0.595833 0.823047 0.033333 0.019531
0 0.809722 0.842578 0.036111 0.022656
0 0.709028 0.894141 0.043056 0.025781
0 0.821528 0.953125 0.037500 0.034375
0 0.888889 0.939844 0.038889 0.023438
0 0.052083 0.843359 0.045833 0.022656
0 0.092361 0.835938 0.037500 0.026562
0 0.056944 0.800781 0.033333 0.021875
0 0.150000 0.756250 0.030556 0.017188
0 0.104167 0.763672 0.025000 0.021094
0 0.015278 0.546875 0.022222 0.020313
0 0.050000 0.571484 0.052778 0.024219
0 0.081250 0.585547 0.034722 0.022656
0 0.108333 0.606641 0.044444 0.016406
0 0.150000 0.608203 0.041667 0.019531