0 0.731250 0.169922 0.029167 0.021094
0 0.599306 0.248438 0.037500 0.025000
0 0.674306 0.232813 0.048611 0.017188
0 0.734722 0.145313 0.041667 0.028125
0 0.710417 0.128906 0.037500 0.028125
0 0.795139 0.273438 0.043056 0.028125
0 0.766667 0.153125 0.033333 0.021875
0 0.768056 0.107422 0.036111 0.025781
0 0.122917 0.205078 0.023611 0.019531
0 0.146528 0.211719 0.031944 0.018750
0 0.233333 0.202344 0.030556 0.014063
0 0.204167 0.203516 0.033333 0.010156
0 0.168056 0.221484 0.030556 0.011719
0 0.571528 0.256641 0.048611 0.025781
0 0.192361 0.357031 0.045833 0.023438
0 0.127083 0.349609 0.048611 0.027344
0 0.157639 0.417969 0.051389 0.028125
0 0.735417 0.401562 0.040278 0.029687
0 0.224306 0.456641 0.040278 0.021094
0 0.059028 0.480078 0.043056 0.025781
0 0.289583 0.414453 0.031944 0.021094
0 0.104861 0.507031 0.037500 0.018750
0 0.759722 0.449219 0.052778 0.029687
0 0.243750 0.442578 0.023611 0.014844
0 0.215972 0.518750 0.043056 0.021875
0 0.345833 0.437500 0.033333 0.015625
0 0.608333 0.392578 0.038889 0.019531
0 0.111111 0.481641 0.033333 0.013281
0 0.156944 0.477344 0.044444 0.015625
0 0.515972 0.588281 0.020833 0.017188
0 0.736111 0.613281 0.027778 0.014063
0 0.545139 0.669531 0.040278 0.015625
0 0.879167 0.435547 0.025000 0.014844
0 0.245833 0.501563 0.027778 0.014063
0 0.165972 0.506250 0.018056 0.010937