0 0.448611 0.265234 0.055556 0.032031
0 0.184722 0.474609 0.052778 0.030469
0 0.229167 0.549609 0.050000 0.030469
0 0.463889 0.503516 0.050000 0.030469
0 0.525694 0.455078 0.026389 0.013281
0 0.570139 0.517969 0.034722 0.026562
0 0.541667 0.511328 0.044444 0.028906
0 0.690972 0.533594 0.037500 0.021875
0 0.764583 0.521875 0.045833 0.026562
0 0.731944 0.525391 0.027778 0.013281
0 0.708333 0.539062 0.038889 0.021875
0 0.740972 0.537891 0.026389 0.017969
0 0.563194 0.557031 0.031944 0.023438
0 0.395139 0.595313 0.037500 0.026562
0 0.386111 0.605469 0.033333 0.018750
0 0.477083 0.689063 0.051389 0.029687
0 0.438889 0.717969 0.050000 0.021875
0 0.490278 0.715625 0.047222 0.026562
0 0.695833 0.602344 0.050000 0.020313
0 0.654861 0.614453 0.054167 0.030469
0 0.728472 0.620703 0.054167 0.024219
0 0.814583 0.607031 0.051389 0.020313
0 0.744444 0.657031 0.047222 0.037500
0 0.518056 0.679297 0.047222 0.024219
0 0.428472 0.420703 0.020833 0.008594
0 0.086806 0.617188 0.026389 0.020313
0 0.125000 0.621875 0.025000 0.009375
0 0.121528 0.735156 0.048611 0.029687
0 0.445833 0.657031 0.036111 0.026562
0 0.695139 0.698047 0.051389 0.021094
0 0.450000 0.814844 0.047222 0.025000
0 0.450694 0.457422 0.043056 0.024219
0 0.549306 0.404297 0.020833 0.011719
0 0.674306 0.647656 0.051389 0.023438
0 0.646528 0.584766 0.045833 0.024219
0 0.598611 0.580469 0.030556 0.012500
0 0.941667 0.517969 0.041667 0.015625