0 0.666667 0.608594 0.044444 0.031250
0 0.720833 0.605859 0.036111 0.017969
0 0.752778 0.619922 0.052778 0.028906
0 0.795833 0.632812 0.041667 0.026562
0 0.743750 0.663672 0.043056 0.022656
0 0.595833 0.672266 0.033333 0.017969
0 0.640278 0.746094 0.036111 0.021875
0 0.677778 0.764453 0.047222 0.021094
0 0.762500 0.762891 0.027778 0.030469
0 0.722222 0.808203 0.036111 0.021094
0 0.525000 0.823438 0.047222 0.032813
0 0.596528 0.752734 0.029167 0.016406
0 0.832639 0.879687 0.048611 0.028125
0 0.952778 0.934766 0.041667 0.025781
0 0.927083 0.830469 0.045833 0.025000
0 0.849306 0.771484 0.031944 0.014844
0 0.102778 0.870703 0.052778 0.024219
0 0.196528 0.830859 0.062500 0.036719
0 0.179861 0.788281 0.034722 0.018750
0 0.250694 0.746875 0.031944 0.014063
0 0.026389 0.765625 0.050000 0.032813
0 0.095139 0.583203 0.040278 0.021094
0 0.026389 0.611719 0.047222 0.031250
0 0.027778 0.677344 0.050000 0.026562
0 0.081944 0.609375 0.061111 0.020313
0 0.107639 0.539453 0.043056 0.025781
0 0.154167 0.562891 0.058333 0.028906
0 0.183333 0.576953 0.041667 0.027344
0 0.211806 0.595703 0.037500 0.016406
0 0.249306 0.597266 0.037500 0.017969