0 0.889583 0.304688 0.051389 0.032813
0 0.981944 0.329688 0.033333 0.018750
0 0.993750 0.309766 0.009722 0.013281
0 0.686806 0.404687 0.037500 0.018750
0 0.945833 0.374609 0.013889 0.019531
0 0.578472 0.392188 0.020833 0.017188
0 0.620139 0.468750 0.018056 0.015625
0 0.968056 0.560937 0.033333 0.015625
0 0.701389 0.598828 0.022222 0.013281
0 0.125000 0.468750 0.033333 0.018750
0 0.075694 0.598828 0.054167 0.027344
0 0.036806 0.622656 0.048611 0.028125
0 0.097222 0.632812 0.041667 0.031250
0 0.064583 0.653906 0.045833 0.032813
0 0.076389 0.710547 0.022222 0.014844