0 0.251389 0.098047 0.052778 0.028906
0 0.274306 0.076953 0.045833 0.022656
0 0.446528 0.236328 0.051389 0.027344
0 0.465972 0.260547 0.048611 0.024219
0 0.442361 0.310937 0.045833 0.020313
0 0.354861 0.410938 0.065278 0.040625
0 0.302083 0.490625 0.045833 0.031250
0 0.270833 0.494922 0.038889 0.028906
0 0.095139 0.518359 0.051389 0.032031
0 0.073611 0.563281 0.055556 0.029687
0 0.067361 0.593359 0.054167 0.030469
0 0.243750 0.606641 0.048611 0.028906
0 0.352083 0.327734 0.037500 0.016406
0 0.418056 0.419141 0.038889 0.024219
0 0.464583 0.425000 0.037500 0.025000
0 0.517361 0.444141 0.054167 0.030469
0 0.493750 0.473438 0.043056 0.026562
0 0.417361 0.494531 0.051389 0.028125
0 0.390278 0.507812 0.038889 0.018750
0 0.497222 0.527734 0.052778 0.028906
0 0.395139 0.622266 0.048611 0.024219
0 0.015278 0.421094 0.030556 0.032813
0 0.368056 0.081641 0.030556 0.013281