0 0.105556 0.339453 0.027778 0.017969
0 0.075000 0.354687 0.027778 0.017188
0 0.100000 0.360547 0.025000 0.016406
0 0.240972 0.415234 0.026389 0.011719
0 0.225694 0.435547 0.026389 0.014844
0 0.032639 0.318750 0.029167 0.014063
0 0.045139 0.337891 0.023611 0.013281
0 0.127778 0.337500 0.016667 0.010937
0 0.083333 0.304688 0.019444 0.009375
0 0.026389 0.341016 0.019444 0.010156
0 0.150694 0.418359 0.020833 0.010156
0 0.144444 0.433203 0.022222 0.008594
0 0.009028 0.250391 0.015278 0.010156
0 0.131944 0.412891 0.019444 0.013281