0 0.616667 0.051953 0.050000 0.033594
0 0.679861 0.131250 0.031944 0.015625
0 0.719444 0.160547 0.038889 0.025781
0 0.585417 0.159375 0.048611 0.029687
0 0.524306 0.178906 0.045833 0.021875
0 0.570833 0.182812 0.052778 0.026562
0 0.600000 0.201172 0.027778 0.028906
0 0.568750 0.207422 0.026389 0.024219
0 0.529861 0.205859 0.048611 0.035156
0 0.556250 0.237109 0.043056 0.021094
0 0.782639 0.212109 0.043056 0.030469
0 0.447917 0.256250 0.031944 0.015625
0 0.492361 0.253516 0.034722 0.016406
0 0.580556 0.258594 0.041667 0.034375
0 0.540278 0.267969 0.038889 0.025000
0 0.477083 0.279297 0.048611 0.024219
0 0.344444 0.350000 0.033333 0.018750
0 0.493750 0.392969 0.034722 0.028125
0 0.513194 0.410938 0.048611 0.026562
0 0.559028 0.387109 0.054167 0.035156
0 0.670139 0.359766 0.045833 0.022656
0 0.720833 0.345313 0.036111 0.017188
0 0.695139 0.325781 0.020833 0.012500
0 0.676389 0.287500 0.027778 0.010937
0 0.743750 0.358594 0.029167 0.028125
0 0.785417 0.364063 0.051389 0.028125
0 0.031944 0.571875 0.052778 0.029687
0 0.027083 0.600000 0.051389 0.026562
0 0.052083 0.618359 0.031944 0.021094
0 0.480556 0.445703 0.038889 0.030469
0 0.643056 0.430859 0.047222 0.033594
0 0.751389 0.407031 0.036111 0.023438
0 0.806250 0.394531 0.020833 0.012500
0 0.730556 0.467969 0.055556 0.040625
0 0.778472 0.467969 0.043056 0.028125
0 0.652083 0.506641 0.034722 0.024219
0 0.686111 0.548828 0.052778 0.030469
0 0.384028 0.514844 0.045833 0.031250
0 0.427778 0.521484 0.047222 0.025781
0 0.510417 0.609375 0.040278 0.020313
0 0.392361 0.652734 0.062500 0.039844
0 0.427778 0.678516 0.055556 0.033594
0 0.355556 0.685937 0.050000 0.025000
0 0.905556 0.728906 0.036111 0.028125
0 0.881944 0.557031 0.022222 0.010937