0 0.992361 0.733203 0.012500 0.021094
0 0.892361 0.716016 0.031944 0.016406
0 0.681944 0.633984 0.038889 0.016406
0 0.820139 0.564063 0.037500 0.023438
0 0.265278 0.477344 0.047222 0.015625
0 0.845139 0.501563 0.023611 0.017188
0 0.795139 0.511719 0.026389 0.015625
0 0.870833 0.479687 0.036111 0.018750
0 0.807639 0.476172 0.045833 0.017969
0 0.849306 0.462891 0.034722 0.013281
0 0.983333 0.475781 0.027778 0.023438
0 0.888194 0.410156 0.029167 0.015625
0 0.829167 0.399219 0.030556 0.017188
0 0.820139 0.415625 0.040278 0.014063
0 0.734028 0.413281 0.023611 0.012500
0 0.799306 0.331641 0.051389 0.028906
0 0.864583 0.350000 0.043056 0.026562
0 0.959722 0.308984 0.050000 0.019531
0 0.874306 0.282031 0.045833 0.028125
0 0.891667 0.291016 0.030556 0.017969
0 0.959028 0.244531 0.045833 0.031250
0 0.911806 0.248828 0.045833 0.027344
0 0.854861 0.262891 0.034722 0.022656
0 0.823611 0.252734 0.044444 0.028906
0 0.792361 0.209375 0.045833 0.025000
0 0.318056 0.252344 0.033333 0.018750
0 0.286111 0.243750 0.044444 0.023438
0 0.253472 0.172656 0.026389 0.018750
0 0.861806 0.164062 0.034722 0.023438
0 0.891667 0.167187 0.033333 0.023438
0 0.893750 0.150000 0.023611 0.006250
0 0.960417 0.053906 0.048611 0.031250
0 0.068750 0.107813 0.054167 0.028125
0 0.056944 0.156250 0.041667 0.023438
0 0.059722 0.124609 0.030556 0.011719
0 0.022222 0.125000 0.041667 0.021875
0 0.015972 0.095703 0.026389 0.017969
0 0.034028 0.700391 0.031944 0.022656