0 0.597917 0.516016 0.037500 0.036719
0 0.661806 0.514453 0.043056 0.019531
0 0.697222 0.528906 0.055556 0.031250
0 0.741667 0.539844 0.044444 0.026562
0 0.698611 0.574609 0.052778 0.021094
0 0.705556 0.673828 0.030556 0.022656
0 0.809028 0.687109 0.045833 0.022656
0 0.615972 0.675000 0.037500 0.023438
0 0.583333 0.658203 0.033333 0.024219
0 0.482639 0.729688 0.048611 0.028125
0 0.702778 0.696094 0.027778 0.026562
0 0.764583 0.795312 0.048611 0.021875
0 0.134028 0.659766 0.040278 0.027344
0 0.273611 0.647656 0.027778 0.010937
0 0.122222 0.688281 0.041667 0.025000
0 0.157639 0.721484 0.045833 0.028906
0 0.858333 0.867188 0.058333 0.034375
0 0.893750 0.748047 0.031944 0.016406
0 0.385417 0.642969 0.026389 0.017188
0 0.550000 0.662500 0.036111 0.025000
0 0.086806 0.444141 0.043056 0.024219
0 0.072222 0.491016 0.052778 0.028906
0 0.138889 0.465625 0.052778 0.026562
0 0.165972 0.477344 0.029167 0.025000
0 0.197222 0.499609 0.036111 0.016406
0 0.236806 0.502344 0.043056 0.020313
0 0.072917 0.512500 0.062500 0.020313
0 0.080556 0.530469 0.041667 0.020313
0 0.027083 0.758594 0.051389 0.028125
0 0.115972 0.727734 0.034722 0.016406
0 0.657639 0.720313 0.048611 0.021875
0 0.614583 0.735156 0.043056 0.021875
0 0.918056 0.857812 0.055556 0.023438