0 0.543750 0.180859 0.043056 0.024219
0 0.463194 0.201953 0.034722 0.025781
0 0.393750 0.201953 0.018056 0.008594
0 0.422917 0.220312 0.018056 0.010937
0 0.442361 0.217188 0.015278 0.009375
0 0.427778 0.267188 0.038889 0.026562
0 0.457639 0.263281 0.031944 0.025000
0 0.538889 0.255469 0.027778 0.020313
0 0.442361 0.304688 0.051389 0.029687
0 0.550000 0.307812 0.036111 0.025000
0 0.371528 0.307422 0.043056 0.025781
0 0.403472 0.341016 0.040278 0.022656
0 0.524306 0.335156 0.040278 0.021875
0 0.432639 0.345313 0.018056 0.010937
0 0.371528 0.369922 0.051389 0.024219
0 0.331250 0.383984 0.040278 0.014844
0 0.497917 0.392188 0.056944 0.029687
0 0.506944 0.417969 0.038889 0.021875
0 0.610417 0.428516 0.043056 0.022656
0 0.351389 0.401953 0.030556 0.016406
0 0.438194 0.444141 0.045833 0.025781
0 0.550000 0.464844 0.041667 0.023438
0 0.514583 0.471875 0.031944 0.018750
0 0.330556 0.441797 0.036111 0.016406
0 0.317361 0.470703 0.031944 0.027344
0 0.398611 0.476172 0.044444 0.019531
0 0.302083 0.478125 0.015278 0.007812
0 0.314583 0.452344 0.018056 0.007812
0 0.434722 0.510156 0.038889 0.020313
0 0.443056 0.529687 0.030556 0.020313
0 0.714583 0.517188 0.037500 0.023438
0 0.707639 0.555859 0.031944 0.016406
0 0.637500 0.585547 0.041667 0.013281
0 0.454167 0.550000 0.033333 0.023438
0 0.537500 0.608203 0.044444 0.027344
0 0.695833 0.610547 0.038889 0.014844
0 0.395139 0.705469 0.034722 0.021875
0 0.815972 0.608203 0.037500 0.024219
0 0.391667 0.692969 0.022222 0.012500
0 0.471528 0.351172 0.040278 0.019531
0 0.493750 0.217578 0.026389 0.016406
0 0.617361 0.498828 0.029167 0.014844
0 0.651389 0.548828 0.033333 0.017969
0 0.751389 0.507422 0.027778 0.013281
0 0.650000 0.635547 0.025000 0.019531
0 0.595833 0.594922 0.025000 0.014844
0 0.408333 0.455859 0.038889 0.011719
0 0.377778 0.482812 0.033333 0.018750
0 0.404861 0.733203 0.015278 0.016406
0 0.472222 0.703125 0.019444 0.017188
0 0.501389 0.703125 0.022222 0.010937
0 0.587500 0.742969 0.022222 0.014063
0 0.584028 0.809375 0.045833 0.031250