0 0.419444 0.182422 0.058333 0.027344
0 0.359722 0.292187 0.041667 0.020313
0 0.368056 0.386328 0.052778 0.028906
0 0.293056 0.512891 0.041667 0.025781
0 0.234722 0.378125 0.033333 0.020313
0 0.177778 0.397266 0.033333 0.021094
0 0.150000 0.340234 0.033333 0.017969
0 0.190278 0.338281 0.025000 0.023438
0 0.036111 0.358594 0.022222 0.017188
0 0.029861 0.558984 0.026389 0.017969
0 0.203472 0.634766 0.062500 0.025781
0 0.268056 0.573438 0.069444 0.032813
0 0.454861 0.518359 0.031944 0.017969
0 0.477083 0.635547 0.045833 0.021094
0 0.512500 0.621875 0.025000 0.015625
0 0.629861 0.541797 0.043056 0.024219
0 0.600000 0.548047 0.036111 0.013281
0 0.735417 0.505859 0.037500 0.013281
0 0.011111 0.358203 0.019444 0.016406
0 0.039583 0.502344 0.034722 0.017188
0 0.468750 0.572266 0.029167 0.021094
0 0.522222 0.520703 0.033333 0.013281
0 0.736111 0.473047 0.036111 0.019531