0 0.310417 0.045312 0.045833 0.028125
0 0.323611 0.013672 0.030556 0.019531
0 0.372222 0.028516 0.047222 0.024219
0 0.367361 0.059375 0.037500 0.021875
0 0.347917 0.077734 0.020833 0.019531
0 0.397222 0.076172 0.041667 0.027344
0 0.385417 0.119922 0.031944 0.027344
0 0.375694 0.139844 0.031944 0.020313
0 0.361111 0.153516 0.038889 0.021094
0 0.415972 0.145703 0.029167 0.025781
0 0.434722 0.098828 0.033333 0.019531
0 0.419444 0.114844 0.038889 0.025000
0 0.486111 0.120703 0.027778 0.021094
0 0.615972 0.136328 0.068056 0.036719
0 0.496528 0.101562 0.031944 0.015625
0 0.486806 0.079297 0.043056 0.024219
0 0.379167 0.285156 0.033333 0.020313
0 0.490278 0.269531 0.038889 0.020313
0 0.510417 0.037500 0.043056 0.032813
0 0.475000 0.015234 0.047222 0.024219
0 0.522222 0.010156 0.047222 0.017188
0 0.448611 0.008203 0.050000 0.014844
0 0.538194 0.046875 0.040278 0.031250
0 0.675000 0.043359 0.069444 0.039844
0 0.640278 0.015234 0.072222 0.028906
0 0.695139 0.021094 0.031944 0.009375
0 0.768056 0.035156 0.052778 0.012500
0 0.534028 0.186719 0.031944 0.028125
0 0.504861 0.234375 0.023611 0.014063
0 0.548611 0.220312 0.033333 0.017188
0 0.589583 0.230859 0.034722 0.032031
0 0.620833 0.167969 0.058333 0.023438
0 0.804861 0.091797 0.062500 0.035156
0 0.965278 0.073438 0.055556 0.029687
0 0.682639 0.209375 0.048611 0.032813
0 0.645833 0.240625 0.047222 0.023438
0 0.704167 0.255859 0.058333 0.028906
0 0.737500 0.216797 0.055556 0.035156
0 0.780556 0.185938 0.047222 0.037500
0 0.821528 0.174609 0.051389 0.032031
0 0.952778 0.291797 0.055556 0.025781
0 0.902083 0.156641 0.068056 0.038281
0 0.963889 0.138672 0.066667 0.041406
0 0.913889 0.186719 0.041667 0.035937
0 0.481944 0.315234 0.033333 0.016406
0 0.559028 0.361719 0.037500 0.021875
0 0.341667 0.342578 0.030556 0.019531
0 0.744444 0.463281 0.044444 0.025000
0 0.724306 0.435156 0.048611 0.026562
0 0.336806 0.458203 0.040278 0.022656
0 0.225000 0.343750 0.025000 0.012500
0 0.445833 0.303906 0.030556 0.014063
0 0.296528 0.402344 0.026389 0.015625
0 0.374306 0.403516 0.034722 0.019531
0 0.103472 0.365234 0.026389 0.014844
0 0.121528 0.371094 0.026389 0.017188
0 0.075000 0.386328 0.027778 0.014844
0 0.179861 0.443750 0.034722 0.014063
0 0.273611 0.320312 0.027778 0.014063
0 0.227778 0.392578 0.025000 0.017969
0 0.385417 0.426563 0.037500 0.021875
0 0.371528 0.454297 0.029167 0.021094
0 0.027778 0.521484 0.050000 0.027344
0 0.032639 0.540234 0.031944 0.013281
0 0.263889 0.401172 0.036111 0.013281
0 0.696528 0.395703 0.037500 0.017969
0 0.230556 0.502734 0.030556 0.016406
0 0.261111 0.444922 0.016667 0.016406
0 0.256250 0.517578 0.026389 0.016406
0 0.015972 0.716016 0.031944 0.030469
0 0.118750 0.612109 0.029167 0.024219
0 0.052778 0.700391 0.058333 0.027344
0 0.092361 0.685156 0.040278 0.025000
0 0.183333 0.670703 0.041667 0.019531
0 0.232639 0.709375 0.051389 0.025000
0 0.318750 0.674219 0.029167 0.018750
0 0.388889 0.608984 0.019444 0.022656
0 0.354861 0.686328 0.045833 0.025781
0 0.379861 0.700391 0.043056 0.016406
0 0.517361 0.682813 0.037500 0.025000
0 0.834722 0.694531 0.055556 0.032813
0 0.879167 0.640625 0.066667 0.021875
0 0.915278 0.502344 0.038889 0.025000
0 0.935417 0.499609 0.048611 0.025781