0 0.288889 0.680859 0.061111 0.028906
0 0.251389 0.651172 0.058333 0.035156
0 0.386806 0.611328 0.056944 0.025781
0 0.983333 0.700391 0.030556 0.024219
0 0.267361 0.510547 0.051389 0.025781
0 0.311806 0.516406 0.043056 0.025000
0 0.637500 0.466797 0.050000 0.041406
0 0.380556 0.436719 0.027778 0.020313
0 0.696528 0.356250 0.065278 0.029687
0 0.462500 0.377344 0.050000 0.028125
0 0.396528 0.378125 0.026389 0.014063
0 0.581250 0.350781 0.045833 0.021875
0 0.654861 0.339844 0.037500 0.014063
0 0.247917 0.339844 0.040278 0.020313
0 0.459028 0.257812 0.037500 0.021875
0 0.489583 0.244922 0.051389 0.027344
0 0.472917 0.219922 0.054167 0.013281
0 0.719444 0.197656 0.033333 0.025000
0 0.355556 0.239453 0.030556 0.010156
0 0.446528 0.191016 0.051389 0.033594
0 0.440278 0.162500 0.044444 0.020313
0 0.490278 0.166406 0.044444 0.026562
0 0.640278 0.144531 0.030556 0.021875
0 0.501389 0.140625 0.047222 0.026562
0 0.535417 0.027344 0.045833 0.029687
0 0.604167 0.111328 0.033333 0.016406
0 0.611806 0.369531 0.018056 0.014063
0 0.790972 0.558594 0.029167 0.010937
0 0.665278 0.589453 0.019444 0.011719
0 0.499306 0.186719 0.059722 0.032813
0 0.652778 0.405078 0.025000 0.013281
0 0.687500 0.401172 0.044444 0.022656
0 0.843750 0.750391 0.029167 0.016406
0 0.388194 0.266016 0.043056 0.025781
0 0.408333 0.402734 0.063889 0.030469
0 0.552778 0.427344 0.047222 0.029687
0 0.690278 0.468359 0.052778 0.033594
0 0.613889 0.487109 0.022222 0.016406
0 0.554167 0.504687 0.036111 0.023438
0 0.582639 0.546094 0.037500 0.021875