0 0.885417 0.601953 0.056944 0.033594
0 0.921528 0.624219 0.065278 0.035937
0 0.826389 0.611719 0.041667 0.035937
0 0.944444 0.538281 0.041667 0.023438
0 0.936111 0.556250 0.044444 0.023438
0 0.830556 0.323047 0.038889 0.021094
0 0.804167 0.333984 0.027778 0.017969
0 0.584028 0.332422 0.029167 0.016406
0 0.573611 0.348438 0.033333 0.015625
0 0.890972 0.277734 0.040278 0.021094
0 0.862500 0.299609 0.038889 0.017969
0 0.809028 0.200781 0.037500 0.028125
0 0.839583 0.201953 0.023611 0.024219
0 0.968750 0.119141 0.059722 0.035156
0 0.987500 0.228516 0.019444 0.030469
0 0.846528 0.274219 0.026389 0.014063
0 0.765278 0.420312 0.041667 0.021875
0 0.265972 0.301172 0.023611 0.013281
0 0.975000 0.233594 0.030556 0.020313
0 0.816667 0.299219 0.030556 0.018750
0 0.808333 0.318359 0.022222 0.013281