0 0.525694 0.154688 0.034722 0.021875
0 0.547222 0.139063 0.036111 0.020313
0 0.628472 0.138281 0.018056 0.010937
0 0.691667 0.280469 0.038889 0.023438
0 0.702778 0.294141 0.041667 0.017969
0 0.717361 0.447266 0.031944 0.014844
0 0.790278 0.468359 0.041667 0.025781
0 0.571528 0.510547 0.051389 0.025781
0 0.682639 0.514453 0.043056 0.027344
0 0.752778 0.544531 0.047222 0.025000
0 0.752778 0.498828 0.022222 0.017969
0 0.654167 0.526172 0.036111 0.022656
0 0.547917 0.516797 0.037500 0.022656
0 0.663194 0.631641 0.043056 0.022656
0 0.536806 0.618750 0.045833 0.023438
0 0.390972 0.605469 0.045833 0.025000
0 0.403472 0.572656 0.023611 0.021875
0 0.413889 0.537500 0.044444 0.029687
0 0.364583 0.514062 0.034722 0.020313
0 0.283333 0.446094 0.036111 0.017188
0 0.308333 0.459766 0.027778 0.016406
0 0.633333 0.430078 0.036111 0.022656
0 0.100000 0.493750 0.047222 0.028125