0 0.766667 0.007031 0.050000 0.012500
0 0.720139 0.007422 0.051389 0.013281
0 0.766667 0.024609 0.047222 0.022656
0 0.827083 0.021484 0.040278 0.021094
0 0.929861 0.022266 0.048611 0.028906
0 0.884722 0.010156 0.041667 0.018750
0 0.986111 0.055469 0.025000 0.023438
0 0.972917 0.091016 0.040278 0.028906
0 0.977083 0.121094 0.040278 0.023438
0 0.832639 0.090234 0.037500 0.025781
0 0.797917 0.064844 0.054167 0.031250
0 0.754167 0.055469 0.050000 0.029687
0 0.769444 0.079297 0.047222 0.028906
0 0.668056 0.049219 0.022222 0.020313
0 0.731944 0.094922 0.038889 0.024219
0 0.788194 0.109375 0.037500 0.023438
0 0.423611 0.076563 0.044444 0.031250
0 0.580556 0.106641 0.069444 0.039844
0 0.611806 0.054688 0.040278 0.025000
0 0.638194 0.042969 0.048611 0.032813
0 0.764583 0.150781 0.043056 0.021875
0 0.863194 0.195312 0.051389 0.023438
0 0.372917 0.090234 0.062500 0.039844
0 0.299306 0.046875 0.043056 0.021875
0 0.194444 0.069141 0.052778 0.030469
0 0.155556 0.062109 0.047222 0.030469
0 0.394444 0.165234 0.061111 0.039844
0 0.528472 0.153125 0.045833 0.034375
0 0.568750 0.162109 0.059722 0.042969
0 0.613889 0.176172 0.041667 0.021094
0 0.661111 0.167578 0.030556 0.019531
0 0.114583 0.059766 0.031944 0.032031
0 0.042361 0.036719 0.045833 0.028125
0 0.176389 0.011719 0.050000 0.018750
0 0.239583 0.083594 0.048611 0.031250
0 0.094444 0.084766 0.050000 0.035156
0 0.061111 0.083984 0.016667 0.016406
0 0.018750 0.050000 0.034722 0.029687
0 0.051389 0.117188 0.047222 0.032813
0 0.129861 0.114062 0.048611 0.029687
0 0.118056 0.146484 0.044444 0.027344
0 0.069444 0.145313 0.044444 0.028125
0 0.254167 0.173437 0.038889 0.023438
0 0.291667 0.235547 0.058333 0.033594
0 0.343056 0.237500 0.050000 0.028125
0 0.502083 0.238281 0.059722 0.035937
0 0.694444 0.191406 0.030556 0.017188
0 0.663889 0.185938 0.036111 0.012500
0 0.722917 0.178125 0.037500 0.020313
0 0.697917 0.210156 0.031944 0.018750
0 0.754861 0.179688 0.029167 0.020313
0 0.825694 0.271484 0.037500 0.027344
0 0.936111 0.293750 0.036111 0.023438
0 0.187500 0.226172 0.050000 0.027344
0 0.067361 0.198047 0.037500 0.025781
0 0.015278 0.145703 0.027778 0.024219
0 0.013889 0.166406 0.027778 0.017188
0 0.172917 0.281250 0.045833 0.029687
0 0.215972 0.291406 0.043056 0.029687
0 0.257639 0.292187 0.059722 0.034375
0 0.082639 0.297656 0.040278 0.025000
0 0.031944 0.289062 0.044444 0.021875
0 0.065278 0.260547 0.055556 0.027344
0 0.047222 0.437891 0.047222 0.022656
0 0.055556 0.452734 0.055556 0.021094
0 0.013194 0.480859 0.020833 0.014844
0 0.443750 0.287109 0.062500 0.035156
0 0.749306 0.272656 0.031944 0.017188
0 0.547917 0.294141 0.045833 0.025781
0 0.507639 0.295703 0.048611 0.028906
0 0.571528 0.305078 0.037500 0.021094
0 0.930556 0.330078 0.050000 0.030469
0 0.896528 0.359766 0.056944 0.024219
0 0.508333 0.393359 0.025000 0.013281
0 0.897222 0.388281 0.041667 0.021875
0 0.947222 0.447656 0.044444 0.023438
0 0.863889 0.455859 0.030556 0.014844
0 0.425000 0.542188 0.030556 0.015625
0 0.186111 0.701953 0.061111 0.035156
0 0.040278 0.719531 0.055556 0.026562
0 0.615972 0.640625 0.043056 0.031250
0 0.454167 0.625000 0.030556 0.021875
0 0.343056 0.739453 0.058333 0.033594
0 0.943056 0.718359 0.066667 0.038281
0 0.863889 0.759766 0.047222 0.027344
0 0.756944 0.741016 0.066667 0.035156
0 0.698611 0.720703 0.072222 0.035156
0 0.625694 0.692187 0.068056 0.040625
0 0.584028 0.703125 0.037500 0.031250
0 0.675000 0.740625 0.066667 0.032813
0 0.707639 0.766016 0.048611 0.035156
0 0.566667 0.811328 0.066667 0.035156
0 0.641667 0.817187 0.069444 0.035937
0 0.575000 0.776953 0.063889 0.035156
0 0.152778 0.847656 0.055556 0.032813
0 0.117361 0.758594 0.056944 0.023438
0 0.050000 0.819141 0.038889 0.021094
0 0.271528 0.648438 0.029167 0.015625
0 0.268750 0.587109 0.045833 0.027344
0 0.188889 0.596094 0.033333 0.015625
0 0.308333 0.067187 0.041667 0.017188