0 0.347917 0.246484 0.051389 0.024219
0 0.402778 0.281250 0.052778 0.023438
0 0.342361 0.277734 0.048611 0.027344
0 0.236111 0.337500 0.055556 0.029687
0 0.250000 0.412891 0.013889 0.014844
0 0.238194 0.453516 0.048611 0.024219
0 0.494444 0.548438 0.058333 0.032813
0 0.447222 0.621094 0.061111 0.032813
0 0.337500 0.634375 0.055556 0.026562
0 0.500000 0.678906 0.044444 0.029687
0 0.238889 0.715234 0.061111 0.036719
0 0.420139 0.733203 0.054167 0.032031
0 0.481250 0.726562 0.015278 0.010937
0 0.368750 0.747656 0.043056 0.023438
0 0.279167 0.780859 0.030556 0.022656
0 0.395833 0.777344 0.044444 0.020313
0 0.425694 0.795703 0.020833 0.021094
0 0.463194 0.741797 0.034722 0.017969
0 0.559722 0.631250 0.044444 0.025000
0 0.509722 0.835156 0.047222 0.012500
0 0.570139 0.942969 0.043056 0.028125
0 0.434028 0.929688 0.051389 0.028125
0 0.954861 0.910937 0.043056 0.020313
0 0.306944 0.262891 0.016667 0.013281
0 0.277083 0.453906 0.029167 0.009375
0 0.486111 0.402344 0.050000 0.023438
0 0.533333 0.442578 0.019444 0.013281
0 0.363889 0.550391 0.027778 0.024219
0 0.371528 0.589453 0.034722 0.022656
0 0.630556 0.554297 0.047222 0.021094
0 0.689583 0.564063 0.034722 0.017188
0 0.565972 0.570312 0.023611 0.023438
0 0.372222 0.659766 0.047222 0.017969
0 0.081944 0.754687 0.058333 0.037500
0 0.431250 0.825000 0.009722 0.006250
0 0.461111 0.823047 0.011111 0.013281
0 0.586111 0.854297 0.038889 0.021094
0 0.468750 0.780469 0.012500 0.012500
0 0.511111 0.643750 0.041667 0.021875
0 0.558333 0.678125 0.033333 0.018750
0 0.632639 0.683203 0.045833 0.030469
0 0.380556 0.709375 0.016667 0.012500
0 0.388194 0.684375 0.029167 0.021875
0 0.474306 0.667188 0.023611 0.020313
0 0.611806 0.573828 0.023611 0.010156
0 0.039583 0.861328 0.059722 0.033594
0 0.476389 0.948828 0.050000 0.036719
0 0.618056 0.951953 0.027778 0.032031
0 0.605556 0.990234 0.022222 0.017969
0 0.752083 0.983984 0.040278 0.019531
0 0.837500 0.910547 0.077778 0.035156
0 0.863194 0.954688 0.043056 0.031250