0 0.804861 0.065625 0.068056 0.035937
0 0.805556 0.015234 0.025000 0.010156
0 0.809028 0.003516 0.026389 0.005469
0 0.948611 0.014453 0.047222 0.027344
0 0.884028 0.023438 0.029167 0.010937
0 0.855556 0.026953 0.050000 0.016406
0 0.856250 0.042969 0.054167 0.020313
0 0.663889 0.078906 0.055556 0.031250
0 0.827778 0.086719 0.027778 0.014063
0 0.610417 0.114844 0.048611 0.029687
0 0.642361 0.153125 0.051389 0.026562
0 0.706250 0.170703 0.037500 0.025781
0 0.935417 0.135156 0.045833 0.021875
0 0.968750 0.167969 0.059722 0.043750
0 0.853472 0.194531 0.054167 0.029687
0 0.953472 0.248438 0.043056 0.015625
0 0.725694 0.214062 0.062500 0.042188
0 0.810417 0.256641 0.054167 0.041406
0 0.891667 0.269141 0.025000 0.011719
0 0.643056 0.186719 0.050000 0.031250
0 0.695833 0.241016 0.050000 0.032031
0 0.602778 0.241797 0.052778 0.032031
0 0.627778 0.212109 0.030556 0.017969
0 0.723611 0.313672 0.041667 0.019531
0 0.048611 0.269531 0.066667 0.034375
0 0.077083 0.300000 0.056944 0.031250
0 0.024306 0.298828 0.045833 0.041406
0 0.006250 0.332031 0.012500 0.026562
0 0.024306 0.345313 0.031944 0.012500
0 0.576389 0.305859 0.052778 0.032031
0 0.577083 0.260937 0.054167 0.031250
0 0.940972 0.360156 0.079167 0.035937
0 0.886111 0.368359 0.022222 0.017969
0 0.046528 0.419922 0.048611 0.025781
0 0.101389 0.417578 0.063889 0.027344
0 0.104861 0.495312 0.054167 0.023438
0 0.452778 0.432422 0.038889 0.024219
0 0.497222 0.428906 0.047222 0.025000
0 0.538194 0.428906 0.037500 0.020313
0 0.627083 0.436328 0.051389 0.030469
0 0.613194 0.338672 0.037500 0.022656
0 0.912500 0.425391 0.066667 0.038281
0 0.869444 0.463281 0.058333 0.015625
0 0.861111 0.425391 0.013889 0.011719
0 0.252083 0.480469 0.031944 0.014063
0 0.304861 0.470703 0.026389 0.017969
0 0.463194 0.482422 0.037500 0.019531
0 0.534722 0.510156 0.058333 0.029687
0 0.643056 0.485938 0.052778 0.021875
0 0.704167 0.459375 0.055556 0.026562
0 0.073611 0.632422 0.050000 0.027344
0 0.039583 0.574219 0.023611 0.010937
0 0.801389 0.499609 0.047222 0.032031
0 0.709722 0.489453 0.033333 0.013281
0 0.529167 0.607422 0.047222 0.025781
0 0.565972 0.591406 0.051389 0.023438
0 0.588194 0.587109 0.045833 0.028906
0 0.622222 0.589844 0.019444 0.014063
0 0.774306 0.628125 0.054167 0.026562
0 0.888194 0.590625 0.034722 0.028125
0 0.352778 0.675781 0.038889 0.020313
0 0.390972 0.681250 0.048611 0.028125
0 0.440278 0.692187 0.055556 0.025000
0 0.467361 0.666797 0.062500 0.024219
0 0.519444 0.641406 0.055556 0.028125
0 0.511806 0.703906 0.054167 0.035937
0 0.970139 0.660937 0.056944 0.053125
0 0.811111 0.751172 0.066667 0.036719
0 0.538889 0.788672 0.041667 0.033594
0 0.702778 0.879297 0.047222 0.035156
0 0.924306 0.847266 0.048611 0.027344
0 0.913194 0.635156 0.048611 0.023438
0 0.803472 0.516797 0.023611 0.014844