0 0.553472 0.176953 0.045833 0.030469
0 0.902083 0.303516 0.031944 0.021094
0 0.479167 0.305859 0.044444 0.021094
0 0.506250 0.413672 0.062500 0.024219
0 0.287500 0.401172 0.038889 0.025781
0 0.230556 0.357422 0.061111 0.030469
0 0.504861 0.507031 0.054167 0.020313
0 0.488194 0.551953 0.051389 0.032031
0 0.626389 0.555469 0.041667 0.015625
0 0.788194 0.578125 0.048611 0.020313
0 0.572917 0.615234 0.026389 0.013281
0 0.511111 0.630859 0.027778 0.021094
0 0.070833 0.609375 0.033333 0.018750
0 0.079861 0.635547 0.026389 0.014844
0 0.436806 0.696484 0.059722 0.030469
0 0.644444 0.690234 0.047222 0.019531
0 0.709722 0.690625 0.050000 0.020313
0 0.706944 0.663672 0.033333 0.014844
0 0.232639 0.386719 0.026389 0.028125
0 0.213889 0.416016 0.033333 0.014844
0 0.061806 0.473047 0.026389 0.017969
0 0.016667 0.356641 0.033333 0.013281
0 0.227778 0.709375 0.030556 0.021875
0 0.757639 0.584766 0.034722 0.013281