0 0.561111 0.173437 0.061111 0.031250
0 0.731944 0.197266 0.061111 0.027344
0 0.747917 0.151953 0.043056 0.027344
0 0.718056 0.158203 0.036111 0.027344
0 0.552778 0.248828 0.044444 0.036719
0 0.490278 0.267969 0.055556 0.021875
0 0.020139 0.274219 0.029167 0.037500
0 0.036806 0.233984 0.026389 0.019531
0 0.037500 0.350000 0.030556 0.025000
0 0.011111 0.352734 0.022222 0.024219
0 0.084028 0.430469 0.045833 0.018750
0 0.176389 0.537109 0.038889 0.024219
0 0.206944 0.543750 0.033333 0.017188
0 0.056250 0.477344 0.029167 0.009375
0 0.922222 0.497266 0.030556 0.022656
0 0.988889 0.624609 0.013889 0.010156
0 0.979861 0.685547 0.037500 0.022656