0 0.449306 0.151172 0.029167 0.024219
0 0.413889 0.144531 0.025000 0.012500
0 0.390972 0.183984 0.043056 0.021094
0 0.474306 0.210938 0.031944 0.020313
0 0.368750 0.201953 0.029167 0.024219
0 0.281944 0.262109 0.047222 0.024219
0 0.291667 0.271094 0.025000 0.012500
0 0.394444 0.397656 0.036111 0.018750
0 0.599306 0.341797 0.034722 0.019531
0 0.613194 0.350781 0.031944 0.018750
0 0.462500 0.512891 0.044444 0.024219
0 0.479167 0.524609 0.047222 0.014844
0 0.421528 0.595313 0.034722 0.023438
0 0.447222 0.316797 0.027778 0.011719
0 0.533333 0.351172 0.016667 0.017969
0 0.262500 0.439844 0.016667 0.018750
0 0.443750 0.244922 0.015278 0.014844
0 0.359028 0.277344 0.037500 0.021875
0 0.461806 0.365625 0.018056 0.010937
0 0.661111 0.451953 0.044444 0.021094
0 0.958333 0.678125 0.036111 0.020313
0 0.970139 0.524219 0.045833 0.026562
0 0.909722 0.355078 0.030556 0.016406
0 0.968056 0.276953 0.036111 0.021094
0 0.970139 0.367578 0.020833 0.011719
0 0.972917 0.242969 0.043056 0.020313
0 0.171528 0.437500 0.043056 0.021875
0 0.079167 0.409375 0.030556 0.014063
0 0.111111 0.427344 0.030556 0.014063
0 0.523611 0.400781 0.016667 0.010937
0 0.184028 0.413281 0.020833 0.017188
0 0.418056 0.395313 0.013889 0.015625
0 0.286806 0.514062 0.029167 0.018750
0 0.244444 0.697656 0.036111 0.018750
0 0.794444 0.532813 0.038889 0.017188
0 0.934722 0.576953 0.030556 0.014844
0 0.141667 0.663281 0.050000 0.025000
0 0.600694 0.464844 0.040278 0.017188
0 0.887500 0.411328 0.036111 0.021094
0 0.122222 0.441797 0.022222 0.007031