0 0.531944 0.051172 0.025000 0.016406
0 0.568750 0.038672 0.018056 0.011719
0 0.617361 0.072266 0.043056 0.025781
0 0.626389 0.058203 0.036111 0.017969
0 0.575694 0.076172 0.031944 0.019531
0 0.533333 0.147266 0.047222 0.027344
0 0.410417 0.253125 0.037500 0.025000
0 0.438889 0.252734 0.025000 0.019531
0 0.468056 0.255469 0.019444 0.023438
0 0.337500 0.292969 0.044444 0.017188
0 0.361111 0.338672 0.044444 0.024219
0 0.397222 0.344531 0.041667 0.028125
0 0.475694 0.336328 0.037500 0.025781
0 0.520139 0.332031 0.040278 0.029687
0 0.527778 0.310937 0.025000 0.010937
0 0.454167 0.366406 0.047222 0.031250
0 0.347222 0.416406 0.044444 0.026562
0 0.454167 0.394922 0.033333 0.014844
0 0.490278 0.395313 0.044444 0.021875
0 0.406250 0.434766 0.040278 0.017969
0 0.518750 0.421875 0.018056 0.012500
0 0.656250 0.451953 0.020833 0.021094
0 0.712500 0.444141 0.022222 0.008594
0 0.433333 0.492188 0.038889 0.029687
0 0.361806 0.483594 0.037500 0.025000
0 0.281944 0.496875 0.030556 0.017188
0 0.384028 0.545312 0.037500 0.020313
0 0.399306 0.565234 0.045833 0.025781
0 0.345139 0.556250 0.051389 0.017188
0 0.370139 0.583594 0.026389 0.023438
0 0.553472 0.558594 0.043056 0.025000
0 0.632639 0.514453 0.043056 0.021094
0 0.604167 0.533984 0.036111 0.017969
0 0.252083 0.718750 0.034722 0.017188
0 0.233333 0.699609 0.022222 0.017969
0 0.443056 0.826953 0.077778 0.042969
0 0.629167 0.655469 0.041667 0.018750
0 0.592361 0.660156 0.037500 0.015625
0 0.585417 0.682031 0.034722 0.014063
0 0.840972 0.745313 0.059722 0.035937
0 0.859722 0.782422 0.050000 0.028906
0 0.606250 0.344531 0.018056 0.012500
0 0.370139 0.598828 0.026389 0.010156
0 0.184722 0.551562 0.027778 0.018750
0 0.159722 0.557813 0.022222 0.017188
0 0.368056 0.653125 0.036111 0.015625
0 0.836111 0.797656 0.022222 0.015625
0 0.634028 0.700000 0.045833 0.021875
0 0.900694 0.645703 0.031944 0.013281
0 0.552778 0.653125 0.025000 0.014063
0 0.512500 0.297266 0.025000 0.021094
0 0.562500 0.328125 0.013889 0.015625
0 0.541667 0.511328 0.030556 0.010156
0 0.521528 0.473047 0.029167 0.024219
0 0.409028 0.583594 0.015278 0.012500
0 0.806250 0.524219 0.051389 0.023438