0 0.694444 0.682813 0.066667 0.040625
0 0.173611 0.057813 0.052778 0.031250
0 0.061806 0.083203 0.054167 0.032031
0 0.130556 0.119922 0.050000 0.027344
0 0.194444 0.112109 0.036111 0.025781
0 0.076389 0.036719 0.050000 0.025000
0 0.179167 0.169531 0.036111 0.025000
0 0.143750 0.204687 0.040278 0.021875
0 0.144444 0.185938 0.041667 0.017188
0 0.139583 0.168359 0.040278 0.021094
0 0.419444 0.198047 0.047222 0.028906
0 0.278472 0.155078 0.043056 0.022656
0 0.313194 0.090234 0.040278 0.024219
0 0.266667 0.092188 0.038889 0.026562
0 0.211806 0.190234 0.034722 0.021094
0 0.184722 0.186328 0.030556 0.014844
0 0.369444 0.254688 0.036111 0.018750
0 0.245833 0.189453 0.027778 0.013281
0 0.055556 0.012500 0.036111 0.023438
0 0.118056 0.008984 0.036111 0.013281
0 0.207639 0.280859 0.034722 0.014844
0 0.733333 0.349609 0.047222 0.022656
0 0.802083 0.350391 0.054167 0.030469
0 0.767361 0.348438 0.023611 0.018750
0 0.892361 0.405859 0.040278 0.021094
0 0.925000 0.380859 0.055556 0.025781
0 0.966667 0.397656 0.055556 0.029687
0 0.656944 0.391016 0.025000 0.016406
0 0.158333 0.493359 0.036111 0.016406
0 0.141667 0.382031 0.030556 0.017188
0 0.264583 0.655859 0.048611 0.027344
0 0.054861 0.610938 0.043056 0.020313
0 0.459028 0.562109 0.040278 0.021094
0 0.648611 0.288672 0.038889 0.021094
0 0.700694 0.298047 0.037500 0.017969
0 0.694444 0.326172 0.047222 0.022656
0 0.116667 0.208594 0.033333 0.021875
0 0.296528 0.321484 0.037500 0.021094
0 0.037500 0.430859 0.027778 0.017969
0 0.072917 0.430469 0.034722 0.018750
0 0.721528 0.604297 0.043056 0.028906
0 0.414583 0.496094 0.023611 0.015625
0 0.162500 0.507422 0.027778 0.008594
0 0.396528 0.136719 0.023611 0.018750
0 0.604167 0.260156 0.036111 0.029687
0 0.598611 0.286328 0.030556 0.021094
0 0.890278 0.560937 0.041667 0.023438
0 0.016667 0.091406 0.030556 0.028125
0 0.137500 0.101953 0.038889 0.019531
0 0.152778 0.067187 0.044444 0.025000
0 0.097222 0.049609 0.016667 0.022656
0 0.433333 0.232422 0.041667 0.021094
0 0.577778 0.300391 0.047222 0.021094
0 0.620139 0.339453 0.034722 0.016406
0 0.597917 0.352344 0.026389 0.015625
0 0.034028 0.381250 0.034722 0.020313
0 0.020139 0.418359 0.034722 0.014844
0 0.025000 0.434766 0.025000 0.016406
0 0.056250 0.398047 0.026389 0.016406
0 0.018056 0.400781 0.030556 0.017188
0 0.191667 0.498828 0.027778 0.010156
0 0.025694 0.617969 0.040278 0.018750
0 0.013194 0.650781 0.026389 0.028125
0 0.107639 0.655078 0.023611 0.016406
0 0.220139 0.643750 0.043056 0.023438
0 0.243750 0.627344 0.037500 0.012500
0 0.313889 0.650391 0.047222 0.021094
0 0.338889 0.633594 0.041667 0.026562
0 0.507639 0.600000 0.045833 0.029687
0 0.896528 0.622266 0.029167 0.017969
0 0.822917 0.609375 0.037500 0.023438
0 0.756944 0.585547 0.025000 0.010156
0 0.977083 0.666016 0.026389 0.017969
0 0.956250 0.705469 0.026389 0.012500
0 0.722222 0.674219 0.016667 0.020313
0 0.453472 0.501172 0.018056 0.013281
0 0.847917 0.507031 0.043056 0.018750
0 0.786111 0.418750 0.033333 0.018750
0 0.815972 0.412500 0.026389 0.014063
0 0.943750 0.527344 0.029167 0.020313
0 0.982639 0.547656 0.023611 0.014063
0 0.938194 0.577734 0.015278 0.010156
0 0.988194 0.576953 0.018056 0.019531
0 0.038194 0.468359 0.026389 0.016406
0 0.295139 0.345313 0.029167 0.020313
0 0.265278 0.344922 0.022222 0.010156
0 0.375694 0.466406 0.023611 0.017188
0 0.358333 0.478906 0.011111 0.010937
0 0.406944 0.428516 0.025000 0.014844
0 0.506250 0.449219 0.018056 0.017188
0 0.497222 0.458203 0.025000 0.014844
0 0.105556 0.322266 0.025000 0.011719
0 0.123611 0.158984 0.036111 0.021094
0 0.340972 0.148828 0.040278 0.016406
0 0.638889 0.244922 0.030556 0.017969
0 0.749306 0.292578 0.015278 0.016406
0 0.716667 0.273438 0.019444 0.018750
0 0.294444 0.276562 0.022222 0.017188
0 0.241667 0.279297 0.027778 0.016406
0 0.744444 0.390625 0.016667 0.020313
0 0.815278 0.394141 0.025000 0.016406
0 0.364583 0.317578 0.031944 0.017969
0 0.559722 0.448828 0.011111 0.013281
0 0.557639 0.432031 0.015278 0.015625
0 0.772222 0.516797 0.030556 0.017969
0 0.097222 0.426172 0.016667 0.014844
0 0.196528 0.250000 0.023611 0.014063