0 0.895833 0.083203 0.047222 0.025781
0 0.934722 0.066797 0.038889 0.027344
0 0.956250 0.042578 0.045833 0.028906
0 0.978472 0.078516 0.023611 0.019531
0 0.911806 0.157812 0.031944 0.018750
0 0.940278 0.148438 0.030556 0.017188
0 0.931250 0.191016 0.026389 0.016406
0 0.964583 0.223047 0.045833 0.022656
0 0.920833 0.184375 0.027778 0.015625
0 0.892361 0.176953 0.026389 0.014844
0 0.816667 0.237109 0.038889 0.022656
0 0.900694 0.261328 0.040278 0.021094
0 0.943750 0.299609 0.037500 0.019531
0 0.803472 0.283203 0.031944 0.019531
0 0.748611 0.305469 0.036111 0.021875
0 0.719444 0.289062 0.019444 0.010937
0 0.545139 0.278516 0.029167 0.017969
0 0.462500 0.307422 0.036111 0.016406
0 0.540972 0.314844 0.026389 0.010937
0 0.665278 0.338281 0.033333 0.018750
0 0.013194 0.233984 0.023611 0.024219
0 0.035417 0.248828 0.031944 0.014844
0 0.025000 0.284375 0.022222 0.018750
0 0.046528 0.305859 0.037500 0.022656
0 0.084722 0.316016 0.027778 0.016406
0 0.036111 0.337891 0.027778 0.017969
0 0.011806 0.335156 0.020833 0.015625
0 0.080556 0.347656 0.036111 0.017188
0 0.325694 0.332813 0.031944 0.017188
0 0.343750 0.339062 0.023611 0.015625
0 0.100694 0.378906 0.037500 0.018750
0 0.200000 0.373828 0.044444 0.024219
0 0.236111 0.370703 0.036111 0.019531
0 0.188194 0.408984 0.037500 0.022656
0 0.081944 0.447656 0.036111 0.018750
0 0.181250 0.425391 0.037500 0.019531
0 0.216667 0.433203 0.036111 0.016406
0 0.539583 0.422266 0.037500 0.022656
0 0.587500 0.367188 0.033333 0.020313
0 0.640278 0.396484 0.033333 0.016406
0 0.695833 0.385937 0.036111 0.020313
0 0.704167 0.399609 0.019444 0.013281
0 0.136111 0.469922 0.025000 0.008594
0 0.084028 0.490625 0.034722 0.021875
0 0.118056 0.493359 0.036111 0.014844
0 0.122917 0.511328 0.031944 0.013281
0 0.163194 0.525000 0.034722 0.017188
0 0.118056 0.570312 0.036111 0.017188
0 0.144444 0.585547 0.038889 0.019531
0 0.194444 0.590625 0.038889 0.021875
0 0.273611 0.564063 0.047222 0.021875
0 0.546528 0.686328 0.090278 0.052344
0 0.501389 0.662109 0.041667 0.042969
0 0.494444 0.687891 0.025000 0.021094
0 0.450694 0.701562 0.040278 0.026562
0 0.592361 0.747656 0.054167 0.026562
0 0.658333 0.737891 0.055556 0.027344
0 0.757639 0.695703 0.040278 0.013281
0 0.972917 0.801562 0.051389 0.037500
0 0.682639 0.651172 0.043056 0.013281
0 0.709028 0.631250 0.062500 0.029687
0 0.659028 0.589063 0.026389 0.018750
0 0.762500 0.610938 0.058333 0.039062
0 0.840278 0.643750 0.083333 0.035937
0 0.896528 0.602734 0.070833 0.060156
0 0.920833 0.642578 0.038889 0.024219
0 0.773611 0.651563 0.055556 0.026562
0 0.423611 0.523828 0.038889 0.019531
0 0.419444 0.564453 0.063889 0.030469
0 0.517361 0.534375 0.051389 0.032813
0 0.661806 0.542578 0.051389 0.028906
0 0.911806 0.541406 0.073611 0.032813
0 0.909028 0.504687 0.015278 0.012500
0 0.568750 0.433984 0.026389 0.016406
0 0.620833 0.415234 0.022222 0.016406
0 0.890278 0.432422 0.041667 0.025781
0 0.922222 0.445703 0.036111 0.030469
0 0.983333 0.438281 0.030556 0.017188
0 0.879167 0.377344 0.047222 0.021875
0 0.920833 0.375781 0.033333 0.021875
0 0.988889 0.374219 0.019444 0.023438