0 0.554861 0.083594 0.045833 0.025000
0 0.522917 0.114844 0.040278 0.023438
0 0.486806 0.111328 0.031944 0.022656
0 0.518056 0.155469 0.047222 0.028125
0 0.565278 0.152734 0.047222 0.025781
0 0.437500 0.244141 0.044444 0.022656
0 0.485417 0.233203 0.037500 0.022656
0 0.522917 0.207813 0.043056 0.021875
0 0.516667 0.182812 0.047222 0.029687
0 0.622222 0.143359 0.055556 0.027344
0 0.648611 0.167969 0.050000 0.032813
0 0.688194 0.177344 0.048611 0.031250
0 0.668056 0.196484 0.038889 0.019531
0 0.719444 0.141016 0.047222 0.024219
0 0.745139 0.178906 0.048611 0.028125
0 0.790278 0.187109 0.047222 0.027344
0 0.706250 0.209375 0.054167 0.018750
0 0.861806 0.230078 0.040278 0.021094
0 0.842361 0.176172 0.043056 0.024219
0 0.660417 0.259766 0.043056 0.022656
0 0.714583 0.244141 0.043056 0.022656
0 0.552778 0.296484 0.019444 0.016406
0 0.053472 0.377344 0.029167 0.015625
0 0.533333 0.278516 0.044444 0.021094
0 0.588194 0.367188 0.043056 0.021875
0 0.661806 0.360156 0.040278 0.020313
0 0.696528 0.370703 0.031944 0.016406
0 0.898611 0.226562 0.050000 0.025000
0 0.908333 0.198437 0.044444 0.023438
0 0.965278 0.200391 0.030556 0.014844
0 0.954861 0.225000 0.051389 0.028125
0 0.973611 0.250781 0.047222 0.028125
0 0.891667 0.246875 0.038889 0.017188
0 0.761806 0.338281 0.037500 0.018750
0 0.791667 0.334766 0.033333 0.021094
0 0.153472 0.432812 0.018056 0.017188
0 0.236111 0.447656 0.033333 0.020313
0 0.243056 0.485547 0.041667 0.024219
0 0.401389 0.448828 0.033333 0.016406
0 0.458333 0.446484 0.030556 0.019531
0 0.488889 0.443359 0.030556 0.019531
0 0.656944 0.409375 0.041667 0.023438
0 0.604861 0.417578 0.020833 0.010156
0 0.759028 0.378516 0.023611 0.017969
0 0.731944 0.370703 0.036111 0.019531
0 0.719444 0.381641 0.041667 0.017969
0 0.777778 0.467969 0.038889 0.026562
0 0.824306 0.466016 0.037500 0.024219
0 0.008333 0.555469 0.016667 0.026562
0 0.236806 0.504297 0.040278 0.014844
0 0.514583 0.496484 0.051389 0.025781
0 0.554167 0.566016 0.052778 0.025781
0 0.868750 0.473828 0.034722 0.025781
0 0.031250 0.601172 0.059722 0.033594
0 0.090278 0.589063 0.063889 0.037500
0 0.312500 0.686328 0.058333 0.032031
0 0.309722 0.660937 0.050000 0.025000
0 0.390972 0.625391 0.045833 0.025781
0 0.561806 0.615625 0.073611 0.014063
0 0.506250 0.524609 0.043056 0.011719
0 0.961806 0.487891 0.040278 0.017969
0 0.912500 0.711719 0.052778 0.028125
0 0.972222 0.507422 0.047222 0.022656
0 0.985417 0.496484 0.026389 0.022656
0 0.974306 0.467969 0.037500 0.014063
0 0.604861 0.648828 0.045833 0.019531
0 0.833333 0.753516 0.050000 0.021094
0 0.684028 0.698047 0.054167 0.017969
0 0.827778 0.708594 0.044444 0.018750
0 0.573611 0.585938 0.055556 0.032813
0 0.740278 0.392969 0.033333 0.020313
0 0.175000 0.557813 0.022222 0.015625
0 0.663889 0.557031 0.041667 0.034375
0 0.645833 0.655859 0.041667 0.024219