0 0.329861 0.010547 0.023611 0.014844
0 0.382639 0.032422 0.051389 0.025781
0 0.327083 0.044531 0.040278 0.023438
0 0.384722 0.062109 0.047222 0.024219
0 0.422917 0.080078 0.045833 0.027344
0 0.366667 0.080078 0.041667 0.022656
0 0.514583 0.081641 0.040278 0.022656
0 0.324306 0.058594 0.043056 0.014063
0 0.411806 0.121875 0.040278 0.025000
0 0.461111 0.101562 0.044444 0.018750
0 0.527778 0.106250 0.038889 0.020313
0 0.513889 0.125781 0.027778 0.017188
0 0.459028 0.123828 0.029167 0.017969
0 0.443056 0.150000 0.030556 0.025000
0 0.400000 0.144141 0.036111 0.024219
0 0.381250 0.157812 0.043056 0.023438
0 0.556944 0.193359 0.047222 0.025781
0 0.521528 0.019141 0.048611 0.032031
0 0.493750 0.008203 0.043056 0.016406
0 0.603472 0.041797 0.045833 0.033594
0 0.615278 0.008594 0.055556 0.015625
0 0.638889 0.049219 0.047222 0.028125
0 0.829861 0.051172 0.070833 0.039844
0 0.814583 0.019141 0.059722 0.033594
0 0.853472 0.030469 0.034722 0.020313
0 0.779861 0.023047 0.023611 0.032031
0 0.920139 0.051562 0.040278 0.031250
0 0.954167 0.044531 0.030556 0.009375
0 0.972917 0.100391 0.051389 0.039844
0 0.799306 0.144141 0.070833 0.038281
0 0.794444 0.178125 0.052778 0.023438
0 0.941667 0.191406 0.052778 0.032813
0 0.979167 0.185156 0.038889 0.034375
0 0.691667 0.192578 0.047222 0.030469
0 0.647917 0.166016 0.037500 0.017969
0 0.615278 0.167969 0.033333 0.017188
0 0.526389 0.237500 0.047222 0.018750
0 0.570139 0.223438 0.037500 0.018750
0 0.600694 0.215625 0.034722 0.015625
0 0.729167 0.216406 0.052778 0.025000
0 0.752083 0.236719 0.040278 0.028125
0 0.802083 0.247266 0.056944 0.024219
0 0.849306 0.260937 0.062500 0.029687
0 0.587500 0.368750 0.041667 0.023438
0 0.500000 0.275781 0.038889 0.021875
0 0.579167 0.245703 0.030556 0.019531
0 0.620833 0.246094 0.025000 0.017188
0 0.628472 0.257031 0.015278 0.010937
0 0.755556 0.272266 0.025000 0.013281
0 0.811111 0.436328 0.038889 0.016406
0 0.825000 0.468750 0.052778 0.020313
0 0.695833 0.564063 0.047222 0.025000
0 0.481250 0.465625 0.037500 0.020313
0 0.509028 0.321875 0.043056 0.018750
0 0.449306 0.308594 0.037500 0.017188
0 0.379167 0.289453 0.036111 0.021094
0 0.379167 0.328516 0.025000 0.019531
0 0.436806 0.415625 0.040278 0.020313
0 0.179167 0.350000 0.030556 0.018750
0 0.237500 0.325781 0.033333 0.015625
0 0.334722 0.347266 0.038889 0.017969
0 0.340972 0.408984 0.037500 0.021094
0 0.429861 0.436719 0.031944 0.021875
0 0.421528 0.464844 0.043056 0.021875
0 0.388889 0.472656 0.044444 0.026562
0 0.304167 0.407422 0.038889 0.022656
0 0.279861 0.375781 0.043056 0.017188
0 0.215278 0.403125 0.033333 0.020313
0 0.070833 0.379688 0.025000 0.014063
0 0.053472 0.374609 0.031944 0.014844
0 0.019444 0.396094 0.030556 0.017188
0 0.165278 0.451172 0.038889 0.021094
0 0.284722 0.515234 0.030556 0.014844
0 0.115278 0.541406 0.063889 0.031250
0 0.113194 0.561328 0.037500 0.010156
0 0.025000 0.578125 0.050000 0.039062
0 0.034722 0.597266 0.061111 0.024219
0 0.087500 0.632422 0.038889 0.027344
0 0.198611 0.630859 0.038889 0.025781
0 0.484028 0.703125 0.048611 0.023438
0 0.432639 0.696875 0.031944 0.014063
0 0.479167 0.718750 0.041667 0.015625
0 0.945833 0.701172 0.061111 0.030469
0 0.979167 0.648438 0.038889 0.020313
0 0.978472 0.011328 0.026389 0.019531
0 0.346528 0.729688 0.045833 0.029687
0 0.282639 0.692578 0.037500 0.019531
0 0.227778 0.702344 0.033333 0.025000
0 0.204167 0.667578 0.025000 0.016406
0 0.194444 0.711719 0.038889 0.025000
0 0.156250 0.728906 0.059722 0.031250
0 0.112500 0.745703 0.066667 0.027344
0 0.015278 0.660547 0.030556 0.025781
0 0.857639 0.216016 0.073611 0.032031