0 0.408333 0.183594 0.052778 0.028125
0 0.355556 0.198047 0.052778 0.022656
0 0.352083 0.171875 0.031944 0.021875
0 0.384722 0.231250 0.041667 0.021875
0 0.012500 0.270313 0.019444 0.021875
0 0.091667 0.314063 0.036111 0.023438
0 0.018056 0.389062 0.033333 0.023438
0 0.015972 0.434766 0.031944 0.024219
0 0.020833 0.364453 0.033333 0.011719
0 0.044444 0.417187 0.025000 0.015625
0 0.093750 0.412891 0.031944 0.021094
0 0.076389 0.434375 0.036111 0.020313
0 0.107639 0.424609 0.026389 0.008594
0 0.104861 0.449609 0.037500 0.019531
0 0.109722 0.494531 0.041667 0.020313
0 0.078472 0.500391 0.018056 0.016406
0 0.008333 0.577344 0.016667 0.014063
0 0.064583 0.589844 0.029167 0.015625
0 0.146528 0.726172 0.023611 0.022656
0 0.107639 0.739453 0.015278 0.014844
0 0.563194 0.246094 0.029167 0.020313
0 0.579167 0.316406 0.036111 0.025000
0 0.616667 0.324609 0.038889 0.019531
0 0.579167 0.551953 0.047222 0.024219
0 0.031944 0.447656 0.016667 0.012500
0 0.985417 0.722656 0.020833 0.018750
0 0.321528 0.787500 0.045833 0.029687
0 0.159028 0.820312 0.040278 0.025000
0 0.212500 0.812500 0.011111 0.010937
0 0.279167 0.733203 0.027778 0.008594
0 0.397222 0.201953 0.038889 0.016406