0 0.362500 0.164453 0.044444 0.022656
0 0.152778 0.327344 0.033333 0.020313
0 0.190278 0.330078 0.036111 0.016406
0 0.185417 0.403125 0.045833 0.026562
0 0.200000 0.434375 0.047222 0.018750
0 0.146528 0.519531 0.037500 0.017188
0 0.186111 0.521094 0.050000 0.015625
0 0.181944 0.577734 0.044444 0.019531
0 0.160417 0.631250 0.040278 0.023438
0 0.377778 0.423438 0.041667 0.021875
0 0.420139 0.404687 0.023611 0.012500
0 0.578472 0.395313 0.040278 0.023438
0 0.525000 0.361328 0.030556 0.016406
0 0.509028 0.377734 0.020833 0.011719
0 0.479167 0.367969 0.022222 0.020313
0 0.456944 0.312891 0.016667 0.007031
0 0.473611 0.317969 0.013889 0.007812
0 0.770833 0.521875 0.016667 0.010937
0 0.829167 0.507812 0.008333 0.006250
0 0.919444 0.495312 0.013889 0.012500
0 0.981944 0.557813 0.025000 0.021875
0 0.815972 0.616406 0.023611 0.012500
0 0.991667 0.259766 0.013889 0.021094
0 0.033333 0.421875 0.022222 0.014063
0 0.100000 0.421484 0.033333 0.022656
0 0.138194 0.594922 0.054167 0.025781
0 0.384028 0.705469 0.037500 0.012500
0 0.505556 0.643750 0.011111 0.018750
0 0.675694 0.628125 0.029167 0.018750
0 0.738889 0.594141 0.030556 0.011719