0 0.722222 0.611328 0.038889 0.027344
0 0.642361 0.280078 0.043056 0.027344
0 0.711806 0.271875 0.040278 0.020313
0 0.604861 0.159766 0.031944 0.022656
0 0.663889 0.300781 0.041667 0.023438
0 0.624306 0.298438 0.037500 0.023438
0 0.708333 0.353125 0.030556 0.018750
0 0.681250 0.357031 0.023611 0.018750
0 0.791667 0.338281 0.036111 0.023438
0 0.920139 0.331641 0.045833 0.021094
0 0.922222 0.355078 0.036111 0.017969
0 0.869444 0.378906 0.038889 0.018750
0 0.609028 0.380078 0.020833 0.016406
0 0.220139 0.336719 0.031944 0.017188
0 0.072222 0.317578 0.027778 0.013281
0 0.047222 0.360156 0.025000 0.015625
0 0.297222 0.410156 0.038889 0.017188
0 0.739583 0.194531 0.023611 0.015625
0 0.651389 0.162500 0.036111 0.017188
0 0.488889 0.342578 0.025000 0.019531
0 0.790278 0.527734 0.047222 0.022656
0 0.690278 0.589844 0.027778 0.021875
0 0.678472 0.537500 0.034722 0.020313
0 0.818056 0.355469 0.033333 0.018750
0 0.319444 0.357812 0.041667 0.015625
0 0.873611 0.431641 0.044444 0.017969
0 0.418056 0.396484 0.036111 0.017969
0 0.131944 0.355469 0.019444 0.014063
0 0.129167 0.336719 0.030556 0.014063
0 0.053472 0.375391 0.009722 0.013281
0 0.166667 0.413672 0.027778 0.014844
0 0.286806 0.378906 0.037500 0.012500
0 0.333333 0.401562 0.030556 0.010937
0 0.380556 0.382031 0.022222 0.009375
0 0.848611 0.307031 0.036111 0.015625
0 0.797222 0.374609 0.030556 0.016406
0 0.870139 0.357812 0.040278 0.012500
0 0.976389 0.362891 0.030556 0.019531
0 0.995139 0.364063 0.006944 0.025000
0 0.982639 0.315234 0.031944 0.019531
0 0.921528 0.373437 0.026389 0.017188
0 0.977083 0.391406 0.043056 0.025000
0 0.586111 0.443359 0.025000 0.010156
0 0.684722 0.547656 0.036111 0.018750
0 0.473611 0.559766 0.030556 0.027344
0 0.422917 0.555469 0.026389 0.026562
0 0.368750 0.468750 0.026389 0.014063