0 0.142361 0.016016 0.059722 0.030469
0 0.158333 0.044141 0.050000 0.035156
0 0.087500 0.071484 0.050000 0.028906
0 0.171528 0.092969 0.048611 0.028125
0 0.306944 0.072266 0.036111 0.017969
0 0.364583 0.079297 0.026389 0.019531
0 0.393056 0.077734 0.030556 0.019531
0 0.442361 0.108594 0.029167 0.018750
0 0.487500 0.091016 0.036111 0.021094
0 0.527083 0.103516 0.029167 0.021094
0 0.629861 0.096484 0.037500 0.021094
0 0.765278 0.085938 0.038889 0.023438
0 0.797917 0.053516 0.040278 0.021094
0 0.113889 0.105859 0.016667 0.014844
0 0.186111 0.155859 0.033333 0.016406
0 0.248611 0.158984 0.030556 0.013281
0 0.284028 0.140234 0.023611 0.014844
0 0.349306 0.142969 0.020833 0.014063
0 0.391667 0.143359 0.030556 0.014844
0 0.425694 0.150391 0.037500 0.024219
0 0.460417 0.148828 0.031944 0.021094
0 0.544444 0.141406 0.038889 0.025000
0 0.537500 0.161719 0.058333 0.025000
0 0.520139 0.182031 0.031944 0.012500
0 0.151389 0.210938 0.030556 0.014063
0 0.236806 0.222266 0.059722 0.038281
0 0.252083 0.176953 0.031944 0.013281
0 0.079167 0.279687 0.038889 0.025000
0 0.126389 0.281250 0.055556 0.025000
0 0.026389 0.248047 0.030556 0.014844
0 0.039583 0.300000 0.034722 0.014063
0 0.133333 0.309766 0.063889 0.038281
0 0.193056 0.311328 0.061111 0.042969
0 0.234028 0.349219 0.056944 0.021875
0 0.271528 0.316797 0.056944 0.032031
0 0.247917 0.278125 0.023611 0.015625
0 0.338889 0.294531 0.030556 0.023438
0 0.356250 0.292578 0.023611 0.014844
0 0.387500 0.292578 0.047222 0.030469
0 0.415972 0.302734 0.037500 0.033594
0 0.486806 0.317969 0.015278 0.007812
0 0.499306 0.225391 0.040278 0.030469
0 0.538194 0.224219 0.034722 0.028125
0 0.566667 0.233203 0.038889 0.027344
0 0.525694 0.250781 0.048611 0.021875
0 0.597222 0.251563 0.016667 0.015625
0 0.617361 0.268359 0.034722 0.027344
0 0.652778 0.246484 0.041667 0.025781
0 0.656944 0.221484 0.044444 0.019531
0 0.618750 0.208984 0.034722 0.024219
0 0.661111 0.175000 0.030556 0.028125
0 0.639583 0.167187 0.015278 0.014063
0 0.731250 0.154688 0.043056 0.017188
0 0.691667 0.184766 0.038889 0.017969
0 0.874306 0.144531 0.048611 0.026562
0 0.941667 0.037500 0.047222 0.025000
0 0.991667 0.150000 0.013889 0.021875
0 0.747917 0.210547 0.037500 0.025781
0 0.759028 0.228125 0.045833 0.023438
0 0.756944 0.250000 0.036111 0.015625
0 0.872917 0.266016 0.031944 0.024219
0 0.902083 0.273828 0.034722 0.022656
0 0.930556 0.283203 0.019444 0.017969
0 0.934722 0.239063 0.025000 0.015625
0 0.961806 0.206250 0.040278 0.018750
0 0.913194 0.199609 0.043056 0.027344
0 0.928472 0.175391 0.034722 0.008594
0 0.827083 0.431250 0.034722 0.026562
0 0.861111 0.442969 0.036111 0.023438
0 0.527083 0.447266 0.051389 0.030469
0 0.425694 0.390234 0.056944 0.028906
0 0.481944 0.351953 0.047222 0.022656
0 0.565972 0.371094 0.023611 0.010937
0 0.329861 0.326172 0.040278 0.033594
0 0.022917 0.423438 0.043056 0.046875
0 0.070139 0.410547 0.062500 0.025781
0 0.176389 0.432812 0.033333 0.017188
0 0.306250 0.408984 0.031944 0.014844
0 0.330556 0.366797 0.041667 0.024219
0 0.084028 0.450781 0.065278 0.035937
0 0.081250 0.491797 0.062500 0.032031
0 0.265278 0.539844 0.058333 0.031250
0 0.323611 0.508594 0.030556 0.018750
0 0.058333 0.592578 0.061111 0.032031
0 0.138194 0.600781 0.045833 0.023438
0 0.069444 0.659375 0.061111 0.029687
0 0.119444 0.751172 0.061111 0.033594
0 0.094444 0.848828 0.047222 0.027344
0 0.168056 0.881641 0.036111 0.027344
0 0.339583 0.816797 0.023611 0.030469
0 0.338889 0.773047 0.063889 0.038281
0 0.402778 0.637109 0.088889 0.047656
0 0.405556 0.601562 0.083333 0.035937
0 0.470833 0.641406 0.025000 0.018750
0 0.445833 0.754687 0.077778 0.056250
0 0.539583 0.703906 0.043056 0.017188
0 0.592361 0.698047 0.037500 0.033594
0 0.421528 0.846484 0.073611 0.044531
0 0.507639 0.846875 0.093056 0.051562
0 0.479861 0.885156 0.070833 0.028125
0 0.708333 0.809766 0.058333 0.032031
0 0.790278 0.839063 0.061111 0.040625
0 0.847222 0.799609 0.038889 0.027344
0 0.868056 0.782422 0.047222 0.025781
0 0.850694 0.834766 0.059722 0.030469
0 0.986806 0.821875 0.023611 0.021875
0 0.711806 0.689063 0.084722 0.042188
0 0.678472 0.613672 0.023611 0.010156
0 0.808333 0.611328 0.036111 0.017969