0 0.916667 0.033203 0.080556 0.050781
0 0.863194 0.014844 0.054167 0.026562
0 0.773611 0.030859 0.055556 0.028906
0 0.606250 0.217969 0.062500 0.031250
0 0.625000 0.252734 0.075000 0.046094
0 0.609722 0.344141 0.069444 0.039844
0 0.640278 0.422656 0.058333 0.032813
0 0.754167 0.455469 0.063889 0.031250
0 0.663889 0.466406 0.080556 0.046875
0 0.578472 0.441797 0.070833 0.038281
0 0.593750 0.489453 0.059722 0.046094
0 0.574306 0.525781 0.040278 0.023438
0 0.836806 0.551172 0.056944 0.024219
0 0.826389 0.649219 0.036111 0.028125
0 0.679167 0.659375 0.052778 0.032813
0 0.679861 0.555859 0.068056 0.030469
0 0.591667 0.564844 0.072222 0.023438
0 0.675000 0.530859 0.063889 0.024219
0 0.551389 0.489844 0.047222 0.032813
0 0.581250 0.248438 0.029167 0.012500
0 0.991667 0.554688 0.013889 0.026562