0 0.437500 0.183594 0.025000 0.014063
0 0.522917 0.157812 0.020833 0.010937
0 0.544444 0.181641 0.019444 0.010156
0 0.505556 0.199219 0.019444 0.014063
0 0.545833 0.221484 0.019444 0.011719
0 0.556944 0.244531 0.011111 0.015625
0 0.613194 0.252344 0.015278 0.014063
0 0.590972 0.276562 0.023611 0.009375
0 0.560417 0.278516 0.026389 0.017969
0 0.537500 0.259375 0.025000 0.012500
0 0.486111 0.245312 0.022222 0.015625
0 0.463889 0.233203 0.022222 0.010156
0 0.458333 0.249609 0.022222 0.013281
0 0.400694 0.240234 0.012500 0.007031
0 0.385417 0.255469 0.023611 0.014063
0 0.410417 0.257422 0.023611 0.016406
0 0.402778 0.348828 0.011111 0.008594
0 0.545833 0.305469 0.011111 0.007812
0 0.563889 0.308594 0.011111 0.004687
0 0.650694 0.352734 0.026389 0.016406
0 0.410417 0.398828 0.020833 0.021094
0 0.365278 0.398828 0.011111 0.010156
0 0.237500 0.358203 0.025000 0.008594
0 0.256944 0.397656 0.030556 0.017188
0 0.169444 0.365625 0.019444 0.015625
0 0.154861 0.382031 0.026389 0.014063
0 0.130556 0.378906 0.019444 0.012500
0 0.214583 0.513672 0.015278 0.007031
0 0.425694 0.602344 0.023611 0.010937
0 0.443056 0.606250 0.008333 0.012500
0 0.468056 0.612109 0.016667 0.014844
0 0.490278 0.578516 0.019444 0.010156
0 0.257639 0.576172 0.018056 0.008594
0 0.636111 0.603906 0.022222 0.014063
0 0.011806 0.676953 0.023611 0.014844
0 0.004861 0.705078 0.006944 0.013281
0 0.347917 0.667578 0.029167 0.016406
0 0.551389 0.663672 0.016667 0.007031
0 0.556944 0.673047 0.022222 0.014844
0 0.565278 0.694531 0.013889 0.010937
0 0.516667 0.698438 0.016667 0.012500
0 0.535417 0.706250 0.020833 0.010937
0 0.557639 0.450391 0.026389 0.014844
0 0.588889 0.450781 0.036111 0.012500
0 0.561806 0.430078 0.034722 0.016406
0 0.670833 0.436719 0.016667 0.012500
0 0.626389 0.333203 0.033333 0.016406
0 0.510417 0.179688 0.034722 0.010937
0 0.782639 0.427734 0.023611 0.011719
0 0.806250 0.431250 0.020833 0.012500
0 0.796528 0.439453 0.012500 0.005469
0 0.813889 0.457813 0.019444 0.007812
0 0.377083 0.542188 0.037500 0.018750
0 0.570833 0.551172 0.019444 0.013281
0 0.547917 0.549609 0.029167 0.011719
0 0.548611 0.626172 0.022222 0.027344
0 0.592361 0.605078 0.009722 0.008594
0 0.354167 0.594531 0.025000 0.021875
0 0.193750 0.654297 0.029167 0.019531
0 0.592361 0.666406 0.026389 0.009375
0 0.589583 0.710156 0.031944 0.014063
0 0.672917 0.714453 0.029167 0.016406
0 0.779861 0.786328 0.015278 0.013281
0 0.722222 0.746094 0.022222 0.018750
0 0.710417 0.771875 0.018056 0.014063
0 0.679167 0.700391 0.027778 0.011719