0 0.428472 0.146094 0.059722 0.029687
0 0.475694 0.361328 0.051389 0.027344
0 0.237500 0.384375 0.036111 0.025000
0 0.221528 0.432031 0.045833 0.029687
0 0.839583 0.448047 0.045833 0.025781
0 0.903472 0.524609 0.040278 0.022656
0 0.878472 0.497266 0.040278 0.019531
0 0.620833 0.445703 0.025000 0.019531
0 0.911806 0.545312 0.037500 0.017188
0 0.178472 0.552734 0.029167 0.021094
0 0.666667 0.443359 0.033333 0.016406
0 0.109722 0.569531 0.041667 0.018750
0 0.428472 0.487891 0.051389 0.028906
0 0.452083 0.529297 0.043056 0.011719
0 0.590278 0.261328 0.025000 0.014844
0 0.633333 0.339062 0.027778 0.025000
0 0.787500 0.456250 0.047222 0.021875
0 0.222222 0.551172 0.030556 0.014844