0 0.363889 0.540234 0.030556 0.019531
0 0.629167 0.634766 0.041667 0.021094
0 0.589583 0.646875 0.020833 0.021875
0 0.737500 0.506250 0.030556 0.020313
0 0.765278 0.501563 0.022222 0.012500
0 0.794444 0.514062 0.025000 0.010937
0 0.734722 0.382031 0.033333 0.018750
0 0.799306 0.425000 0.029167 0.014063
0 0.831250 0.402344 0.029167 0.017188
0 0.307639 0.490625 0.031944 0.017188
0 0.376389 0.488672 0.033333 0.014844
0 0.379167 0.467969 0.027778 0.014063
0 0.470833 0.453125 0.030556 0.015625
0 0.474306 0.429297 0.029167 0.011719
0 0.595833 0.489063 0.030556 0.014063
0 0.626389 0.599219 0.038889 0.025000
0 0.519444 0.363672 0.030556 0.014844
0 0.506250 0.410938 0.029167 0.014063
0 0.520833 0.426563 0.013889 0.014063
0 0.544444 0.282422 0.025000 0.017969
0 0.019444 0.466406 0.036111 0.017188
0 0.227778 0.302344 0.025000 0.020313
0 0.156250 0.314063 0.029167 0.018750
0 0.135417 0.237500 0.031944 0.017188
0 0.145833 0.219141 0.027778 0.016406
0 0.305556 0.366797 0.022222 0.010156
0 0.987500 0.442188 0.022222 0.025000
0 0.359028 0.524219 0.020833 0.009375
0 0.011806 0.187109 0.020833 0.017969
0 0.220139 0.268359 0.020833 0.011719
0 0.051389 0.250781 0.019444 0.010937
0 0.072917 0.367188 0.020833 0.012500
0 0.269444 0.319531 0.019444 0.014063
0 0.032639 0.473047 0.029167 0.014844
0 0.112500 0.333203 0.019444 0.011719
0 0.009722 0.210156 0.016667 0.009375
0 0.118056 0.261719 0.036111 0.012500
0 0.168750 0.345703 0.026389 0.008594
0 0.129861 0.386719 0.023611 0.009375
0 0.161111 0.394141 0.013889 0.008594
0 0.143750 0.474609 0.015278 0.016406
0 0.159028 0.469922 0.015278 0.008594
0 0.534028 0.601172 0.023611 0.008594
0 0.747222 0.520312 0.019444 0.006250
0 0.509722 0.475000 0.016667 0.010937
0 0.429167 0.460547 0.036111 0.014844
0 0.461111 0.462109 0.030556 0.013281
0 0.643056 0.406641 0.019444 0.011719
0 0.543750 0.368750 0.026389 0.009375
0 0.784028 0.429297 0.020833 0.014844
0 0.681250 0.462891 0.015278 0.011719