0 0.560417 0.300000 0.054167 0.029687
0 0.495833 0.262891 0.052778 0.022656
0 0.454861 0.276562 0.029167 0.012500
0 0.488889 0.295703 0.061111 0.030469
0 0.412500 0.347656 0.052778 0.031250
0 0.394444 0.422656 0.025000 0.029687
0 0.375000 0.457422 0.055556 0.032031
0 0.659722 0.562891 0.066667 0.039844
0 0.727778 0.564844 0.047222 0.026562
0 0.497222 0.562891 0.052778 0.025781
0 0.619444 0.629297 0.063889 0.033594
0 0.474306 0.637891 0.056944 0.030469
0 0.686111 0.688672 0.047222 0.033594
0 0.409722 0.712109 0.052778 0.038281
0 0.260417 0.745313 0.054167 0.039062
0 0.215278 0.857031 0.061111 0.031250
0 0.495833 0.773828 0.047222 0.022656
0 0.579167 0.733594 0.044444 0.035937
0 0.604167 0.795312 0.038889 0.032813
0 0.694444 0.829688 0.055556 0.017188
0 0.650694 0.820312 0.040278 0.014063
0 0.798611 0.685547 0.044444 0.027344
0 0.503472 0.661328 0.054167 0.025781
0 0.479167 0.593750 0.055556 0.025000
0 0.533333 0.606250 0.052778 0.026562
0 0.769444 0.572656 0.038889 0.020313
0 0.690972 0.637891 0.048611 0.028906
0 0.730556 0.684375 0.047222 0.025000
0 0.423611 0.777734 0.027778 0.019531
0 0.475694 0.746484 0.059722 0.028906
0 0.624306 0.752734 0.059722 0.030469
0 0.654861 0.704297 0.018056 0.013281
0 0.645139 0.727734 0.026389 0.011719
0 0.591667 0.818359 0.025000 0.021094
0 0.759722 0.848437 0.025000 0.020313
0 0.972917 0.903516 0.051389 0.030469
0 0.037500 0.879297 0.050000 0.022656
0 0.625694 0.420312 0.031944 0.023438