0 0.488194 0.038672 0.045833 0.028906
0 0.503472 0.043750 0.031944 0.023438
0 0.356944 0.151953 0.044444 0.024219
0 0.276389 0.198437 0.050000 0.026562
0 0.395139 0.155469 0.031944 0.023438
0 0.434028 0.156641 0.040278 0.025781
0 0.470833 0.198047 0.033333 0.019531
0 0.473611 0.234766 0.050000 0.028906
0 0.429861 0.240625 0.040278 0.029687
0 0.300000 0.242578 0.047222 0.028906
0 0.338889 0.248438 0.044444 0.029687
0 0.402778 0.270703 0.047222 0.028906
0 0.517361 0.233594 0.029167 0.020313
0 0.290278 0.324219 0.050000 0.028125
0 0.442361 0.303906 0.040278 0.025000
0 0.407639 0.303906 0.034722 0.023438
0 0.470139 0.328906 0.031944 0.021875
0 0.348611 0.340234 0.033333 0.021094
0 0.386111 0.399609 0.044444 0.032031
0 0.318750 0.382422 0.043056 0.027344
0 0.588889 0.423047 0.041667 0.028906
0 0.561111 0.441406 0.044444 0.023438
0 0.505556 0.468359 0.044444 0.024219
0 0.352083 0.477344 0.040278 0.023438
0 0.338889 0.455469 0.044444 0.025000
0 0.297222 0.468750 0.061111 0.026562
0 0.362500 0.725391 0.066667 0.036719
0 0.792361 0.647656 0.059722 0.034375
0 0.802083 0.683594 0.045833 0.025000
0 0.582639 0.565234 0.037500 0.021094
0 0.545139 0.572266 0.034722 0.019531
0 0.331250 0.563281 0.051389 0.025000
0 0.539583 0.592187 0.040278 0.021875
0 0.585417 0.612109 0.043056 0.032031
0 0.211806 0.623828 0.029167 0.027344
0 0.186806 0.611328 0.048611 0.027344
0 0.854861 0.551562 0.045833 0.023438
0 0.479861 0.382031 0.037500 0.023438
0 0.234028 0.405859 0.048611 0.019531
0 0.506250 0.418750 0.051389 0.021875
0 0.144444 0.464844 0.036111 0.018750
0 0.113194 0.469922 0.037500 0.025781
0 0.567361 0.251172 0.020833 0.014844
0 0.356944 0.494531 0.022222 0.014063
0 0.313194 0.495312 0.023611 0.025000
0 0.779167 0.698047 0.033333 0.016406
0 0.404167 0.722656 0.036111 0.028125
0 0.947222 0.610938 0.041667 0.014063
0 0.986806 0.674609 0.023611 0.028906
0 0.990278 0.528906 0.016667 0.015625
0 0.939583 0.470313 0.029167 0.018750