0 0.538194 0.196875 0.043056 0.025000
0 0.457639 0.216406 0.031944 0.025000
0 0.438194 0.319141 0.045833 0.027344
0 0.417361 0.318359 0.023611 0.025781
0 0.367361 0.321875 0.037500 0.026562
0 0.322917 0.401953 0.045833 0.025781
0 0.367361 0.383984 0.048611 0.022656
0 0.395833 0.354297 0.036111 0.019531
0 0.529861 0.620313 0.043056 0.025000
0 0.431250 0.457813 0.043056 0.025000
0 0.498611 0.429688 0.038889 0.020313
0 0.320833 0.455469 0.036111 0.015625
0 0.346528 0.413672 0.029167 0.019531
0 0.543750 0.321875 0.043056 0.026562
0 0.390278 0.714063 0.033333 0.021875
0 0.447222 0.566016 0.033333 0.027344
0 0.440972 0.542188 0.031944 0.018750
0 0.493750 0.405078 0.054167 0.028906
0 0.527083 0.269531 0.037500 0.023438
0 0.422917 0.287500 0.037500 0.020313
0 0.440972 0.279687 0.015278 0.023438
0 0.600694 0.441797 0.045833 0.025781
0 0.393056 0.490625 0.050000 0.020313
0 0.419444 0.234766 0.019444 0.016406
0 0.436111 0.233203 0.022222 0.013281
0 0.533333 0.475781 0.047222 0.023438
0 0.499306 0.483203 0.031944 0.016406
0 0.491667 0.230078 0.030556 0.016406
0 0.429861 0.523438 0.040278 0.020313
0 0.297222 0.491797 0.019444 0.011719
0 0.316667 0.480469 0.019444 0.017188
0 0.406250 0.469531 0.034722 0.012500
0 0.395833 0.741406 0.025000 0.018750
0 0.365278 0.494531 0.019444 0.012500
0 0.638194 0.599609 0.031944 0.014844
0 0.621528 0.596094 0.031944 0.018750
0 0.647917 0.560156 0.034722 0.017188
0 0.625694 0.540625 0.026389 0.007812
0 0.699306 0.566016 0.029167 0.017969
0 0.689583 0.623828 0.029167 0.013281
0 0.701389 0.546875 0.025000 0.014063
0 0.709722 0.528906 0.038889 0.017188
0 0.812500 0.620313 0.041667 0.026562
0 0.501389 0.711719 0.027778 0.009375
0 0.472222 0.710547 0.022222 0.010156
0 0.512500 0.348047 0.036111 0.017969
0 0.454167 0.365234 0.027778 0.021094
0 0.421528 0.353125 0.023611 0.018750
0 0.506250 0.362891 0.018056 0.008594
0 0.682639 0.515625 0.040278 0.014063
0 0.744444 0.520312 0.025000 0.014063
0 0.650000 0.648828 0.016667 0.019531
0 0.472222 0.601172 0.022222 0.016406
0 0.309722 0.468750 0.022222 0.018750
0 0.820139 0.629687 0.026389 0.014063
0 0.900000 0.704688 0.027778 0.009375
0 0.318750 0.651953 0.031944 0.024219
0 0.031250 0.584766 0.023611 0.014844
0 0.444444 0.444531 0.038889 0.009375
0 0.388194 0.217188 0.015278 0.007812
0 0.397222 0.227344 0.011111 0.007812
0 0.409722 0.225391 0.016667 0.011719
0 0.609722 0.511328 0.038889 0.014844
0 0.588194 0.757031 0.029167 0.012500
0 0.578472 0.821484 0.023611 0.025781
0 0.597917 0.831641 0.020833 0.013281
0 0.940278 0.619922 0.013889 0.022656
0 0.977778 0.518359 0.016667 0.011719
0 0.995833 0.625781 0.005556 0.007812
0 0.954167 0.546875 0.038889 0.015625
0 0.592361 0.605859 0.029167 0.019531