0 0.618750 0.157422 0.029167 0.027344
0 0.597222 0.197266 0.022222 0.019531
0 0.562500 0.252344 0.041667 0.026562
0 0.512500 0.264844 0.047222 0.029687
0 0.535417 0.300781 0.045833 0.018750
0 0.598611 0.281250 0.041667 0.015625
0 0.667361 0.286328 0.043056 0.021094
0 0.647222 0.256250 0.038889 0.018750
0 0.599306 0.260547 0.029167 0.016406
0 0.686111 0.273828 0.044444 0.025781
0 0.734028 0.300391 0.043056 0.022656
0 0.488194 0.327734 0.034722 0.024219
0 0.472917 0.321875 0.020833 0.015625
0 0.423611 0.360547 0.027778 0.013281
0 0.485417 0.343750 0.031944 0.010937
0 0.515972 0.357812 0.040278 0.023438
0 0.609722 0.374609 0.038889 0.024219
0 0.636806 0.368359 0.029167 0.019531
0 0.686806 0.369922 0.040278 0.024219
0 0.718750 0.349219 0.023611 0.021875
0 0.613889 0.304297 0.044444 0.024219
0 0.755556 0.349609 0.025000 0.017969
0 0.789583 0.358203 0.040278 0.019531
0 0.765972 0.370312 0.031944 0.015625
0 0.660417 0.394141 0.043056 0.014844
0 0.687500 0.403516 0.033333 0.021094
0 0.656944 0.408984 0.030556 0.027344
0 0.559722 0.408594 0.041667 0.028125
0 0.536806 0.381250 0.015278 0.010937
0 0.518056 0.376563 0.027778 0.017188
0 0.398611 0.441016 0.033333 0.019531
0 0.495139 0.448828 0.023611 0.016406
0 0.530556 0.472656 0.044444 0.021875
0 0.597222 0.430469 0.047222 0.028125
0 0.705556 0.421094 0.044444 0.023438
0 0.737500 0.408984 0.047222 0.021094
0 0.669444 0.426563 0.027778 0.009375
0 0.025694 0.480078 0.026389 0.013281
0 0.010417 0.362109 0.018056 0.017969
0 0.543056 0.491797 0.041667 0.016406
0 0.351389 0.503516 0.044444 0.024219
0 0.356944 0.450000 0.022222 0.009375
0 0.380556 0.518359 0.036111 0.017969
0 0.428472 0.517969 0.037500 0.020313
0 0.016667 0.638281 0.033333 0.026562
0 0.014583 0.544531 0.026389 0.015625
0 0.059722 0.682422 0.022222 0.013281
0 0.031250 0.730859 0.037500 0.024219
0 0.170139 0.679688 0.031944 0.020313
0 0.152778 0.722656 0.044444 0.025000
0 0.202083 0.699219 0.031944 0.023438
0 0.195139 0.633594 0.043056 0.031250
0 0.232639 0.625391 0.034722 0.025781
0 0.242361 0.655078 0.045833 0.027344
0 0.279861 0.648438 0.029167 0.010937
0 0.355556 0.649219 0.036111 0.010937
0 0.051389 0.783594 0.041667 0.029687
0 0.054167 0.844531 0.011111 0.014063
0 0.027778 0.891797 0.047222 0.030469
0 0.326389 0.839844 0.022222 0.021875
0 0.386111 0.763672 0.047222 0.022656
0 0.252778 0.731250 0.038889 0.020313
0 0.347917 0.699609 0.018056 0.017969
0 0.402778 0.721875 0.055556 0.025000
0 0.248611 0.689453 0.047222 0.016406
0 0.497917 0.684766 0.040278 0.024219
0 0.589583 0.739453 0.045833 0.021094
0 0.862500 0.804688 0.038889 0.017188
0 0.920833 0.710938 0.033333 0.021875
0 0.688194 0.701953 0.043056 0.019531
0 0.662500 0.701953 0.030556 0.013281
0 0.627778 0.718359 0.033333 0.011719
0 0.789583 0.629297 0.043056 0.024219
0 0.835417 0.568359 0.031944 0.021094
0 0.979861 0.525781 0.037500 0.020313
0 0.966667 0.602734 0.030556 0.011719
0 0.622222 0.510938 0.027778 0.012500
0 0.673611 0.488672 0.041667 0.027344
0 0.727083 0.495703 0.045833 0.022656
0 0.800000 0.464844 0.047222 0.020313