0 0.529167 0.200391 0.036111 0.027344
0 0.312500 0.355078 0.038889 0.019531
0 0.346528 0.360547 0.026389 0.016406
0 0.336111 0.430469 0.047222 0.029687
0 0.345833 0.458984 0.038889 0.019531
0 0.281250 0.546875 0.029167 0.021875
0 0.317361 0.546875 0.045833 0.015625
0 0.517361 0.455078 0.040278 0.022656
0 0.560417 0.437109 0.029167 0.011719
0 0.672917 0.396875 0.029167 0.021875
0 0.651389 0.411328 0.025000 0.013281
0 0.722222 0.430469 0.036111 0.026562
0 0.315278 0.603516 0.027778 0.014844
0 0.297917 0.656641 0.048611 0.025781
0 0.918056 0.562109 0.025000 0.008594
0 0.807639 0.670703 0.026389 0.016406
0 0.950000 0.661328 0.019444 0.011719
0 0.088889 0.537891 0.038889 0.022656
0 0.189583 0.444922 0.037500 0.016406
0 0.245139 0.446875 0.034722 0.023438
0 0.120833 0.537891 0.027778 0.030469
0 0.130556 0.498828 0.025000 0.024219
0 0.279167 0.619141 0.058333 0.022656
0 0.645139 0.677734 0.015278 0.019531
0 0.518750 0.736328 0.043056 0.013281
0 0.895139 0.669141 0.031944 0.017969
0 0.931250 0.655859 0.020833 0.014844
0 0.879861 0.633594 0.048611 0.012500
0 0.827083 0.622266 0.015278 0.010156
0 0.949306 0.681641 0.020833 0.017969
0 0.688889 0.614453 0.025000 0.022656
0 0.622222 0.400000 0.027778 0.021875