0 0.588889 0.185938 0.044444 0.023438
0 0.503472 0.207031 0.034722 0.026562
0 0.579167 0.263281 0.030556 0.023438
0 0.468056 0.274219 0.044444 0.021875
0 0.411806 0.312109 0.037500 0.025781
0 0.482639 0.311328 0.054167 0.027344
0 0.589583 0.314453 0.040278 0.025781
0 0.556944 0.340625 0.033333 0.018750
0 0.436806 0.346094 0.043056 0.023438
0 0.409028 0.376172 0.051389 0.022656
0 0.359028 0.392578 0.043056 0.030469
0 0.539583 0.399609 0.045833 0.030469
0 0.545139 0.425781 0.037500 0.023438
0 0.644444 0.439844 0.041667 0.025000
0 0.360417 0.451562 0.031944 0.018750
0 0.477083 0.453906 0.045833 0.025000
0 0.350000 0.475781 0.030556 0.018750
0 0.336111 0.486719 0.019444 0.012500
0 0.427778 0.482812 0.025000 0.017188
0 0.588194 0.472656 0.040278 0.023438
0 0.549306 0.482422 0.031944 0.017969
0 0.475000 0.519922 0.044444 0.019531
0 0.495139 0.561328 0.034722 0.019531
0 0.488194 0.538672 0.029167 0.013281
0 0.574306 0.615234 0.048611 0.021094
0 0.464583 0.709375 0.034722 0.009375
0 0.472917 0.727344 0.054167 0.031250
0 0.444444 0.744141 0.030556 0.025781
0 0.645139 0.825000 0.040278 0.028125
0 0.752083 0.526953 0.034722 0.022656
0 0.669444 0.539844 0.030556 0.017188
0 0.500000 0.361328 0.022222 0.014844
0 0.531250 0.221875 0.018056 0.017188
0 0.412500 0.487500 0.027778 0.012500
0 0.618056 0.503906 0.019444 0.018750
0 0.743056 0.564844 0.030556 0.020313
0 0.738889 0.543750 0.013889 0.015625
0 0.786806 0.518359 0.018056 0.014844
0 0.672222 0.595703 0.033333 0.016406
0 0.518750 0.598047 0.026389 0.014844
0 0.450000 0.675000 0.050000 0.028125
0 0.639583 0.757812 0.023611 0.018750
0 0.845139 0.620703 0.040278 0.025781
0 0.716667 0.619922 0.033333 0.013281
0 0.765278 0.631641 0.019444 0.016406
0 0.370139 0.574609 0.020833 0.014844
0 0.381250 0.405469 0.023611 0.017188