0 0.502778 0.154688 0.033333 0.023438
0 0.524306 0.137109 0.037500 0.019531
0 0.606944 0.136719 0.025000 0.014063
0 0.662500 0.276953 0.044444 0.022656
0 0.681250 0.294141 0.040278 0.017969
0 0.670833 0.344922 0.033333 0.025781
0 0.597917 0.435937 0.040278 0.020313
0 0.709028 0.443750 0.031944 0.010937
0 0.675694 0.439844 0.018056 0.007812
0 0.777778 0.464062 0.047222 0.028125
0 0.751389 0.494141 0.019444 0.021094
0 0.704167 0.469531 0.013889 0.007812
0 0.566667 0.511328 0.050000 0.028906
0 0.679167 0.511719 0.041667 0.025000
0 0.752083 0.542188 0.048611 0.026562
0 0.650000 0.526172 0.030556 0.019531
0 0.540278 0.522656 0.030556 0.015625
0 0.411111 0.542578 0.041667 0.027344
0 0.390972 0.609766 0.048611 0.028906
0 0.536806 0.620703 0.045833 0.025781
0 0.672222 0.629297 0.041667 0.021094
0 0.404861 0.579297 0.026389 0.022656
0 0.361806 0.521484 0.023611 0.019531
0 0.270139 0.451172 0.031944 0.021094
0 0.296528 0.465234 0.029167 0.019531
0 0.090278 0.504297 0.044444 0.025781