0 0.147917 0.129297 0.051389 0.028906
0 0.102778 0.115625 0.038889 0.023438
0 0.097917 0.142578 0.048611 0.028906
0 0.138889 0.142578 0.036111 0.021094
0 0.330556 0.194922 0.041667 0.021094
0 0.348611 0.260937 0.038889 0.023438
0 0.385417 0.270703 0.040278 0.021094
0 0.921528 0.187109 0.034722 0.022656
0 0.879167 0.274609 0.044444 0.028906
0 0.912500 0.278125 0.044444 0.023438
0 0.930556 0.300391 0.052778 0.032031
0 0.963194 0.269531 0.043056 0.026562
0 0.854861 0.351953 0.051389 0.025781
0 0.902778 0.369922 0.050000 0.022656
0 0.883333 0.417969 0.041667 0.017188
0 0.902083 0.482422 0.037500 0.017969
0 0.793056 0.429297 0.044444 0.019531
0 0.329861 0.487891 0.054167 0.027344
0 0.861806 0.491797 0.040278 0.021094
0 0.920833 0.501563 0.050000 0.021875
0 0.870833 0.582031 0.044444 0.026562
0 0.897917 0.520312 0.031944 0.021875
0 0.731250 0.646875 0.045833 0.023438
0 0.937500 0.426172 0.036111 0.022656
0 0.872222 0.435937 0.058333 0.023438
0 0.945833 0.187500 0.033333 0.034375
0 0.856250 0.232813 0.043056 0.025000
0 0.134028 0.178516 0.048611 0.027344
0 0.088889 0.711719 0.033333 0.028125
0 0.849306 0.529297 0.031944 0.019531
0 0.990278 0.268750 0.016667 0.028125