0 0.440278 0.011719 0.058333 0.021875
0 0.482639 0.007812 0.040278 0.014063
0 0.413194 0.031641 0.043056 0.033594
0 0.424306 0.065234 0.054167 0.025781
0 0.558333 0.026172 0.058333 0.041406
0 0.603472 0.037891 0.029167 0.027344
0 0.683333 0.027344 0.061111 0.040625
0 0.502083 0.097266 0.040278 0.027344
0 0.425000 0.111719 0.044444 0.025000
0 0.482639 0.149609 0.056944 0.028906
0 0.672917 0.111719 0.048611 0.031250
0 0.724306 0.175000 0.051389 0.025000
0 0.770833 0.179297 0.041667 0.024219
0 0.327778 0.187109 0.066667 0.039844
0 0.271528 0.192188 0.059722 0.040625
0 0.018750 0.209766 0.037500 0.036719
0 0.488194 0.186328 0.040278 0.019531
0 0.497917 0.218359 0.043056 0.021094
0 0.548611 0.240234 0.041667 0.022656
0 0.707639 0.208594 0.026389 0.023438
0 0.693750 0.266797 0.051389 0.025781
0 0.686111 0.297266 0.041667 0.025781
0 0.628472 0.300391 0.043056 0.035156
0 0.508333 0.289453 0.033333 0.014844
0 0.488194 0.262500 0.051389 0.028125
0 0.463194 0.289062 0.020833 0.018750
0 0.435417 0.300391 0.031944 0.019531
0 0.323611 0.329688 0.038889 0.040625
0 0.276389 0.334766 0.066667 0.039844
0 0.138889 0.280078 0.077778 0.038281
0 0.175000 0.301953 0.058333 0.021094
0 0.108333 0.309375 0.033333 0.025000
0 0.359028 0.411719 0.034722 0.023438
0 0.611111 0.362500 0.033333 0.017188
0 0.804861 0.481250 0.048611 0.026562
0 0.872917 0.386328 0.034722 0.014844
0 0.608333 0.478516 0.019444 0.014844
0 0.365972 0.523438 0.043056 0.029687
0 0.593750 0.580469 0.034722 0.021875
0 0.557639 0.561328 0.031944 0.021094
0 0.390278 0.310937 0.038889 0.018750
0 0.717361 0.516797 0.034722 0.021094
0 0.783333 0.487109 0.033333 0.024219
0 0.957639 0.468750 0.031944 0.018750
0 0.761111 0.320703 0.030556 0.021094
0 0.727083 0.320703 0.020833 0.021094