0 0.777083 0.212891 0.059722 0.032031
0 0.815278 0.201172 0.069444 0.035156
0 0.863194 0.240625 0.056944 0.025000
0 0.978472 0.223438 0.037500 0.026562
0 0.506944 0.317969 0.041667 0.028125
0 0.606944 0.332031 0.047222 0.023438
0 0.879167 0.273047 0.061111 0.025781
0 0.940278 0.296875 0.047222 0.028125
0 0.985417 0.284766 0.026389 0.024219
0 0.820833 0.312109 0.077778 0.036719
0 0.888889 0.356250 0.033333 0.023438
0 0.854167 0.351953 0.050000 0.035156
0 0.737500 0.355078 0.030556 0.016406
0 0.772917 0.419531 0.051389 0.035937
0 0.989583 0.363672 0.018056 0.024219
0 0.718750 0.435156 0.043056 0.026562
0 0.679861 0.467187 0.037500 0.028125
0 0.632639 0.471484 0.048611 0.025781
0 0.622917 0.492969 0.023611 0.020313
0 0.591667 0.500391 0.050000 0.022656
0 0.540278 0.498828 0.041667 0.032031
0 0.772222 0.519141 0.038889 0.021094
0 0.856944 0.467969 0.030556 0.021875
0 0.923611 0.480469 0.036111 0.025000
0 0.586111 0.552344 0.030556 0.026562
0 0.515278 0.569141 0.044444 0.027344
0 0.038889 0.591797 0.066667 0.025781
0 0.680556 0.776563 0.055556 0.028125
0 0.694444 0.826953 0.061111 0.033594
0 0.852778 0.609375 0.038889 0.031250
0 0.684028 0.276953 0.023611 0.017969
0 0.650000 0.334766 0.041667 0.011719
0 0.793750 0.362109 0.020833 0.024219
0 0.980556 0.127344 0.036111 0.028125
0 0.959028 0.379688 0.056944 0.021875
0 0.979861 0.427734 0.037500 0.016406
0 0.989583 0.398438 0.018056 0.029687
0 0.006250 0.530859 0.012500 0.025781
0 0.015972 0.577734 0.031944 0.019531
0 0.034028 0.707031 0.065278 0.037500
0 0.017361 0.673828 0.012500 0.021094
0 0.440972 0.727344 0.056944 0.032813
0 0.509722 0.771484 0.033333 0.030469
0 0.556250 0.720703 0.018056 0.010156
0 0.525694 0.859375 0.051389 0.029687
0 0.962500 0.821875 0.050000 0.028125
0 0.972222 0.785156 0.047222 0.025000
0 0.895139 0.741016 0.015278 0.007031
0 0.891667 0.782031 0.047222 0.021875
0 0.969444 0.621875 0.058333 0.031250