0 0.534722 0.120703 0.041667 0.032031
0 0.572222 0.122266 0.061111 0.036719
0 0.585417 0.144141 0.034722 0.013281
0 0.536806 0.216016 0.062500 0.036719
0 0.502778 0.225391 0.041667 0.032031
0 0.436806 0.318750 0.059722 0.025000
0 0.621528 0.361719 0.062500 0.031250
0 0.559028 0.391406 0.054167 0.035937
0 0.402083 0.476953 0.048611 0.021094
0 0.565972 0.428516 0.023611 0.010156
0 0.570139 0.459375 0.040278 0.025000
0 0.590972 0.475000 0.023611 0.021875
0 0.618056 0.482031 0.041667 0.021875
0 0.647222 0.469922 0.038889 0.019531
0 0.690278 0.483594 0.050000 0.035937
0 0.731944 0.460156 0.038889 0.017188
0 0.339583 0.511328 0.051389 0.033594
0 0.325694 0.538672 0.051389 0.025781
0 0.393750 0.546875 0.040278 0.028125
0 0.393750 0.576172 0.056944 0.030469
0 0.321528 0.562891 0.056944 0.027344
0 0.320833 0.585547 0.063889 0.021094
0 0.856944 0.569922 0.055556 0.030469
0 0.622222 0.611719 0.025000 0.010937
0 0.465278 0.673828 0.061111 0.025781
0 0.422222 0.698828 0.055556 0.033594
0 0.398611 0.679297 0.047222 0.022656
0 0.362500 0.671094 0.044444 0.031250
0 0.313194 0.650391 0.029167 0.017969
0 0.361806 0.759766 0.059722 0.035156
0 0.368056 0.886328 0.030556 0.036719
0 0.422222 0.889844 0.058333 0.037500
0 0.555556 0.818750 0.041667 0.018750
0 0.745139 0.822266 0.034722 0.014844
0 0.410417 0.359375 0.059722 0.025000
0 0.479167 0.583203 0.030556 0.017969
0 0.701389 0.673828 0.058333 0.033594
0 0.548611 0.850391 0.019444 0.019531
0 0.419444 0.948828 0.047222 0.038281
0 0.239583 0.911719 0.048611 0.031250
0 0.136806 0.875781 0.051389 0.029687