0 0.411806 0.110156 0.034722 0.017188
0 0.502083 0.121484 0.048611 0.030469
0 0.543056 0.125391 0.022222 0.010156
0 0.554167 0.132422 0.019444 0.011719
0 0.464583 0.137891 0.054167 0.033594
0 0.463194 0.167969 0.051389 0.029687
0 0.530556 0.183984 0.033333 0.027344
0 0.545833 0.199609 0.058333 0.033594
0 0.607639 0.247266 0.054167 0.028906
0 0.559722 0.247266 0.044444 0.025781
0 0.480556 0.225391 0.016667 0.014844
0 0.580556 0.282422 0.052778 0.032031
0 0.543750 0.315234 0.048611 0.024219
0 0.671528 0.326172 0.029167 0.022656
0 0.637500 0.328125 0.047222 0.018750
0 0.580556 0.330469 0.052778 0.023438
0 0.495833 0.334375 0.033333 0.021875
0 0.413889 0.280078 0.033333 0.027344
0 0.417361 0.255859 0.023611 0.025781
0 0.606944 0.374219 0.050000 0.032813
0 0.675000 0.388672 0.038889 0.017969
0 0.671528 0.430469 0.059722 0.025000
0 0.638889 0.419141 0.050000 0.019531
0 0.594444 0.404297 0.030556 0.016406
0 0.568056 0.454688 0.058333 0.031250
0 0.614583 0.504687 0.054167 0.026562
0 0.519444 0.493750 0.027778 0.017188
0 0.464583 0.491797 0.054167 0.027344
0 0.235417 0.475781 0.065278 0.031250
0 0.331944 0.498828 0.044444 0.024219
0 0.380556 0.501172 0.030556 0.024219
0 0.528472 0.536719 0.043056 0.031250
0 0.592361 0.556641 0.023611 0.016406
0 0.263194 0.525000 0.045833 0.023438
0 0.222222 0.533984 0.027778 0.017969
0 0.413194 0.598437 0.037500 0.021875
0 0.509722 0.600000 0.036111 0.028125
0 0.358333 0.547266 0.027778 0.024219
0 0.025694 0.596094 0.045833 0.028125
0 0.393750 0.637109 0.051389 0.022656
0 0.475000 0.695703 0.027778 0.019531
0 0.397222 0.694531 0.044444 0.025000
0 0.709028 0.657031 0.043056 0.026562
0 0.743056 0.656641 0.025000 0.024219
0 0.060417 0.643359 0.056944 0.024219
0 0.096528 0.645703 0.031944 0.014844
0 0.500694 0.720703 0.037500 0.021094
0 0.321528 0.769141 0.048611 0.024219
0 0.418750 0.750000 0.040278 0.031250
0 0.126389 0.735938 0.025000 0.021875
0 0.157639 0.740234 0.034722 0.014844
0 0.447222 0.892578 0.027778 0.028906
0 0.473611 0.894531 0.041667 0.026562
0 0.200000 0.671484 0.036111 0.021094
0 0.062500 0.753906 0.030556 0.018750
0 0.421528 0.194141 0.015278 0.021094
0 0.345833 0.476953 0.027778 0.016406
0 0.926389 0.584766 0.047222 0.019531
0 0.547917 0.827344 0.020833 0.014063
0 0.230556 0.855469 0.033333 0.023438
0 0.326389 0.550781 0.030556 0.021875