0 0.070139 0.038672 0.043056 0.021094
0 0.060417 0.062891 0.029167 0.021094
0 0.076389 0.083203 0.033333 0.019531
0 0.115278 0.083984 0.036111 0.021094
0 0.124306 0.048828 0.037500 0.022656
0 0.108333 0.011328 0.036111 0.016406
0 0.175000 0.042188 0.038889 0.023438
0 0.186111 0.009375 0.030556 0.017188
0 0.224306 0.007422 0.037500 0.011719
0 0.322222 0.083984 0.088889 0.055469
0 0.282639 0.130469 0.081944 0.048438
0 0.142361 0.139063 0.073611 0.046875
0 0.146528 0.174609 0.070833 0.036719
0 0.061111 0.230469 0.077778 0.046875
0 0.012500 0.233594 0.022222 0.039062
0 0.277778 0.164844 0.080556 0.037500
0 0.327778 0.174219 0.047222 0.023438
0 0.380556 0.212109 0.044444 0.030469
0 0.456250 0.214062 0.043056 0.029687
0 0.416667 0.217188 0.038889 0.025000
0 0.433333 0.236719 0.038889 0.026562
0 0.476389 0.237109 0.036111 0.025781
0 0.247222 0.250000 0.030556 0.012500
0 0.387500 0.248047 0.041667 0.025781
0 0.363889 0.239844 0.033333 0.018750
0 0.411806 0.263281 0.045833 0.025000
0 0.315972 0.287891 0.045833 0.028906
0 0.106250 0.322266 0.059722 0.036719
0 0.181250 0.314063 0.045833 0.023438
0 0.215972 0.321094 0.023611 0.017188
0 0.245139 0.323437 0.040278 0.021875
0 0.354167 0.325781 0.041667 0.020313
0 0.524306 0.294141 0.054167 0.033594
0 0.562500 0.262500 0.030556 0.009375
0 0.454861 0.385156 0.059722 0.026562
0 0.591667 0.337891 0.066667 0.032031
0 0.590972 0.299609 0.056944 0.036719
0 0.638194 0.314453 0.045833 0.033594
0 0.652778 0.286328 0.055556 0.032031
0 0.657639 0.264844 0.031944 0.025000
0 0.610417 0.262500 0.037500 0.028125
0 0.683333 0.236328 0.052778 0.032031
0 0.777083 0.276953 0.054167 0.035156
0 0.729861 0.301172 0.056944 0.032031
0 0.694444 0.339062 0.055556 0.029687
0 0.600694 0.380469 0.037500 0.021875
0 0.640278 0.383203 0.036111 0.024219
0 0.709028 0.392578 0.048611 0.022656
0 0.734722 0.376563 0.038889 0.015625
0 0.739583 0.358203 0.037500 0.016406
0 0.793750 0.306641 0.037500 0.025781
0 0.869444 0.275000 0.030556 0.018750
0 0.903472 0.248438 0.037500 0.014063
0 0.931250 0.273047 0.054167 0.032031
0 0.840278 0.316016 0.052778 0.030469
0 0.913194 0.333203 0.031944 0.021094
0 0.952083 0.337891 0.034722 0.017969
0 0.933333 0.386328 0.038889 0.022656
0 0.978472 0.423047 0.040278 0.022656
0 0.331944 0.455859 0.052778 0.028906
0 0.142361 0.441797 0.054167 0.021094
0 0.018750 0.409766 0.034722 0.013281
0 0.143750 0.496875 0.037500 0.020313
0 0.388194 0.472266 0.048611 0.027344
0 0.418056 0.472656 0.022222 0.026562
0 0.490278 0.476953 0.025000 0.019531
0 0.419444 0.503125 0.041667 0.020313
0 0.525694 0.478906 0.034722 0.015625
0 0.567361 0.472656 0.037500 0.020313
0 0.948611 0.505859 0.044444 0.024219
0 0.913194 0.530859 0.023611 0.011719
0 0.561111 0.535156 0.025000 0.012500
0 0.550000 0.584766 0.038889 0.017969
0 0.384722 0.582031 0.041667 0.020313
0 0.129167 0.608594 0.027778 0.017188
0 0.186111 0.572266 0.036111 0.017969
0 0.021528 0.572656 0.037500 0.021875
0 0.168056 0.500000 0.025000 0.017188
0 0.020139 0.601172 0.040278 0.022656
0 0.102778 0.607812 0.030556 0.023438
0 0.968750 0.560547 0.048611 0.024219
0 0.984722 0.796094 0.027778 0.026562
0 0.965972 0.813281 0.043056 0.026562
0 0.945833 0.837891 0.050000 0.035156
0 0.929167 0.861328 0.050000 0.024219
0 0.976389 0.691797 0.030556 0.007031
0 0.985417 0.740625 0.012500 0.009375