0 0.038194 0.465234 0.026389 0.017969
0 0.008333 0.503906 0.013889 0.015625
0 0.229861 0.335156 0.029167 0.017188
0 0.187500 0.351953 0.027778 0.013281
0 0.220833 0.358203 0.027778 0.014844
0 0.107639 0.381250 0.020833 0.010937
0 0.124306 0.336328 0.018056 0.010156
0 0.152778 0.314063 0.025000 0.012500
0 0.170833 0.334766 0.022222 0.013281
0 0.029861 0.226562 0.031944 0.020313
0 0.121528 0.239063 0.023611 0.014063
0 0.100694 0.274219 0.023611 0.009375
0 0.207639 0.301172 0.015278 0.010156
0 0.432639 0.417969 0.015278 0.009375
0 0.452778 0.384375 0.016667 0.009375
0 0.015278 0.509375 0.027778 0.018750
0 0.015278 0.445703 0.011111 0.017969
0 0.254167 0.410547 0.025000 0.013281
0 0.297222 0.457031 0.022222 0.018750
0 0.312500 0.357031 0.025000 0.009375