0 0.264583 0.516406 0.009722 0.006250
0 0.189583 0.578125 0.026389 0.009375
0 0.039583 0.632031 0.031944 0.009375
0 0.211111 0.622656 0.025000 0.006250
0 0.307639 0.609766 0.012500 0.013281
0 0.363194 0.630078 0.018056 0.013281
0 0.161111 0.692187 0.011111 0.010937
0 0.349306 0.660156 0.026389 0.020313
0 0.478472 0.631250 0.026389 0.017188
0 0.546528 0.605078 0.026389 0.017969
0 0.584028 0.590234 0.009722 0.010156
0 0.458333 0.575781 0.019444 0.014063
0 0.493750 0.536328 0.018056 0.011719
0 0.484028 0.513281 0.029167 0.017188
0 0.513194 0.511328 0.015278 0.003906
0 0.574306 0.483594 0.009722 0.004687
0 0.495139 0.486719 0.015278 0.009375
0 0.812500 0.612109 0.016667 0.005469
0 0.831944 0.622266 0.027778 0.014844
0 0.786806 0.614453 0.009722 0.007031
0 0.784028 0.646094 0.018056 0.010937
0 0.809028 0.650781 0.018056 0.006250
0 0.846528 0.639062 0.012500 0.009375
0 0.921528 0.659375 0.015278 0.009375
0 0.970139 0.685547 0.012500 0.010156
0 0.894444 0.553516 0.013889 0.011719
0 0.596528 0.424219 0.015278 0.012500
0 0.565278 0.383984 0.013889 0.005469
0 0.615972 0.360938 0.018056 0.012500
0 0.681944 0.365625 0.033333 0.017188
0 0.755556 0.355078 0.027778 0.013281
0 0.871528 0.349609 0.015278 0.010156
0 0.496528 0.364063 0.023611 0.017188
0 0.527083 0.319531 0.020833 0.014063
0 0.901389 0.311328 0.016667 0.007031
0 0.863194 0.219922 0.012500 0.008594
0 0.804861 0.215625 0.015278 0.017188
0 0.820833 0.242969 0.013889 0.010937
0 0.789583 0.244922 0.026389 0.014844
0 0.783333 0.189844 0.025000 0.014063
0 0.764583 0.227734 0.026389 0.014844
0 0.720833 0.169531 0.013889 0.007812
0 0.692361 0.176172 0.018056 0.019531
0 0.659028 0.153125 0.023611 0.012500
0 0.670833 0.202734 0.011111 0.011719
0 0.706250 0.214453 0.029167 0.014844
0 0.673611 0.218750 0.011111 0.012500
0 0.618056 0.226562 0.022222 0.018750
0 0.604861 0.208984 0.012500 0.008594
0 0.591667 0.225000 0.022222 0.015625
0 0.723611 0.253516 0.008333 0.008594
0 0.413889 0.334375 0.022222 0.017188
0 0.376389 0.342578 0.022222 0.011719
0 0.398611 0.348438 0.027778 0.014063
0 0.378472 0.325000 0.026389 0.018750
0 0.582639 0.322656 0.020833 0.010937
0 0.599306 0.317188 0.018056 0.014063
0 0.540278 0.410156 0.027778 0.018750
0 0.625000 0.421875 0.022222 0.012500
0 0.674306 0.383984 0.023611 0.017969
0 0.668056 0.423828 0.019444 0.010156
0 0.472222 0.477344 0.027778 0.012500
0 0.054167 0.659766 0.041667 0.025781
0 0.286806 0.666016 0.020833 0.013281
0 0.301389 0.669922 0.016667 0.011719
0 0.136111 0.655859 0.016667 0.017969
0 0.525000 0.593750 0.030556 0.012500
0 0.466667 0.557813 0.022222 0.012500
0 0.805556 0.531641 0.044444 0.017969
0 0.716667 0.547656 0.033333 0.020313
0 0.779167 0.560937 0.022222 0.014063
0 0.982639 0.591016 0.023611 0.014844
0 0.906944 0.685156 0.027778 0.017188
0 0.928472 0.683203 0.018056 0.016406
0 0.927778 0.691016 0.027778 0.010156
0 0.839583 0.705859 0.020833 0.014844