0 0.827083 0.130078 0.034722 0.030469
0 0.861806 0.180469 0.031944 0.020313
0 0.806944 0.248047 0.044444 0.030469
0 0.839583 0.291016 0.051389 0.025781
0 0.752083 0.292969 0.045833 0.021875
0 0.817361 0.319531 0.037500 0.007812
0 0.986806 0.387109 0.023611 0.022656
0 0.988194 0.450391 0.018056 0.027344
0 0.934722 0.414453 0.022222 0.011719
0 0.786806 0.426953 0.023611 0.013281
0 0.892361 0.444141 0.043056 0.019531
0 0.754861 0.491797 0.051389 0.022656
0 0.685417 0.511719 0.054167 0.028125
0 0.638194 0.530859 0.051389 0.027344
0 0.723611 0.586719 0.044444 0.031250
0 0.687500 0.614453 0.044444 0.028906
0 0.858333 0.636719 0.052778 0.031250
0 0.641667 0.650000 0.041667 0.021875
0 0.611111 0.667578 0.044444 0.027344
0 0.710417 0.730078 0.031944 0.021094
0 0.845139 0.719141 0.051389 0.025781
0 0.774306 0.248047 0.040278 0.025781
0 0.984722 0.797656 0.027778 0.032813
0 0.971528 0.830078 0.051389 0.030469
0 0.644444 0.798438 0.077778 0.040625
0 0.006944 0.218359 0.008333 0.014844
0 0.095833 0.346484 0.041667 0.024219
0 0.068056 0.337891 0.027778 0.019531
0 0.048611 0.487109 0.055556 0.033594
0 0.245833 0.494922 0.047222 0.017969
0 0.187500 0.514844 0.019444 0.020313
0 0.019444 0.558594 0.036111 0.031250
0 0.110417 0.581250 0.045833 0.023438
0 0.152778 0.567187 0.038889 0.025000
0 0.036111 0.614453 0.038889 0.027344
0 0.195139 0.611328 0.020833 0.017969
0 0.098611 0.608203 0.033333 0.016406
0 0.058333 0.749609 0.055556 0.028906
0 0.020833 0.749219 0.022222 0.015625
0 0.005556 0.717969 0.008333 0.014063
0 0.111806 0.692969 0.051389 0.017188
0 0.231250 0.673047 0.040278 0.022656
0 0.777083 0.692187 0.054167 0.021875
0 0.975000 0.701562 0.041667 0.029687
0 0.891667 0.300391 0.041667 0.017969
0 0.128472 0.772656 0.034722 0.021875
0 0.027083 0.863281 0.043056 0.037500
0 0.111111 0.817187 0.033333 0.029687
0 0.393750 0.816016 0.054167 0.024219
0 0.565972 0.595313 0.026389 0.023438
0 0.784028 0.551172 0.043056 0.028906
0 0.971528 0.563672 0.054167 0.033594
0 0.889583 0.409766 0.031944 0.021094
0 0.878472 0.389844 0.031944 0.017188
0 0.881250 0.210547 0.040278 0.024219
0 0.709722 0.603125 0.041667 0.025000