0 0.561806 0.154688 0.034722 0.021875
0 0.586806 0.138672 0.040278 0.021094
0 0.671528 0.138281 0.020833 0.014063
0 0.729861 0.281641 0.037500 0.022656
0 0.739583 0.295312 0.048611 0.021875
0 0.720139 0.342578 0.034722 0.014844
0 0.637500 0.437109 0.030556 0.017969
0 0.751389 0.448437 0.036111 0.015625
0 0.837500 0.466406 0.041667 0.026562
0 0.784722 0.500781 0.030556 0.015625
0 0.717361 0.513281 0.048611 0.021875
0 0.686806 0.526563 0.034722 0.020313
0 0.790278 0.543750 0.050000 0.025000
0 0.607639 0.508594 0.051389 0.026562
0 0.581944 0.517578 0.030556 0.017969
0 0.567361 0.616406 0.043056 0.026562
0 0.696528 0.630469 0.043056 0.021875
0 0.420833 0.602344 0.044444 0.025000
0 0.430556 0.570703 0.027778 0.021094
0 0.456944 0.532422 0.025000 0.025781
0 0.829861 0.370312 0.023611 0.009375
0 0.316667 0.441797 0.036111 0.021094
0 0.340972 0.454297 0.023611 0.013281
0 0.129167 0.488672 0.041667 0.024219
0 0.011111 0.432812 0.019444 0.014063