0 0.084722 0.465234 0.052778 0.027344
0 0.058333 0.453125 0.047222 0.018750
0 0.017361 0.455859 0.031944 0.033594
0 0.120833 0.478516 0.033333 0.021094
0 0.118750 0.508594 0.048611 0.023438
0 0.115278 0.602344 0.044444 0.025000
0 0.213194 0.607812 0.045833 0.023438
0 0.038889 0.608594 0.052778 0.025000
0 0.125694 0.622656 0.029167 0.021875
0 0.083333 0.647266 0.047222 0.021094
0 0.167361 0.709766 0.034722 0.022656
0 0.222222 0.767188 0.047222 0.031250
0 0.276389 0.762891 0.041667 0.025781
0 0.851389 0.730859 0.025000 0.016406
0 0.922917 0.686719 0.029167 0.014063
0 0.861806 0.627344 0.040278 0.028125
0 0.845139 0.585547 0.054167 0.027344
0 0.745139 0.566016 0.045833 0.017969
0 0.653472 0.602344 0.029167 0.025000
0 0.722222 0.621484 0.036111 0.022656
0 0.770833 0.614844 0.019444 0.010937
0 0.811111 0.607422 0.025000 0.014844
0 0.722222 0.590234 0.027778 0.016406
0 0.815972 0.446484 0.040278 0.025781
0 0.886806 0.475391 0.054167 0.024219
0 0.818056 0.480859 0.041667 0.021094
0 0.780556 0.512109 0.041667 0.025781
0 0.810417 0.510547 0.029167 0.007031
0 0.893750 0.546875 0.020833 0.023438