0 0.014583 0.038672 0.029167 0.019531
0 0.043750 0.045703 0.051389 0.022656
0 0.166667 0.023828 0.025000 0.021094
0 0.182639 0.073438 0.051389 0.035937
0 0.059028 0.150781 0.029167 0.017188
0 0.181944 0.147266 0.052778 0.028906
0 0.013194 0.201563 0.020833 0.015625
0 0.030556 0.267969 0.036111 0.023438
0 0.063889 0.264844 0.044444 0.032813
0 0.093056 0.210156 0.047222 0.026562
0 0.127778 0.219141 0.016667 0.019531
0 0.263194 0.223438 0.056944 0.028125
0 0.212500 0.265625 0.061111 0.029687
0 0.343750 0.269141 0.043056 0.024219
0 0.392361 0.281641 0.031944 0.011719
0 0.261111 0.323828 0.027778 0.011719
0 0.240972 0.341797 0.029167 0.011719
0 0.121528 0.603516 0.026389 0.014844
0 0.090972 0.540625 0.026389 0.018750
0 0.011111 0.641797 0.022222 0.016406
0 0.129861 0.684766 0.054167 0.022656
0 0.323611 0.596484 0.044444 0.021094
0 0.329167 0.638672 0.058333 0.030469
0 0.278472 0.742969 0.048611 0.032813
0 0.347222 0.751953 0.055556 0.033594
0 0.397917 0.664062 0.051389 0.031250
0 0.386806 0.686328 0.043056 0.017969
0 0.448611 0.682813 0.058333 0.026562
0 0.414583 0.704297 0.040278 0.032031
0 0.590278 0.703125 0.041667 0.023438
0 0.615278 0.663672 0.052778 0.030469
0 0.750694 0.580859 0.040278 0.021094
0 0.827083 0.476953 0.015278 0.027344
0 0.962500 0.523438 0.063889 0.028125
0 0.911806 0.552734 0.043056 0.028906
0 0.302083 0.137891 0.048611 0.028906
0 0.279167 0.177344 0.036111 0.015625
0 0.349306 0.147266 0.054167 0.033594
0 0.343750 0.096875 0.059722 0.034375
0 0.384722 0.081641 0.041667 0.016406
0 0.450000 0.150000 0.036111 0.021875
0 0.393750 0.190234 0.026389 0.011719
0 0.409028 0.205859 0.031944 0.014844
0 0.419444 0.011719 0.033333 0.015625
0 0.465278 0.025000 0.041667 0.028125
0 0.441667 0.037500 0.025000 0.017188
0 0.499306 0.031250 0.018056 0.018750
0 0.566667 0.076172 0.033333 0.019531
0 0.592361 0.008203 0.037500 0.014844
0 0.574306 0.039062 0.045833 0.031250
0 0.618750 0.047266 0.048611 0.027344
0 0.590972 0.063672 0.040278 0.017969
0 0.654861 0.070312 0.034722 0.018750
0 0.616667 0.089453 0.030556 0.019531
0 0.604167 0.127344 0.030556 0.017188
0 0.518750 0.141406 0.031944 0.015625
0 0.523611 0.161719 0.027778 0.017188
0 0.548611 0.166016 0.033333 0.019531
0 0.588889 0.151562 0.036111 0.020313
0 0.672222 0.173828 0.038889 0.014844
0 0.605556 0.247656 0.027778 0.020313
0 0.753472 0.009766 0.037500 0.019531
0 0.813194 0.042969 0.031944 0.026562
0 0.845139 0.055469 0.023611 0.018750
0 0.854861 0.030859 0.020833 0.014844
0 0.990278 0.042578 0.016667 0.021094
0 0.786806 0.073828 0.034722 0.021094
0 0.779861 0.105078 0.031944 0.019531
0 0.966667 0.125391 0.038889 0.024219
0 0.796528 0.175391 0.056944 0.030469
0 0.950694 0.169531 0.051389 0.032813
0 0.880556 0.178125 0.038889 0.020313
0 0.937500 0.197656 0.058333 0.029687
0 0.904167 0.210156 0.019444 0.023438
0 0.877083 0.206641 0.029167 0.010156
0 0.844444 0.241016 0.041667 0.024219
0 0.894444 0.247656 0.030556 0.014063
0 0.756250 0.418359 0.031944 0.014844
0 0.643750 0.337109 0.040278 0.017969
0 0.670139 0.311328 0.043056 0.028906
0 0.728472 0.291406 0.056944 0.031250
0 0.754861 0.314844 0.051389 0.028125
0 0.798611 0.336719 0.027778 0.026562
0 0.830556 0.370703 0.033333 0.014844
0 0.985417 0.222266 0.023611 0.019531
0 0.287500 0.710547 0.052778 0.027344
0 0.990278 0.544922 0.016667 0.008594
0 0.025694 0.098437 0.023611 0.014063
0 0.508333 0.068359 0.033333 0.014844
0 0.626389 0.019141 0.025000 0.021094
0 0.833333 0.123438 0.025000 0.018750
0 0.555556 0.185547 0.033333 0.016406
0 0.625694 0.153125 0.034722 0.018750
0 0.011806 0.242578 0.020833 0.010156