0 0.498611 0.101172 0.058333 0.033594
0 0.456944 0.096094 0.047222 0.031250
0 0.491667 0.120703 0.058333 0.021094
0 0.454167 0.189453 0.061111 0.039844
0 0.421528 0.195312 0.054167 0.037500
0 0.340972 0.283203 0.048611 0.022656
0 0.531944 0.337500 0.052778 0.035937
0 0.319444 0.323828 0.061111 0.030469
0 0.474306 0.359375 0.062500 0.035937
0 0.316667 0.444141 0.055556 0.030469
0 0.481250 0.403125 0.043056 0.026562
0 0.479861 0.428125 0.043056 0.021875
0 0.525000 0.448828 0.041667 0.027344
0 0.584028 0.450000 0.048611 0.031250
0 0.627083 0.433203 0.054167 0.024219
0 0.552778 0.440234 0.030556 0.016406
0 0.731250 0.532422 0.048611 0.028906
0 0.240278 0.497656 0.050000 0.025000
0 0.370139 0.542578 0.045833 0.025781
0 0.299306 0.507031 0.051389 0.031250
0 0.315972 0.467578 0.029167 0.014844
0 0.252083 0.470703 0.059722 0.030469
0 0.236806 0.521484 0.056944 0.027344
0 0.239583 0.546875 0.059722 0.029687
0 0.275694 0.625391 0.059722 0.036719
0 0.353472 0.630469 0.059722 0.028125
0 0.344444 0.680078 0.050000 0.027344
0 0.304861 0.652734 0.054167 0.030469
0 0.223611 0.617969 0.041667 0.026562
0 0.354167 0.825391 0.061111 0.039844
0 0.300694 0.822656 0.054167 0.046875
0 0.141667 0.849219 0.077778 0.034375
0 0.109722 0.824609 0.061111 0.027344
0 0.356250 0.871484 0.043056 0.025781
0 0.184722 0.874609 0.063889 0.027344
0 0.334722 0.889453 0.041667 0.024219
0 0.236111 0.932813 0.052778 0.020313
0 0.250000 0.710547 0.058333 0.038281
0 0.598611 0.763281 0.041667 0.020313
0 0.620139 0.695703 0.031944 0.024219
0 0.032639 0.821875 0.048611 0.031250
0 0.109028 0.941406 0.045833 0.023438
0 0.289583 0.719141 0.029167 0.017969