0 0.176389 0.150391 0.050000 0.024219
0 0.186806 0.164062 0.034722 0.014063
0 0.225000 0.150781 0.044444 0.026562
0 0.252083 0.138281 0.031944 0.017188
0 0.318750 0.147266 0.029167 0.017969
0 0.338889 0.151953 0.041667 0.021094
0 0.350000 0.184375 0.050000 0.028125
0 0.405556 0.183203 0.058333 0.033594
0 0.268056 0.248438 0.027778 0.028125
0 0.322222 0.264062 0.047222 0.029687
0 0.404861 0.226562 0.015278 0.015625
0 0.368056 0.264453 0.041667 0.033594
0 0.350694 0.225781 0.015278 0.021875
0 0.206944 0.327734 0.038889 0.021094
0 0.261111 0.312891 0.036111 0.019531
0 0.329861 0.318359 0.031944 0.017969
0 0.395139 0.311719 0.029167 0.018750
0 0.515972 0.288281 0.048611 0.031250
0 0.434028 0.320312 0.020833 0.023438
0 0.475000 0.379688 0.047222 0.028125
0 0.897222 0.309766 0.027778 0.022656
0 0.890972 0.255469 0.045833 0.028125
0 0.445833 0.372656 0.022222 0.023438
0 0.419444 0.383984 0.047222 0.030469
0 0.375694 0.340234 0.054167 0.033594
0 0.209722 0.351172 0.044444 0.025781
0 0.161806 0.357031 0.056944 0.023438
0 0.479167 0.392188 0.041667 0.014063
0 0.367361 0.424219 0.037500 0.020313
0 0.443056 0.428125 0.016667 0.009375
0 0.468056 0.433594 0.016667 0.009375
0 0.851389 0.463281 0.055556 0.023438
0 0.498611 0.510938 0.052778 0.034375
0 0.112500 0.394922 0.066667 0.032031
0 0.145139 0.372266 0.051389 0.024219
0 0.205556 0.383984 0.022222 0.017969
0 0.222222 0.400000 0.038889 0.020313
0 0.172222 0.407031 0.030556 0.026562
0 0.124306 0.419531 0.043056 0.023438
0 0.130556 0.439063 0.033333 0.017188
0 0.161111 0.434375 0.044444 0.023438
0 0.200694 0.414453 0.045833 0.027344
0 0.327778 0.475000 0.038889 0.020313
0 0.284028 0.516406 0.045833 0.021875
0 0.332639 0.490625 0.029167 0.015625
0 0.415972 0.496875 0.029167 0.021875
0 0.422222 0.465234 0.036111 0.022656
0 0.497222 0.468750 0.013889 0.017188
0 0.438194 0.497266 0.023611 0.017969
0 0.370139 0.520312 0.029167 0.018750
0 0.385417 0.539844 0.051389 0.029687
0 0.510417 0.544141 0.037500 0.019531
0 0.538889 0.588672 0.052778 0.028906
0 0.475000 0.732422 0.027778 0.016406
0 0.493056 0.760156 0.033333 0.018750
0 0.479861 0.776563 0.031944 0.023438
0 0.747917 0.593750 0.043056 0.014063