0 0.679167 0.016406 0.047222 0.031250
0 0.627083 0.017578 0.062500 0.035156
0 0.576389 0.027344 0.061111 0.042188
0 0.493750 0.049609 0.056944 0.033594
0 0.518750 0.068359 0.026389 0.030469
0 0.424306 0.097656 0.031944 0.031250
0 0.363194 0.091797 0.056944 0.028906
0 0.431944 0.136719 0.044444 0.026562
0 0.472222 0.128516 0.044444 0.017969
0 0.813889 0.120313 0.058333 0.026562
0 0.877083 0.143750 0.051389 0.028125
0 0.142361 0.284375 0.040278 0.012500
0 0.174306 0.309375 0.048611 0.028125
0 0.117361 0.325781 0.043056 0.037500
0 0.325000 0.367578 0.077778 0.025781
0 0.386111 0.362500 0.016667 0.018750
0 0.535417 0.421094 0.070833 0.035937
0 0.800694 0.403906 0.056944 0.031250
0 0.736111 0.386719 0.033333 0.029687
0 0.711806 0.435156 0.090278 0.029687
0 0.615972 0.456250 0.081944 0.034375
0 0.639583 0.485156 0.040278 0.020313
0 0.572222 0.496875 0.055556 0.035937
0 0.346528 0.535547 0.034722 0.016406
0 0.502083 0.549609 0.054167 0.021094
0 0.511111 0.567578 0.044444 0.022656
0 0.813889 0.640234 0.047222 0.025781
0 0.636111 0.526953 0.019444 0.022656
0 0.254861 0.519141 0.037500 0.016406
0 0.332639 0.471484 0.020833 0.014844
0 0.329861 0.200781 0.029167 0.017188
0 0.309722 0.420312 0.052778 0.021875
0 0.720139 0.297656 0.023611 0.029687
0 0.019444 0.334375 0.038889 0.023438
0 0.063194 0.416016 0.051389 0.025781
0 0.017361 0.431641 0.031944 0.024219
0 0.531250 0.475391 0.031944 0.013281
0 0.085417 0.589063 0.034722 0.023438
0 0.850694 0.635547 0.026389 0.017969
0 0.411806 0.419141 0.037500 0.024219