0 0.309028 0.200781 0.026389 0.017188
0 0.332639 0.249609 0.037500 0.019531
0 0.362500 0.282422 0.041667 0.019531
0 0.289583 0.317188 0.051389 0.028125
0 0.260417 0.319922 0.023611 0.024219
0 0.342361 0.359375 0.043056 0.025000
0 0.252778 0.361719 0.050000 0.020313
0 0.463889 0.460156 0.050000 0.026562
0 0.478472 0.523047 0.054167 0.030469
0 0.384722 0.509375 0.036111 0.023438
0 0.265278 0.562500 0.033333 0.025000
0 0.256944 0.486328 0.019444 0.017969
0 0.155556 0.581250 0.055556 0.023438
0 0.163889 0.600391 0.050000 0.019531
0 0.212500 0.653906 0.047222 0.026562
0 0.213889 0.676172 0.036111 0.017969
0 0.174306 0.683984 0.043056 0.025781
0 0.290972 0.710156 0.051389 0.034375
0 0.131250 0.722656 0.043056 0.023438
0 0.089583 0.741016 0.054167 0.028906
0 0.189583 0.804297 0.051389 0.024219
0 0.059028 0.877734 0.062500 0.038281
0 0.654167 0.819141 0.041667 0.022656
0 0.667361 0.786719 0.040278 0.031250
0 0.722917 0.813672 0.034722 0.017969
0 0.624306 0.768750 0.029167 0.028125
0 0.611806 0.812500 0.023611 0.020313
0 0.475694 0.778125 0.037500 0.015625
0 0.434028 0.628516 0.034722 0.032031
0 0.537500 0.612891 0.041667 0.021094
0 0.601389 0.562500 0.041667 0.028125
0 0.672222 0.586719 0.041667 0.026562
0 0.887500 0.981250 0.063889 0.034375
0 0.310417 0.479687 0.040278 0.026562
0 0.557639 0.496484 0.023611 0.021094
0 0.276389 0.793750 0.033333 0.023438
0 0.456250 0.874609 0.045833 0.033594
0 0.455556 0.908594 0.050000 0.035937
0 0.979167 0.920703 0.038889 0.016406
0 0.962500 0.694141 0.033333 0.011719
0 0.918750 0.738281 0.023611 0.012500
0 0.990278 0.660156 0.013889 0.018750
0 0.427778 0.481641 0.022222 0.011719
0 0.990278 0.463672 0.016667 0.011719