0 0.213194 0.208984 0.065278 0.033594
0 0.270139 0.216797 0.051389 0.035156
0 0.316667 0.236328 0.033333 0.017969
0 0.293750 0.337891 0.076389 0.025781
0 0.454167 0.398828 0.052778 0.025781
0 0.533333 0.425000 0.058333 0.025000
0 0.472222 0.438281 0.052778 0.031250
0 0.581944 0.498437 0.047222 0.029687
0 0.752083 0.689844 0.059722 0.035937
0 0.745833 0.781641 0.052778 0.033594
0 0.534028 0.462500 0.034722 0.025000
0 0.556944 0.450391 0.036111 0.019531
0 0.493056 0.452734 0.033333 0.022656
0 0.452083 0.445703 0.034722 0.021094
0 0.511806 0.473438 0.043056 0.021875
0 0.700000 0.725781 0.063889 0.032813