0 0.513194 0.305078 0.051389 0.027344
0 0.651389 0.270313 0.047222 0.034375
0 0.653472 0.239453 0.045833 0.019531
0 0.701389 0.240234 0.058333 0.027344
0 0.712500 0.270313 0.038889 0.026562
0 0.724306 0.255078 0.020833 0.013281
0 0.535417 0.337109 0.051389 0.035156
0 0.693750 0.338672 0.048611 0.025781
0 0.548611 0.372656 0.036111 0.031250
0 0.456250 0.363672 0.056944 0.024219
0 0.504167 0.398047 0.058333 0.027344
0 0.607639 0.417578 0.054167 0.024219
0 0.736806 0.439063 0.051389 0.029687
0 0.775694 0.446875 0.054167 0.028125
0 0.597222 0.550781 0.052778 0.025000
0 0.640278 0.553906 0.044444 0.025000
0 0.400000 0.560937 0.061111 0.028125
0 0.372917 0.577344 0.037500 0.021875
0 0.429861 0.603125 0.034722 0.026562
0 0.475694 0.609375 0.015278 0.021875
0 0.412500 0.634766 0.047222 0.022656
0 0.456250 0.642969 0.048611 0.021875
0 0.294444 0.639453 0.055556 0.017969
0 0.347222 0.605859 0.038889 0.014844
0 0.586111 0.610938 0.041667 0.021875
0 0.606944 0.627734 0.061111 0.033594
0 0.620833 0.647656 0.041667 0.018750
0 0.697917 0.637500 0.043056 0.026562
0 0.747222 0.647656 0.050000 0.029687
0 0.709722 0.659375 0.038889 0.018750
0 0.678472 0.689453 0.040278 0.022656
0 0.734722 0.692578 0.019444 0.016406
0 0.536806 0.696875 0.054167 0.029687
0 0.649306 0.713672 0.034722 0.010156
0 0.490972 0.735156 0.048611 0.028125
0 0.472222 0.754687 0.025000 0.021875
0 0.495833 0.753125 0.030556 0.018750
0 0.400694 0.822266 0.054167 0.027344
0 0.134028 0.935547 0.037500 0.027344
0 0.612500 0.783984 0.069444 0.028906
0 0.670139 0.773828 0.056944 0.033594
0 0.667361 0.800000 0.043056 0.021875
0 0.746528 0.914062 0.056944 0.035937
0 0.153472 0.799219 0.031944 0.020313
0 0.793750 0.977344 0.062500 0.037500
0 0.043750 0.828906 0.037500 0.026562
0 0.127778 0.832812 0.016667 0.014063
0 0.047917 0.882031 0.034722 0.028125
0 0.054861 0.905469 0.045833 0.020313
0 0.131944 0.982422 0.038889 0.022656
0 0.014583 0.764844 0.029167 0.025000
0 0.015278 0.711719 0.027778 0.025000
0 0.502083 0.639453 0.015278 0.014844