0 0.832639 0.068359 0.104167 0.067969
0 0.918056 0.075781 0.080556 0.068750
0 0.681944 0.035156 0.044444 0.023438
0 0.636111 0.005078 0.033333 0.010156
0 0.559722 0.019141 0.058333 0.036719
0 0.412500 0.005469 0.061111 0.009375
0 0.402778 0.019531 0.058333 0.025000
0 0.451389 0.058203 0.061111 0.032031
0 0.601389 0.080469 0.061111 0.037500
0 0.555556 0.101953 0.038889 0.033594
0 0.452778 0.084766 0.041667 0.022656
0 0.406944 0.087109 0.025000 0.027344
0 0.296528 0.058984 0.040278 0.014844
0 0.231944 0.050391 0.052778 0.033594
0 0.188194 0.069141 0.031944 0.014844
0 0.227083 0.092578 0.051389 0.032031
0 0.028472 0.092969 0.056944 0.042188
0 0.032639 0.186719 0.054167 0.034375
0 0.035417 0.133984 0.034722 0.019531
0 0.104861 0.235937 0.062500 0.037500
0 0.054861 0.242969 0.056944 0.037500
0 0.193056 0.216016 0.069444 0.041406
0 0.284722 0.166406 0.058333 0.031250
0 0.321528 0.125781 0.040278 0.023438
0 0.363889 0.086719 0.058333 0.032813
0 0.624306 0.118359 0.056944 0.038281
0 0.670139 0.205078 0.037500 0.016406
0 0.740278 0.207422 0.036111 0.025781
0 0.890278 0.300391 0.088889 0.050781
0 0.554861 0.273828 0.076389 0.046094
0 0.424306 0.232031 0.073611 0.035937
0 0.388889 0.151953 0.038889 0.024219
0 0.348611 0.171094 0.069444 0.034375
0 0.334722 0.242188 0.066667 0.039062
0 0.195833 0.251563 0.050000 0.028125
0 0.143750 0.269531 0.034722 0.021875
0 0.263194 0.286719 0.048611 0.031250
0 0.487500 0.296875 0.075000 0.040625
0 0.434722 0.289453 0.038889 0.024219
0 0.609028 0.333594 0.087500 0.051562
0 0.554861 0.330859 0.026389 0.013281
0 0.797917 0.314844 0.056944 0.018750
0 0.801389 0.229297 0.036111 0.027344
0 0.942361 0.333203 0.051389 0.025781
0 0.980556 0.336719 0.036111 0.028125
0 0.714583 0.362109 0.076389 0.046094
0 0.735417 0.405078 0.065278 0.041406
0 0.561111 0.377734 0.066667 0.047656
0 0.527083 0.520703 0.065278 0.036719
0 0.639583 0.477344 0.056944 0.031250
0 0.643056 0.435547 0.061111 0.027344
0 0.834722 0.463281 0.066667 0.034375
0 0.878472 0.530078 0.051389 0.028906
0 0.918750 0.537109 0.056944 0.027344
0 0.821528 0.548438 0.043056 0.023438
0 0.690972 0.528906 0.048611 0.029687
0 0.755556 0.518359 0.030556 0.022656
0 0.669444 0.547656 0.058333 0.029687
0 0.686111 0.594922 0.033333 0.022656
0 0.493056 0.652734 0.047222 0.028906
0 0.437500 0.658203 0.055556 0.038281
0 0.388889 0.585938 0.055556 0.025000
0 0.447917 0.530859 0.045833 0.021094
0 0.550000 0.465234 0.033333 0.010156
0 0.411806 0.425781 0.043056 0.018750
0 0.485417 0.856250 0.056944 0.039062
0 0.534722 0.848047 0.055556 0.035156
0 0.193750 0.775781 0.056944 0.034375
0 0.093750 0.807813 0.051389 0.034375
0 0.039583 0.809766 0.076389 0.050781
0 0.071528 0.529297 0.045833 0.024219
0 0.188194 0.306250 0.043056 0.028125
0 0.086806 0.095703 0.045833 0.024219
0 0.135417 0.113281 0.018056 0.015625
0 0.245139 0.216406 0.023611 0.018750