0 0.075694 0.677344 0.054167 0.018750
0 0.036111 0.724219 0.069444 0.021875
0 0.397222 0.639844 0.025000 0.015625
0 0.422222 0.641406 0.022222 0.015625
0 0.428472 0.623828 0.040278 0.017969
0 0.512500 0.649219 0.041667 0.018750
0 0.502083 0.590234 0.043056 0.016406
0 0.581250 0.575781 0.037500 0.025000
0 0.571528 0.452344 0.043056 0.026562
0 0.548611 0.462109 0.044444 0.021094
0 0.629167 0.437891 0.019444 0.011719
0 0.673611 0.439844 0.019444 0.015625
0 0.605556 0.505078 0.019444 0.017969
0 0.672222 0.540234 0.030556 0.022656
0 0.718750 0.524219 0.029167 0.015625
0 0.736111 0.524609 0.019444 0.014844
0 0.709028 0.560547 0.045833 0.021094
0 0.609028 0.577344 0.023611 0.012500
0 0.589583 0.600000 0.040278 0.021875
0 0.595833 0.618359 0.033333 0.014844
0 0.661806 0.623437 0.037500 0.023438
0 0.696528 0.617188 0.048611 0.026562
0 0.785417 0.647656 0.045833 0.012500
0 0.690278 0.642578 0.036111 0.021094
0 0.393056 0.658594 0.038889 0.023438
0 0.375694 0.663281 0.031944 0.017188
0 0.013889 0.696875 0.025000 0.028125