0 0.534722 0.214062 0.061111 0.031250
0 0.715278 0.236328 0.061111 0.027344
0 0.718750 0.193750 0.048611 0.028125
0 0.679167 0.191797 0.036111 0.027344
0 0.516667 0.285547 0.066667 0.036719
0 0.465972 0.299219 0.065278 0.034375
0 0.020139 0.274219 0.029167 0.037500
0 0.009722 0.316406 0.016667 0.029687
0 0.020833 0.384375 0.038889 0.023438
0 0.066667 0.466406 0.052778 0.028125
0 0.030556 0.523047 0.044444 0.030469
0 0.158333 0.575391 0.052778 0.028906
0 0.184722 0.584375 0.052778 0.028125
0 0.965972 0.724609 0.054167 0.032031
0 0.981250 0.658594 0.031944 0.034375
0 0.980556 0.749219 0.027778 0.037500
0 0.893750 0.533594 0.056944 0.032813