0 0.050000 0.724219 0.069444 0.021875
0 0.433333 0.640625 0.025000 0.015625
0 0.456944 0.644531 0.022222 0.015625
0 0.460417 0.626953 0.040278 0.017969
0 0.540278 0.653906 0.041667 0.018750
0 0.532639 0.594922 0.043056 0.016406
0 0.611806 0.582031 0.037500 0.025000
0 0.602083 0.457813 0.043056 0.026562
0 0.572917 0.466016 0.040278 0.021094
0 0.655556 0.439453 0.019444 0.011719
0 0.701389 0.446875 0.019444 0.015625
0 0.636111 0.509766 0.019444 0.017969
0 0.698611 0.545703 0.030556 0.021094
0 0.745833 0.529687 0.027778 0.015625
0 0.762500 0.529297 0.019444 0.014844
0 0.738194 0.567578 0.045833 0.021094
0 0.643750 0.584375 0.023611 0.012500
0 0.618750 0.607812 0.040278 0.021875
0 0.625000 0.625391 0.033333 0.014844
0 0.692361 0.629687 0.037500 0.023438
0 0.725694 0.623437 0.048611 0.026562
0 0.815972 0.655469 0.045833 0.012500
0 0.715278 0.649609 0.036111 0.021094
0 0.409028 0.668750 0.031944 0.018750
0 0.429167 0.656641 0.036111 0.016406
0 0.106944 0.675391 0.025000 0.017969
0 0.022222 0.696094 0.041667 0.031250