0 0.495833 0.407813 0.025000 0.017188
0 0.526389 0.404687 0.036111 0.018750
0 0.465972 0.460938 0.051389 0.026562
0 0.446528 0.478125 0.040278 0.017188
0 0.475000 0.539844 0.019444 0.012500
0 0.558333 0.526953 0.044444 0.027344
0 0.586806 0.514453 0.045833 0.024219
0 0.636806 0.592969 0.054167 0.026562
0 0.494444 0.601172 0.061111 0.024219
0 0.554167 0.623437 0.052778 0.025000
0 0.184722 0.696875 0.044444 0.029687
0 0.245833 0.713281 0.044444 0.026562
0 0.422222 0.648047 0.041667 0.017969
0 0.511111 0.666406 0.025000 0.014063
0 0.485417 0.725781 0.034722 0.025000
0 0.616667 0.641797 0.044444 0.022656
0 0.698611 0.649609 0.044444 0.033594
0 0.727778 0.675000 0.050000 0.021875
0 0.752083 0.630078 0.048611 0.017969
0 0.508333 0.429297 0.025000 0.019531
0 0.567361 0.448437 0.037500 0.025000
0 0.086111 0.562500 0.030556 0.025000
0 0.068750 0.514844 0.031944 0.023438
0 0.028472 0.223047 0.054167 0.033594
0 0.506944 0.480859 0.038889 0.017969
0 0.563889 0.488672 0.041667 0.025781
0 0.031944 0.517969 0.052778 0.032813
0 0.024306 0.735156 0.045833 0.031250
0 0.439583 0.721875 0.020833 0.020313
0 0.982639 0.642578 0.012500 0.011719
0 0.984722 0.612109 0.027778 0.019531
0 0.990278 0.626563 0.016667 0.010937