0 0.365972 0.198437 0.031944 0.014063
0 0.395139 0.252734 0.045833 0.022656
0 0.427778 0.283984 0.036111 0.022656
0 0.354167 0.323828 0.050000 0.028906
0 0.327083 0.326172 0.034722 0.021094
0 0.404167 0.364063 0.050000 0.025000
0 0.313194 0.365234 0.054167 0.028906
0 0.558333 0.466406 0.050000 0.028125
0 0.454861 0.374219 0.034722 0.017188
0 0.597222 0.532422 0.055556 0.030469
0 0.691667 0.567187 0.044444 0.026562
0 0.372222 0.491797 0.050000 0.021094
0 0.217361 0.600000 0.059722 0.026562
0 0.461111 0.520703 0.038889 0.021094
0 0.293750 0.674219 0.043056 0.028125
0 0.391667 0.731250 0.052778 0.034375
0 0.294444 0.696484 0.044444 0.017969
0 0.259028 0.710547 0.051389 0.028906
0 0.525000 0.644922 0.041667 0.028906
0 0.400694 0.391016 0.020833 0.013281
0 0.329167 0.576562 0.025000 0.025000
0 0.232639 0.619922 0.051389 0.024219
0 0.175000 0.772656 0.055556 0.029687
0 0.220833 0.750000 0.041667 0.023438
0 0.277778 0.833984 0.047222 0.027344
0 0.163194 0.916406 0.076389 0.039062
0 0.570139 0.900781 0.054167 0.034375
0 0.563194 0.936328 0.054167 0.033594
0 0.365278 0.826562 0.011111 0.014063
0 0.768056 0.837891 0.050000 0.024219
0 0.720139 0.829688 0.040278 0.025000
0 0.727083 0.784375 0.048611 0.020313
0 0.840278 0.828906 0.030556 0.023438
0 0.759722 0.590234 0.038889 0.025781
0 0.620139 0.624609 0.034722 0.024219
0 0.578472 0.801562 0.048611 0.020313
0 0.690972 0.784375 0.023611 0.018750
0 0.475694 0.865234 0.006944 0.011719
0 0.627778 0.830078 0.044444 0.019531
0 0.343056 0.527344 0.022222 0.017188
0 0.318056 0.498828 0.027778 0.017969
0 0.423611 0.537891 0.027778 0.013281
0 0.500000 0.490625 0.019444 0.010937
0 0.460417 0.345703 0.015278 0.014844
0 0.494444 0.357812 0.019444 0.012500
0 0.521528 0.349609 0.023611 0.014844
0 0.651389 0.548047 0.036111 0.017969
0 0.538889 0.534766 0.038889 0.017969
0 0.507639 0.530078 0.029167 0.013281
0 0.465278 0.487891 0.030556 0.013281
0 0.455556 0.466797 0.027778 0.013281
0 0.165278 0.881641 0.033333 0.016406
0 0.695833 0.595313 0.052778 0.017188
0 0.559028 0.515234 0.054167 0.024219