0 0.167361 0.733203 0.034722 0.025781
0 0.079167 0.598437 0.033333 0.018750
0 0.012500 0.585938 0.022222 0.018750
0 0.008333 0.565234 0.016667 0.024219
0 0.606944 0.550000 0.044444 0.018750
0 0.125000 0.501172 0.041667 0.021094
0 0.090972 0.512500 0.037500 0.018750
0 0.115972 0.458594 0.034722 0.020313
0 0.028472 0.444922 0.051389 0.024219
0 0.104167 0.422266 0.033333 0.021094
0 0.056944 0.427734 0.036111 0.014844
0 0.027778 0.397266 0.052778 0.019531
0 0.036111 0.375781 0.033333 0.014063
0 0.106944 0.323437 0.036111 0.023438
0 0.021528 0.280078 0.026389 0.022656
0 0.631944 0.329688 0.038889 0.026562
0 0.591667 0.321484 0.038889 0.025781
0 0.579167 0.253125 0.027778 0.020313
0 0.460417 0.188281 0.048611 0.031250
0 0.392361 0.206250 0.043056 0.025000
0 0.434722 0.205078 0.041667 0.019531
0 0.447917 0.230859 0.037500 0.008594
0 0.102778 0.441797 0.061111 0.024219
0 0.415972 0.178125 0.029167 0.020313
0 0.388889 0.174219 0.025000 0.009375
0 0.084028 0.409766 0.034722 0.016406
0 0.129861 0.746094 0.020833 0.017188
0 0.177778 0.827734 0.041667 0.030469
0 0.343056 0.790625 0.041667 0.028125