0 0.364583 0.576953 0.045833 0.027344
0 0.366667 0.602734 0.044444 0.024219
0 0.320833 0.603125 0.044444 0.020313
0 0.960417 0.052344 0.051389 0.034375
0 0.938194 0.159766 0.056944 0.032031
0 0.908333 0.183203 0.052778 0.028906
0 0.856250 0.180078 0.048611 0.022656
0 0.865972 0.206250 0.051389 0.032813
0 0.939583 0.203516 0.043056 0.027344
0 0.903472 0.207031 0.029167 0.018750
0 0.922222 0.258203 0.055556 0.032031
0 0.880556 0.270313 0.050000 0.026562
0 0.835417 0.253906 0.045833 0.025000
0 0.890278 0.237500 0.047222 0.025000
0 0.809028 0.280859 0.045833 0.022656
0 0.804167 0.657422 0.050000 0.033594
0 0.844444 0.685547 0.063889 0.033594
0 0.828472 0.662500 0.040278 0.026562
0 0.926389 0.387109 0.058333 0.028906
0 0.861806 0.414062 0.051389 0.021875
0 0.844444 0.389062 0.033333 0.015625
0 0.797222 0.525391 0.044444 0.025781
0 0.749306 0.521484 0.040278 0.030469
0 0.686806 0.353125 0.040278 0.021875
0 0.824306 0.450000 0.040278 0.026562
0 0.885417 0.005859 0.048611 0.010156
0 0.765972 0.324609 0.034722 0.019531
0 0.651389 0.693750 0.047222 0.020313
0 0.678472 0.688672 0.026389 0.019531
0 0.987500 0.434766 0.022222 0.035156