0 0.623611 0.085156 0.047222 0.025000
0 0.781944 0.037500 0.041667 0.020313
0 0.786806 0.015234 0.048611 0.028906
0 0.818750 0.007031 0.029167 0.014063
0 0.828472 0.126953 0.062500 0.033594
0 0.753472 0.156250 0.056944 0.032813
0 0.834028 0.164844 0.065278 0.032813
0 0.854167 0.203516 0.044444 0.022656
0 0.783333 0.203516 0.052778 0.033594
0 0.740278 0.216406 0.044444 0.025000
0 0.065278 0.325391 0.052778 0.033594
0 0.016667 0.417187 0.030556 0.029687
0 0.062500 0.419531 0.047222 0.020313
0 0.590972 0.264453 0.062500 0.027344
0 0.593750 0.294141 0.062500 0.035156
0 0.653472 0.308984 0.048611 0.039844
0 0.737500 0.310156 0.047222 0.028125
0 0.854861 0.312891 0.037500 0.010156
0 0.940278 0.292969 0.055556 0.034375
0 0.559028 0.347656 0.056944 0.026562
0 0.637500 0.370312 0.047222 0.028125
0 0.672222 0.368750 0.022222 0.020313
0 0.720833 0.344531 0.030556 0.025000
0 0.645833 0.395313 0.044444 0.020313
0 0.435417 0.502344 0.043056 0.020313
0 0.117361 0.499219 0.043056 0.026562
0 0.040972 0.479297 0.045833 0.030469
0 0.022222 0.463672 0.041667 0.017969
0 0.065278 0.546094 0.086111 0.040625
0 0.100000 0.579688 0.025000 0.017188
0 0.098611 0.626953 0.063889 0.032031
0 0.672917 0.487500 0.045833 0.020313
0 0.772917 0.484766 0.062500 0.035156
0 0.846528 0.473047 0.051389 0.022656
0 0.969444 0.509766 0.055556 0.032031
0 0.888889 0.534766 0.013889 0.019531
0 0.685417 0.539062 0.079167 0.034375
0 0.897222 0.573047 0.036111 0.011719
0 0.931250 0.591016 0.031944 0.021094
0 0.545833 0.743750 0.097222 0.060937
0 0.686806 0.773438 0.070833 0.035937
0 0.492361 0.783203 0.054167 0.032031
0 0.009028 0.526953 0.018056 0.027344