0 0.587500 0.154297 0.058333 0.033594
0 0.578472 0.183203 0.051389 0.028906
0 0.502083 0.251563 0.056944 0.035937
0 0.515972 0.206250 0.031944 0.025000
0 0.609722 0.218750 0.058333 0.034375
0 0.572222 0.211719 0.016667 0.015625
0 0.665278 0.277734 0.052778 0.033594
0 0.629167 0.280469 0.041667 0.028125
0 0.228472 0.403125 0.059722 0.029687
0 0.298611 0.385547 0.061111 0.032031
0 0.484722 0.309375 0.058333 0.028125
0 0.506944 0.287500 0.047222 0.021875
0 0.534722 0.319531 0.063889 0.034375
0 0.589583 0.317969 0.037500 0.025000
0 0.567361 0.337109 0.054167 0.025781
0 0.641667 0.353125 0.058333 0.025000
0 0.743056 0.377734 0.058333 0.027344
0 0.625694 0.401562 0.054167 0.029687
0 0.661111 0.424609 0.061111 0.027344
0 0.706944 0.436719 0.047222 0.034375
0 0.754861 0.406250 0.059722 0.026562
0 0.643056 0.436719 0.033333 0.015625
0 0.528472 0.569141 0.068056 0.032031
0 0.537500 0.545312 0.033333 0.012500
0 0.594444 0.524609 0.058333 0.032031
0 0.686806 0.512109 0.045833 0.028906
0 0.637500 0.544141 0.055556 0.030469
0 0.787500 0.512891 0.058333 0.025781
0 0.265278 0.664062 0.033333 0.026562
0 0.018750 0.628906 0.026389 0.017188
0 0.836806 0.567578 0.034722 0.014844
0 0.861806 0.574219 0.034722 0.007812
0 0.663889 0.614844 0.058333 0.028125
0 0.289583 0.735547 0.062500 0.025781
0 0.455556 0.663672 0.058333 0.024219
0 0.547222 0.680469 0.061111 0.035937
0 0.551389 0.752734 0.038889 0.021094
0 0.676389 0.715625 0.036111 0.023438
0 0.633333 0.650000 0.050000 0.023438
0 0.354861 0.816797 0.051389 0.028906
0 0.102083 0.821094 0.048611 0.025000
0 0.065278 0.975781 0.055556 0.026562
0 0.109028 0.955859 0.048611 0.025781
0 0.561111 0.928516 0.036111 0.024219
0 0.616667 0.916797 0.047222 0.022656
0 0.188889 0.823828 0.036111 0.024219
0 0.920833 0.758984 0.038889 0.024219