0 0.555556 0.106641 0.052778 0.042969
0 0.409028 0.188281 0.040278 0.025000
0 0.427778 0.191797 0.036111 0.024219
0 0.606944 0.215625 0.050000 0.029687
0 0.636111 0.249219 0.038889 0.020313
0 0.656944 0.281641 0.050000 0.022656
0 0.468056 0.309766 0.038889 0.019531
0 0.756944 0.250000 0.038889 0.023438
0 0.727083 0.251953 0.026389 0.021094
0 0.686111 0.246875 0.027778 0.015625
0 0.519444 0.264062 0.033333 0.023438
0 0.490972 0.283984 0.026389 0.017969
0 0.447222 0.319922 0.030556 0.016406
0 0.233333 0.320312 0.033333 0.018750
0 0.229167 0.336328 0.041667 0.019531
0 0.439583 0.305078 0.023611 0.013281
0 0.481944 0.260937 0.022222 0.012500
0 0.685417 0.417578 0.031944 0.016406
0 0.413889 0.401562 0.030556 0.023438
0 0.887500 0.475781 0.038889 0.018750
0 0.570833 0.529297 0.038889 0.019531
0 0.500694 0.571094 0.059722 0.026562
0 0.447222 0.584375 0.041667 0.039062
0 0.529861 0.593750 0.059722 0.034375
0 0.731944 0.614453 0.055556 0.032031
0 0.890278 0.492969 0.036111 0.015625
0 0.452778 0.287500 0.027778 0.015625
0 0.969444 0.330859 0.044444 0.016406
0 0.575000 0.219922 0.025000 0.021094
0 0.471528 0.269141 0.029167 0.011719
0 0.677083 0.398828 0.029167 0.008594
0 0.575694 0.512500 0.043056 0.023438
0 0.986806 0.527344 0.023611 0.026562
0 0.932639 0.696875 0.040278 0.014063
0 0.920833 0.719141 0.033333 0.016406