0 0.143750 0.412500 0.020833 0.010937
0 0.172222 0.415625 0.027778 0.014063
0 0.188194 0.400781 0.020833 0.017188
0 0.231944 0.392578 0.019444 0.008594
0 0.275694 0.432812 0.026389 0.017188
0 0.329167 0.384375 0.027778 0.014063
0 0.184722 0.379688 0.022222 0.003125
0 0.392361 0.426563 0.015278 0.010937
0 0.377778 0.447656 0.019444 0.009375
0 0.352778 0.474609 0.013889 0.011719
0 0.259722 0.562500 0.008333 0.009375
0 0.360417 0.587500 0.009722 0.012500
0 0.416667 0.629687 0.022222 0.017188
0 0.332639 0.626953 0.012500 0.016406
0 0.303472 0.600781 0.015278 0.009375
0 0.318750 0.613281 0.009722 0.007812
0 0.455556 0.432422 0.036111 0.022656
0 0.611806 0.478125 0.020833 0.012500
0 0.743750 0.453516 0.015278 0.010156
0 0.772917 0.460938 0.012500 0.007812
0 0.761806 0.485938 0.012500 0.006250
0 0.675694 0.379688 0.020833 0.017188
0 0.658333 0.360547 0.016667 0.013281
0 0.687500 0.464062 0.008333 0.009375
0 0.597222 0.579297 0.013889 0.010156
0 0.462500 0.575000 0.008333 0.009375
0 0.640972 0.632422 0.023611 0.011719
0 0.677083 0.632031 0.026389 0.015625
0 0.406944 0.347266 0.008333 0.008594
0 0.415278 0.384766 0.011111 0.008594
0 0.418056 0.291016 0.025000 0.016406
0 0.391667 0.289062 0.022222 0.015625
0 0.404167 0.273047 0.011111 0.007031
0 0.466667 0.268359 0.019444 0.010156
0 0.470139 0.283203 0.012500 0.011719
0 0.497222 0.278516 0.027778 0.016406
0 0.560417 0.253516 0.020833 0.011719
0 0.446528 0.216406 0.026389 0.010937
0 0.550694 0.289453 0.023611 0.014844
0 0.575694 0.308984 0.026389 0.016406
0 0.607639 0.307031 0.020833 0.010937
0 0.635417 0.282031 0.015278 0.010937
0 0.588889 0.282422 0.011111 0.011719
0 0.575000 0.275781 0.013889 0.014063
0 0.547917 0.336328 0.012500 0.010156
0 0.484722 0.406250 0.011111 0.009375
0 0.790972 0.667188 0.020833 0.014063
0 0.840278 0.692969 0.025000 0.015625
0 0.543056 0.610547 0.025000 0.016406
0 0.581944 0.576172 0.022222 0.005469
0 0.480556 0.630859 0.027778 0.007031
0 0.555556 0.650391 0.011111 0.017969
0 0.813194 0.642969 0.009722 0.006250
0 0.637500 0.694922 0.022222 0.003906
0 0.590972 0.693750 0.020833 0.006250
0 0.602778 0.705859 0.027778 0.016406
0 0.561111 0.731641 0.019444 0.013281
0 0.581250 0.737500 0.020833 0.010937
0 0.617361 0.725781 0.015278 0.015625
0 0.718750 0.741797 0.023611 0.011719
0 0.651389 0.739062 0.016667 0.012500
0 0.705556 0.767969 0.013889 0.014063
0 0.720139 0.770703 0.026389 0.019531
0 0.767361 0.771875 0.015278 0.015625
0 0.681944 0.715234 0.008333 0.007031
0 0.672222 0.777344 0.027778 0.014063
0 0.588889 0.421875 0.008333 0.007812
0 0.058333 0.723047 0.030556 0.016406
0 0.036806 0.754687 0.029167 0.021875
0 0.012500 0.702344 0.016667 0.007812
0 0.168750 0.446875 0.009722 0.009375
0 0.279167 0.400000 0.027778 0.012500
0 0.638194 0.370312 0.031944 0.010937
0 0.583333 0.482422 0.036111 0.014844
0 0.664583 0.472266 0.031944 0.017969
0 0.313889 0.498437 0.027778 0.010937
0 0.343750 0.489453 0.023611 0.013281
0 0.484028 0.298438 0.018056 0.017188
0 0.509722 0.211719 0.019444 0.009375
0 0.225000 0.682031 0.036111 0.014063
0 0.288889 0.673047 0.025000 0.019531
0 0.247222 0.694922 0.027778 0.011719
0 0.337500 0.706250 0.033333 0.023438
0 0.755556 0.805078 0.022222 0.021094
0 0.814583 0.814453 0.031944 0.022656
0 0.509722 0.642969 0.038889 0.023438