0 0.443056 0.018359 0.055556 0.032031
0 0.404861 0.023438 0.056944 0.039062
0 0.388194 0.051953 0.040278 0.030469
0 0.388889 0.107813 0.058333 0.034375
0 0.447917 0.111719 0.048611 0.026562
0 0.509028 0.095703 0.040278 0.028906
0 0.509722 0.151172 0.055556 0.028906
0 0.441667 0.154297 0.044444 0.033594
0 0.492361 0.167969 0.026389 0.035937
0 0.433333 0.169531 0.044444 0.025000
0 0.384722 0.169531 0.055556 0.025000
0 0.395833 0.200391 0.041667 0.022656
0 0.688194 0.231250 0.059722 0.028125
0 0.740972 0.245312 0.045833 0.023438
0 0.361111 0.283594 0.036111 0.023438
0 0.254167 0.243359 0.030556 0.014844
0 0.420139 0.343750 0.043056 0.025000
0 0.223611 0.405469 0.027778 0.012500
0 0.033333 0.414062 0.052778 0.023438
0 0.049306 0.435156 0.056944 0.031250
0 0.192361 0.478125 0.043056 0.023438
0 0.305556 0.519922 0.055556 0.032031
0 0.535417 0.504687 0.059722 0.026562
0 0.492361 0.496094 0.045833 0.015625
0 0.454861 0.535547 0.043056 0.024219
0 0.342361 0.555078 0.045833 0.032031
0 0.362500 0.577344 0.050000 0.025000
0 0.315278 0.588281 0.055556 0.042188
0 0.228472 0.579297 0.029167 0.019531
0 0.654167 0.539062 0.038889 0.018750
0 0.693056 0.573047 0.030556 0.016406
0 0.567361 0.414453 0.037500 0.032031
0 0.700000 0.491016 0.044444 0.016406
0 0.082639 0.683594 0.043056 0.021875
0 0.434722 0.652734 0.036111 0.017969
0 0.672917 0.746094 0.054167 0.035937
0 0.840278 0.804297 0.055556 0.033594
0 0.380556 0.003516 0.030556 0.007031
0 0.324306 0.243750 0.020833 0.028125
0 0.412500 0.280859 0.047222 0.039844
0 0.011111 0.458594 0.016667 0.010937
0 0.714583 0.452344 0.034722 0.018750
0 0.982639 0.644922 0.031944 0.028906