0 0.102083 0.632422 0.054167 0.025781
0 0.228472 0.668750 0.054167 0.018750
0 0.197222 0.716406 0.069444 0.021875
0 0.547222 0.637500 0.022222 0.015625
0 0.560417 0.621484 0.040278 0.017969
0 0.644444 0.646875 0.041667 0.018750
0 0.640972 0.587891 0.043056 0.016406
0 0.716667 0.572656 0.038889 0.025000
0 0.713194 0.450000 0.043056 0.026562
0 0.687500 0.460547 0.044444 0.021094
0 0.770833 0.433984 0.019444 0.011719
0 0.816667 0.439063 0.019444 0.015625
0 0.750000 0.501953 0.019444 0.017969
0 0.822222 0.537109 0.030556 0.022656
0 0.875694 0.521094 0.029167 0.015625
0 0.854861 0.556641 0.045833 0.021094
0 0.752083 0.575781 0.023611 0.012500
0 0.724306 0.596094 0.040278 0.021875
0 0.733333 0.616797 0.033333 0.014844
0 0.813889 0.622656 0.038889 0.023438
0 0.846528 0.614062 0.048611 0.026562
0 0.837500 0.641797 0.036111 0.021094
0 0.925000 0.648828 0.038889 0.016406
0 0.519444 0.633203 0.030556 0.013281
0 0.527778 0.656250 0.022222 0.018750
0 0.502083 0.658984 0.026389 0.013281
0 0.158333 0.690234 0.050000 0.032031
0 0.127778 0.678516 0.016667 0.011719
0 0.081250 0.686328 0.043056 0.025781
0 0.031944 0.664062 0.044444 0.029687
0 0.009722 0.668359 0.019444 0.028906
0 0.034028 0.548438 0.054167 0.026562
0 0.022222 0.563281 0.041667 0.023438
0 0.047917 0.521875 0.018056 0.017188
0 0.019444 0.521094 0.038889 0.026562
0 0.022917 0.480078 0.040278 0.025781