0 0.106944 0.771094 0.027778 0.021875
0 0.025000 0.631641 0.030556 0.014844
0 0.566667 0.601953 0.038889 0.013281
0 0.552083 0.587891 0.031944 0.011719
0 0.072917 0.533984 0.040278 0.021094
0 0.043056 0.540625 0.019444 0.015625
0 0.075694 0.490234 0.037500 0.019531
0 0.045139 0.476172 0.040278 0.019531
0 0.050694 0.435547 0.031944 0.021094
0 0.012500 0.426953 0.025000 0.017969
0 0.069444 0.352344 0.038889 0.023438
0 0.006944 0.295312 0.011111 0.020313
0 0.600694 0.370312 0.037500 0.021875
0 0.562500 0.361719 0.041667 0.023438
0 0.546528 0.293750 0.029167 0.018750
0 0.407639 0.226172 0.045833 0.030469
0 0.345833 0.243359 0.044444 0.022656
0 0.390278 0.244531 0.047222 0.018750
0 0.394444 0.271875 0.038889 0.017188
0 0.069444 0.787109 0.019444 0.013281
0 0.016667 0.456641 0.030556 0.016406
0 0.124306 0.866797 0.043056 0.032031
0 0.286111 0.837500 0.047222 0.026562
0 0.965278 0.769922 0.016667 0.014844
0 0.351389 0.215625 0.041667 0.017188
0 0.009028 0.403906 0.018056 0.010937
0 0.006944 0.482812 0.011111 0.025000
0 0.081250 0.470313 0.029167 0.020313
0 0.063889 0.453906 0.033333 0.023438