0 0.463194 0.143750 0.023611 0.015625
0 0.493056 0.143359 0.016667 0.010156
0 0.380556 0.171094 0.027778 0.015625
0 0.452778 0.166016 0.038889 0.008594
0 0.489583 0.166406 0.023611 0.009375
0 0.327778 0.242969 0.027778 0.017188
0 0.342361 0.227344 0.015278 0.010937
0 0.404167 0.222656 0.025000 0.014063
0 0.357639 0.246484 0.031944 0.019531
0 0.426389 0.232422 0.025000 0.021094
0 0.402083 0.239063 0.026389 0.015625
0 0.445833 0.187109 0.022222 0.016406
0 0.486806 0.206641 0.029167 0.016406
0 0.481944 0.246875 0.038889 0.017188
0 0.554861 0.236328 0.026389 0.016406
0 0.490278 0.290234 0.022222 0.014844
0 0.504167 0.265625 0.027778 0.017188
0 0.535417 0.262500 0.026389 0.014063
0 0.085417 0.369531 0.031944 0.014063
0 0.056944 0.366797 0.025000 0.014844
0 0.101389 0.353125 0.025000 0.017188
0 0.129167 0.340625 0.025000 0.021875
0 0.263889 0.340234 0.033333 0.013281
0 0.187500 0.382812 0.030556 0.010937
0 0.309028 0.383203 0.034722 0.016406
0 0.491667 0.419531 0.041667 0.020313
0 0.435417 0.375000 0.018056 0.018750
0 0.591667 0.340625 0.033333 0.015625
0 0.570833 0.318750 0.030556 0.014063
0 0.503472 0.439063 0.031944 0.015625
0 0.597917 0.431250 0.023611 0.010937
0 0.625000 0.426172 0.030556 0.013281
0 0.543750 0.436328 0.031944 0.013281
0 0.309028 0.404687 0.009722 0.012500
0 0.341667 0.487500 0.027778 0.015625
0 0.509722 0.537500 0.036111 0.017188
0 0.263194 0.532813 0.054167 0.025000
0 0.361806 0.501563 0.015278 0.012500
0 0.578472 0.591016 0.040278 0.021094
0 0.541667 0.590234 0.022222 0.014844
0 0.353472 0.591406 0.034722 0.021875
0 0.391667 0.600391 0.025000 0.024219
0 0.413889 0.566797 0.022222 0.014844
0 0.100694 0.642969 0.029167 0.023438
0 0.147222 0.583203 0.033333 0.021094
0 0.169444 0.566016 0.030556 0.013281
0 0.268750 0.582031 0.023611 0.023438
0 0.487500 0.650781 0.025000 0.007812
0 0.464583 0.689453 0.045833 0.022656
0 0.490972 0.663281 0.031944 0.015625
0 0.530556 0.653516 0.025000 0.011719
0 0.661806 0.730469 0.023611 0.020313
0 0.618056 0.732422 0.033333 0.017969
0 0.620833 0.699609 0.025000 0.019531
0 0.651389 0.680078 0.030556 0.021094
0 0.823611 0.683203 0.061111 0.032031
0 0.091667 0.396094 0.033333 0.015625
0 0.458333 0.479687 0.019444 0.014063
0 0.472917 0.607031 0.023611 0.010937
0 0.493750 0.622266 0.031944 0.017969
0 0.725694 0.771484 0.018056 0.019531
0 0.765278 0.761719 0.033333 0.017188
0 0.720833 0.720313 0.038889 0.017188
0 0.706944 0.732422 0.044444 0.014844
0 0.527778 0.697656 0.030556 0.014063
0 0.499306 0.682422 0.015278 0.016406