0 0.027778 0.057813 0.030556 0.017188
0 0.116667 0.057813 0.050000 0.028125
0 0.132639 0.096484 0.048611 0.032031
0 0.104861 0.095312 0.023611 0.023438
0 0.090972 0.087891 0.034722 0.017969
0 0.078472 0.107031 0.034722 0.020313
0 0.047222 0.113672 0.036111 0.016406
0 0.028472 0.142578 0.029167 0.017969
0 0.013194 0.181641 0.026389 0.013281
0 0.070833 0.160156 0.025000 0.014063
0 0.053472 0.200781 0.018056 0.012500
0 0.086806 0.217578 0.029167 0.016406
0 0.117361 0.193750 0.034722 0.018750
0 0.185417 0.062109 0.023611 0.016406
0 0.200694 0.074609 0.020833 0.014844
0 0.247222 0.098047 0.033333 0.022656
0 0.270833 0.105469 0.022222 0.021875
0 0.287500 0.126172 0.041667 0.025781
0 0.284028 0.203516 0.045833 0.030469
0 0.302083 0.260937 0.054167 0.025000
0 0.246528 0.300391 0.045833 0.011719
0 0.192361 0.343359 0.031944 0.017969
0 0.160417 0.344531 0.043056 0.023438
0 0.134028 0.378516 0.051389 0.030469
0 0.038194 0.530078 0.034722 0.019531
0 0.131944 0.537109 0.033333 0.025781
0 0.226389 0.399219 0.033333 0.025000
0 0.256250 0.386719 0.045833 0.028125
0 0.311806 0.602734 0.026389 0.016406
0 0.352083 0.629687 0.026389 0.017188
0 0.427778 0.604688 0.013889 0.010937
0 0.448611 0.607422 0.025000 0.016406
0 0.520833 0.675781 0.025000 0.014063
0 0.580556 0.634766 0.036111 0.016406
0 0.573611 0.619531 0.036111 0.014063
0 0.504167 0.512500 0.025000 0.020313
0 0.530556 0.519531 0.047222 0.023438
0 0.415972 0.548047 0.018056 0.017969
0 0.505556 0.566797 0.038889 0.024219
0 0.518056 0.589844 0.030556 0.017188
0 0.523611 0.603516 0.027778 0.008594
0 0.585417 0.582812 0.045833 0.025000
0 0.687500 0.578516 0.055556 0.027344
0 0.388889 0.217969 0.027778 0.014063
0 0.421528 0.227734 0.034722 0.019531
0 0.312500 0.362109 0.044444 0.019531
0 0.406250 0.322656 0.054167 0.028125
0 0.440972 0.337891 0.029167 0.010156
0 0.446528 0.253516 0.023611 0.014844
0 0.452083 0.269531 0.020833 0.018750
0 0.550000 0.353125 0.016667 0.012500
0 0.517361 0.372656 0.029167 0.017188
0 0.542361 0.416016 0.023611 0.014844
0 0.777083 0.551562 0.040278 0.026562
0 0.769444 0.592187 0.030556 0.014063
0 0.871528 0.608984 0.043056 0.024219
0 0.861111 0.640625 0.055556 0.031250
0 0.902778 0.698047 0.055556 0.025781
0 0.967361 0.652734 0.020833 0.022656
0 0.927778 0.566797 0.058333 0.033594
0 0.978472 0.540625 0.040278 0.020313
0 0.709722 0.487109 0.022222 0.008594
0 0.789583 0.480078 0.045833 0.022656
0 0.472222 0.221875 0.036111 0.023438
0 0.509722 0.223438 0.033333 0.021875
0 0.502083 0.247656 0.031944 0.021875
0 0.536806 0.235156 0.020833 0.017188
0 0.565972 0.305469 0.031944 0.020313
0 0.533333 0.181641 0.027778 0.014844
0 0.631944 0.233203 0.038889 0.022656
0 0.648611 0.247266 0.022222 0.016406
0 0.640278 0.156641 0.038889 0.017969
0 0.666667 0.184375 0.027778 0.015625
0 0.726389 0.227344 0.030556 0.014063
0 0.740278 0.141016 0.044444 0.024219
0 0.747917 0.178516 0.045833 0.024219
0 0.781250 0.198828 0.031944 0.019531
0 0.808333 0.233203 0.033333 0.014844
0 0.845139 0.182031 0.034722 0.026562
0 0.833333 0.198437 0.030556 0.020313
0 0.856250 0.216406 0.031944 0.018750
0 0.872917 0.189062 0.029167 0.018750
0 0.912500 0.207422 0.033333 0.021094
0 0.936806 0.182422 0.048611 0.025781
0 0.981944 0.158203 0.027778 0.021094
0 0.909028 0.302344 0.026389 0.017188
0 0.928472 0.311328 0.026389 0.013281
0 0.952778 0.342578 0.025000 0.013281
0 0.581944 0.357422 0.025000 0.011719
0 0.636111 0.391016 0.022222 0.013281
0 0.649306 0.418750 0.029167 0.014063
0 0.652083 0.400000 0.015278 0.012500
0 0.684722 0.417187 0.030556 0.014063
0 0.707639 0.408594 0.023611 0.017188
0 0.721528 0.436328 0.031944 0.014844
0 0.856250 0.489063 0.045833 0.020313
0 0.913194 0.480078 0.026389 0.011719
0 0.931944 0.494531 0.022222 0.010937
0 0.788889 0.392188 0.027778 0.010937
0 0.727778 0.373828 0.016667 0.008594
0 0.724306 0.383984 0.023611 0.008594
0 0.066667 0.388281 0.022222 0.018750
0 0.113194 0.122266 0.031944 0.024219
0 0.266667 0.080859 0.022222 0.017969
0 0.237500 0.082812 0.033333 0.014063
0 0.373611 0.210156 0.027778 0.009375
0 0.149306 0.166016 0.023611 0.017969
0 0.979167 0.180859 0.030556 0.021094
0 0.877083 0.221875 0.023611 0.014063
0 0.981944 0.288281 0.025000 0.017188
0 0.106944 0.542969 0.019444 0.015625
0 0.550000 0.555078 0.036111 0.013281
0 0.827778 0.591406 0.027778 0.014063
0 0.937500 0.615625 0.038889 0.023438
0 0.897222 0.410547 0.025000 0.013281
0 0.927083 0.426953 0.034722 0.007031
0 0.967361 0.408594 0.012500 0.009375
0 0.897222 0.328125 0.025000 0.015625