0 0.422222 0.225391 0.030556 0.019531
0 0.454167 0.281641 0.030556 0.019531
0 0.409028 0.351562 0.051389 0.031250
0 0.375694 0.351953 0.034722 0.027344
0 0.455556 0.391797 0.050000 0.024219
0 0.362500 0.393359 0.052778 0.027344
0 0.591667 0.494141 0.050000 0.024219
0 0.424306 0.519531 0.048611 0.023438
0 0.607639 0.561719 0.051389 0.032813
0 0.513889 0.548438 0.038889 0.018750
0 0.392361 0.555859 0.026389 0.014844
0 0.555556 0.518750 0.022222 0.007812
0 0.377778 0.603906 0.036111 0.028125
0 0.284028 0.633203 0.062500 0.025781
0 0.276389 0.650000 0.047222 0.023438
0 0.346528 0.708594 0.048611 0.031250
0 0.344444 0.728125 0.038889 0.017188
0 0.306944 0.741016 0.050000 0.032031
0 0.443056 0.768359 0.055556 0.035156
0 0.261806 0.785937 0.054167 0.029687
0 0.215278 0.805078 0.047222 0.025781
0 0.329861 0.873437 0.048611 0.025000
0 0.438194 0.853516 0.031944 0.019531
0 0.215972 0.957031 0.076389 0.045312
0 0.646528 0.940234 0.056944 0.033594
0 0.645833 0.977344 0.058333 0.037500
0 0.837500 0.873437 0.058333 0.026562
0 0.788194 0.825000 0.051389 0.029687
0 0.839583 0.971094 0.056944 0.026562
0 0.586111 0.678516 0.052778 0.041406
0 0.742361 0.599219 0.051389 0.028125
0 0.822222 0.619531 0.044444 0.023438
0 0.488194 0.310547 0.029167 0.022656
0 0.505556 0.401953 0.030556 0.016406
0 0.697917 0.528906 0.020833 0.017188
0 0.418750 0.646875 0.026389 0.020313
0 0.680556 0.654297 0.050000 0.025781
0 0.755556 0.626563 0.044444 0.020313
0 0.746528 0.659766 0.029167 0.014844
0 0.786806 0.866797 0.043056 0.028906
0 0.912500 0.867578 0.030556 0.022656
0 0.639583 0.835156 0.048611 0.021875
0 0.750000 0.819922 0.019444 0.016406