0 0.595833 0.014844 0.050000 0.026562
0 0.552778 0.023438 0.055556 0.035937
0 0.520833 0.046875 0.052778 0.034375
0 0.538194 0.102344 0.051389 0.034375
0 0.655556 0.094922 0.025000 0.022656
0 0.600000 0.103906 0.050000 0.023438
0 0.497222 0.114062 0.025000 0.021875
0 0.468056 0.124219 0.025000 0.015625
0 0.582639 0.148828 0.037500 0.030469
0 0.645139 0.150000 0.059722 0.031250
0 0.624306 0.166797 0.023611 0.035156
0 0.562500 0.171094 0.036111 0.025000
0 0.523611 0.199609 0.041667 0.025781
0 0.827778 0.233984 0.055556 0.027344
0 0.888889 0.249609 0.047222 0.027344
0 0.720139 0.228906 0.029167 0.018750
0 0.378472 0.240234 0.029167 0.011719
0 0.472917 0.275000 0.031944 0.018750
0 0.536111 0.271484 0.030556 0.019531
0 0.530556 0.289844 0.038889 0.021875
0 0.547222 0.346875 0.041667 0.020313
0 0.150000 0.417187 0.050000 0.014063
0 0.168056 0.437109 0.047222 0.025781
0 0.343750 0.405469 0.023611 0.009375
0 0.693750 0.511719 0.062500 0.029687
0 0.320139 0.479687 0.045833 0.025000
0 0.454167 0.525781 0.052778 0.029687
0 0.616667 0.542578 0.041667 0.025781
0 0.500694 0.561328 0.062500 0.030469
0 0.368056 0.583984 0.047222 0.022656
0 0.470139 0.601172 0.062500 0.033594
0 0.512500 0.586328 0.038889 0.027344
0 0.820139 0.751563 0.045833 0.018750
0 0.828472 0.768359 0.040278 0.021094
0 0.712500 0.418750 0.033333 0.017188
0 0.596528 0.157812 0.029167 0.031250
0 0.129167 0.460938 0.022222 0.015625
0 0.086111 0.465234 0.027778 0.017969
0 0.054167 0.483203 0.019444 0.014844
0 0.103472 0.632031 0.043056 0.017188
0 0.221528 0.535547 0.040278 0.024219
0 0.193056 0.691797 0.041667 0.019531
0 0.050000 0.686719 0.013889 0.010937
0 0.408333 0.646094 0.036111 0.017188
0 0.632639 0.645703 0.029167 0.011719
0 0.775694 0.546875 0.045833 0.023438
0 0.820833 0.588672 0.033333 0.014844
0 0.640972 0.498047 0.054167 0.028906
0 0.526389 0.164453 0.058333 0.027344
0 0.990972 0.817578 0.015278 0.030469