0 0.470833 0.215234 0.047222 0.030469
0 0.408333 0.333594 0.047222 0.020313
0 0.154167 0.385937 0.047222 0.021875
0 0.812500 0.337500 0.033333 0.018750
0 0.165972 0.412109 0.023611 0.021094
0 0.221528 0.428516 0.043056 0.022656
0 0.429167 0.439453 0.061111 0.025781
0 0.415972 0.527734 0.029167 0.013281
0 0.410417 0.578125 0.045833 0.028125
0 0.550000 0.579297 0.033333 0.010156
0 0.712500 0.605469 0.041667 0.018750
0 0.684722 0.609766 0.044444 0.008594
0 0.491667 0.642969 0.030556 0.010937
0 0.432639 0.654297 0.034722 0.016406
0 0.015278 0.636328 0.030556 0.021094
0 0.017361 0.660547 0.031944 0.019531
0 0.356944 0.725000 0.055556 0.031250
0 0.565972 0.712891 0.054167 0.014844
0 0.740972 0.428906 0.031944 0.021875
0 0.141667 0.443359 0.050000 0.014844
0 0.847917 0.557031 0.034722 0.023438
0 0.625000 0.702734 0.050000 0.039844