0 0.842361 0.310156 0.056944 0.032813
0 0.940278 0.335156 0.036111 0.021875
0 0.956250 0.323047 0.037500 0.021094
0 0.643056 0.411328 0.033333 0.013281
0 0.573611 0.473828 0.025000 0.016406
0 0.776389 0.586719 0.013889 0.009375
0 0.919444 0.566016 0.036111 0.017969
0 0.259028 0.532422 0.029167 0.013281
0 0.031250 0.606250 0.054167 0.021875
0 0.020833 0.656250 0.038889 0.043750
0 0.056250 0.638281 0.040278 0.032813
0 0.021528 0.719141 0.026389 0.013281
0 0.088194 0.474609 0.026389 0.025781
0 0.901389 0.378906 0.013889 0.021875