0 0.368056 0.191406 0.041667 0.021875
0 0.395833 0.225000 0.038889 0.021875
0 0.338889 0.138281 0.030556 0.014063
0 0.322917 0.258984 0.045833 0.030469
0 0.290278 0.260156 0.033333 0.021875
0 0.365278 0.301563 0.050000 0.025000
0 0.277083 0.299609 0.045833 0.024219
0 0.500694 0.401172 0.045833 0.027344
0 0.507639 0.465625 0.037500 0.031250
0 0.411806 0.451562 0.043056 0.021875
0 0.289583 0.501953 0.043056 0.022656
0 0.622222 0.500781 0.044444 0.025000
0 0.677778 0.523438 0.041667 0.025000
0 0.576389 0.436719 0.036111 0.015625
0 0.322222 0.425781 0.052778 0.026562
0 0.204167 0.525391 0.058333 0.025781
0 0.177778 0.540625 0.047222 0.031250
0 0.251389 0.596875 0.066667 0.034375
0 0.411111 0.401953 0.027778 0.019531
0 0.414583 0.365234 0.029167 0.019531
0 0.411806 0.312109 0.031944 0.017969
0 0.217361 0.625781 0.045833 0.028125
0 0.485417 0.566406 0.045833 0.032813
0 0.329167 0.555469 0.022222 0.028125
0 0.552778 0.553516 0.044444 0.025781
0 0.364583 0.643750 0.051389 0.029687
0 0.173611 0.663672 0.055556 0.021094
0 0.136111 0.681250 0.058333 0.029687
0 0.240278 0.739062 0.044444 0.023438
0 0.147917 0.809766 0.073611 0.038281
0 0.525000 0.796094 0.052778 0.031250
0 0.518056 0.828125 0.041667 0.029687
0 0.695139 0.739844 0.043056 0.020313
0 0.650000 0.734766 0.038889 0.021094
0 0.644444 0.696484 0.050000 0.024219
0 0.522917 0.703906 0.054167 0.026562
0 0.361806 0.723828 0.048611 0.028906
0 0.920833 0.880078 0.061111 0.033594
0 0.620833 0.526953 0.041667 0.025781
0 0.616667 0.560156 0.030556 0.023438
0 0.537500 0.514453 0.019444 0.021094
0 0.986806 0.821484 0.020833 0.016406
0 0.261111 0.346875 0.025000 0.015625
0 0.478472 0.382812 0.023611 0.017188
0 0.461806 0.424609 0.018056 0.013281
0 0.422222 0.421094 0.030556 0.018750
0 0.290278 0.456641 0.025000 0.016406
0 0.108333 0.606641 0.022222 0.022656
0 0.786806 0.948828 0.031944 0.030469
0 0.724306 0.944531 0.031944 0.028125
0 0.755556 0.733594 0.027778 0.020313
0 0.897917 0.563281 0.029167 0.015625
0 0.988194 0.589453 0.018056 0.014844
0 0.940972 0.574609 0.029167 0.010156
0 0.878472 0.625781 0.026389 0.014063
0 0.911111 0.642578 0.036111 0.016406
0 0.861806 0.661328 0.029167 0.014844