0 0.508333 0.323047 0.038889 0.016406
0 0.576389 0.349609 0.036111 0.019531
0 0.706250 0.309375 0.029167 0.017188
0 0.335417 0.352734 0.029167 0.013281
0 0.643056 0.447656 0.036111 0.020313
0 0.540278 0.443750 0.030556 0.020313
0 0.493750 0.449219 0.034722 0.020313
0 0.450000 0.448437 0.038889 0.018750
0 0.326389 0.482422 0.025000 0.013281
0 0.431250 0.527344 0.034722 0.025000
0 0.304861 0.570703 0.045833 0.027344
0 0.365278 0.605078 0.036111 0.021094
0 0.388889 0.614453 0.030556 0.016406
0 0.107639 0.621875 0.029167 0.021875
0 0.144444 0.625000 0.030556 0.018750
0 0.085417 0.564063 0.040278 0.015625
0 0.014583 0.613281 0.023611 0.025000
0 0.755556 0.612891 0.052778 0.022656
0 0.819444 0.605469 0.033333 0.014063
0 0.847917 0.615234 0.037500 0.021094
0 0.560417 0.353906 0.029167 0.018750
0 0.654167 0.515625 0.022222 0.015625