0 0.354167 0.067578 0.047222 0.030469
0 0.423611 0.076172 0.050000 0.025781
0 0.419444 0.098828 0.044444 0.021094
0 0.485417 0.119922 0.045833 0.014844
0 0.496528 0.214844 0.043056 0.023438
0 0.494444 0.237891 0.044444 0.021094
0 0.947222 0.235156 0.036111 0.021875
0 0.975694 0.237891 0.040278 0.025781
0 0.988194 0.340234 0.020833 0.025781
0 0.625000 0.430469 0.038889 0.028125
0 0.663889 0.430859 0.041667 0.021094
0 0.723611 0.494531 0.044444 0.023438
0 0.859722 0.430078 0.033333 0.021094
0 0.899306 0.439844 0.037500 0.020313
0 0.890972 0.486719 0.048611 0.021875
0 0.831250 0.479297 0.054167 0.028906
0 0.875000 0.467969 0.041667 0.021875
0 0.782639 0.548438 0.020833 0.015625
0 0.757639 0.496484 0.026389 0.019531
0 0.661806 0.595313 0.029167 0.020313
0 0.683333 0.595313 0.033333 0.021875
0 0.632639 0.617188 0.031944 0.023438
0 0.542361 0.545703 0.037500 0.025781
0 0.404861 0.519922 0.034722 0.014844
0 0.381944 0.508984 0.038889 0.014844
0 0.613194 0.374219 0.034722 0.023438
0 0.427778 0.707031 0.061111 0.032813
0 0.463889 0.695312 0.030556 0.014063
0 0.801389 0.732031 0.030556 0.025000
0 0.163194 0.381250 0.043056 0.026562
0 0.141667 0.419531 0.044444 0.021875
0 0.218056 0.469922 0.038889 0.016406
0 0.118056 0.457422 0.033333 0.019531
0 0.105556 0.429688 0.044444 0.023438
0 0.073611 0.348438 0.044444 0.020313
0 0.067361 0.231250 0.040278 0.023438
0 0.009722 0.226172 0.016667 0.021094
0 0.043056 0.153906 0.033333 0.023438
0 0.080556 0.153125 0.036111 0.018750
0 0.115278 0.322656 0.019444 0.014063
0 0.010417 0.210156 0.020833 0.015625
0 0.888889 0.512891 0.027778 0.017969
0 0.925000 0.487109 0.022222 0.016406
0 0.950000 0.436328 0.027778 0.016406
0 0.993750 0.162109 0.009722 0.027344