0 0.306944 0.724219 0.066667 0.039062
0 0.350000 0.723437 0.030556 0.029687
0 0.131250 0.608594 0.026389 0.015625
0 0.151389 0.625000 0.027778 0.023438
0 0.739583 0.684375 0.043056 0.025000
0 0.715972 0.699219 0.026389 0.012500
0 0.725000 0.650000 0.047222 0.029687
0 0.486806 0.571094 0.031944 0.017188
0 0.480556 0.589453 0.030556 0.011719
0 0.524306 0.567578 0.040278 0.022656
0 0.283333 0.556250 0.027778 0.010937
0 0.446528 0.470313 0.040278 0.023438
0 0.528472 0.424219 0.040278 0.023438
0 0.504861 0.444531 0.040278 0.017188
0 0.290972 0.474219 0.043056 0.021875
0 0.301389 0.491406 0.022222 0.010937
0 0.243750 0.466016 0.026389 0.019531
0 0.284028 0.455469 0.031944 0.021875
0 0.168750 0.404297 0.026389 0.013281
0 0.325000 0.401172 0.038889 0.025781
0 0.254167 0.386719 0.030556 0.015625
0 0.422222 0.387891 0.019444 0.010156
0 0.236111 0.322656 0.055556 0.028125
0 0.385417 0.303516 0.040278 0.019531
0 0.354167 0.300000 0.030556 0.015625
0 0.348611 0.272266 0.044444 0.025781
0 0.416667 0.237109 0.047222 0.028906
0 0.371528 0.239844 0.040278 0.025000
0 0.290278 0.248047 0.044444 0.028906
0 0.251389 0.242578 0.044444 0.027344
0 0.222222 0.194922 0.041667 0.022656
0 0.304861 0.151562 0.040278 0.025000
0 0.340278 0.155469 0.033333 0.023438
0 0.368056 0.157812 0.022222 0.025000
0 0.417361 0.200000 0.023611 0.021875
0 0.411806 0.331250 0.029167 0.023438
0 0.456944 0.235547 0.030556 0.013281
0 0.511111 0.251563 0.027778 0.014063
0 0.485417 0.270313 0.012500 0.012500
0 0.059722 0.471094 0.036111 0.021875
0 0.085417 0.465234 0.026389 0.017969
0 0.520833 0.610938 0.038889 0.031250
0 0.942361 0.749609 0.037500 0.025781
0 0.791667 0.556250 0.030556 0.018750
0 0.878472 0.473438 0.029167 0.017188
0 0.963194 0.484766 0.031944 0.019531
0 0.932639 0.536328 0.031944 0.016406
0 0.952083 0.555078 0.045833 0.019531
0 0.879861 0.615234 0.037500 0.011719
0 0.439583 0.041406 0.054167 0.031250
0 0.431250 0.213281 0.020833 0.015625
0 0.302778 0.339453 0.050000 0.027344
0 0.450000 0.424219 0.019444 0.009375
0 0.261806 0.553906 0.031944 0.014063
0 0.250000 0.501563 0.016667 0.009375
0 0.950000 0.688672 0.061111 0.025781