0 0.450694 0.117969 0.056944 0.028125
0 0.400694 0.130469 0.029167 0.015625
0 0.445139 0.152344 0.070833 0.031250
0 0.525694 0.156250 0.054167 0.025000
0 0.370833 0.213672 0.052778 0.033594
0 0.347917 0.296484 0.031944 0.027344
0 0.322917 0.334375 0.054167 0.034375
0 0.646528 0.441406 0.054167 0.032813
0 0.727083 0.458984 0.034722 0.016406
0 0.441667 0.440234 0.033333 0.014844
0 0.438194 0.480859 0.045833 0.024219
0 0.488194 0.493750 0.029167 0.017188
0 0.437500 0.514062 0.030556 0.021875
0 0.420139 0.524219 0.031944 0.025000
0 0.600694 0.512109 0.062500 0.033594
0 0.676389 0.571094 0.050000 0.034375
0 0.375000 0.600000 0.063889 0.031250
0 0.220139 0.639453 0.054167 0.027344
0 0.552778 0.618750 0.055556 0.032813
0 0.600694 0.632812 0.062500 0.025000
0 0.613194 0.658594 0.015278 0.026562
0 0.584028 0.680859 0.040278 0.027344
0 0.625694 0.705078 0.037500 0.019531
0 0.675694 0.713281 0.059722 0.023438
0 0.565972 0.701562 0.018056 0.025000
0 0.179861 0.744922 0.054167 0.030469
0 0.428472 0.640625 0.043056 0.023438
0 0.456944 0.662109 0.047222 0.019531
0 0.436806 0.335938 0.029167 0.014063
0 0.361806 0.338281 0.026389 0.014063
0 0.602083 0.292578 0.034722 0.022656
0 0.462500 0.449609 0.033333 0.011719
0 0.458333 0.478516 0.025000 0.016406
0 0.469444 0.546484 0.052778 0.030469
0 0.618056 0.539062 0.052778 0.020313
0 0.666667 0.525781 0.038889 0.020313
0 0.693056 0.447266 0.047222 0.025781
0 0.754861 0.473438 0.031944 0.014063
0 0.770833 0.564453 0.033333 0.017969
0 0.729861 0.571094 0.029167 0.017188
0 0.015972 0.778906 0.029167 0.025000
0 0.389583 0.667969 0.031944 0.017188
0 0.631944 0.591016 0.027778 0.016406
0 0.738194 0.734375 0.037500 0.020313
0 0.590972 0.812500 0.031944 0.032813
0 0.630556 0.822656 0.058333 0.037500
0 0.779861 0.823438 0.040278 0.025000
0 0.956250 0.789062 0.051389 0.028125