0 0.536111 0.020703 0.069444 0.039844
0 0.513194 0.028516 0.043056 0.033594
0 0.445139 0.135547 0.054167 0.033594
0 0.619444 0.180859 0.072222 0.042969
0 0.556944 0.211328 0.063889 0.042969
0 0.029861 0.150781 0.056944 0.028125
0 0.419444 0.182812 0.061111 0.028125
0 0.577778 0.299609 0.052778 0.039844
0 0.563194 0.251172 0.029167 0.011719
0 0.627778 0.221484 0.055556 0.022656
0 0.643056 0.298438 0.044444 0.025000
0 0.695139 0.309766 0.051389 0.038281
0 0.738889 0.283594 0.050000 0.020313
0 0.887500 0.400000 0.061111 0.028125
0 0.354861 0.329297 0.034722 0.010156
0 0.351389 0.350391 0.038889 0.017969
0 0.329861 0.364453 0.054167 0.027344
0 0.316667 0.391016 0.050000 0.027344
0 0.315972 0.419531 0.062500 0.035937
0 0.390972 0.375781 0.031944 0.031250
0 0.406250 0.403906 0.051389 0.029687
0 0.441667 0.410938 0.041667 0.029687
0 0.293750 0.480078 0.023611 0.021094
0 0.358333 0.495312 0.063889 0.032813
0 0.439583 0.507031 0.037500 0.021875
0 0.493056 0.499609 0.052778 0.024219
0 0.463889 0.527344 0.055556 0.029687
0 0.714583 0.509375 0.045833 0.034375
0 0.377083 0.581641 0.034722 0.019531
0 0.366667 0.694922 0.066667 0.035156
0 0.500000 0.632812 0.038889 0.015625
0 0.201389 0.922266 0.058333 0.036719
0 0.120833 0.913672 0.038889 0.019531
0 0.627778 0.270703 0.041667 0.025781
0 0.490972 0.660547 0.045833 0.025781
0 0.724306 0.621094 0.029167 0.021875
0 0.798611 0.580859 0.052778 0.033594
0 0.100000 0.965625 0.033333 0.021875
0 0.007639 0.498437 0.012500 0.029687