0 0.094444 0.106641 0.061111 0.027344
0 0.020139 0.100000 0.037500 0.028125
0 0.171528 0.060547 0.062500 0.032031
0 0.206944 0.044531 0.058333 0.037500
0 0.260417 0.070703 0.059722 0.035156
0 0.472917 0.053125 0.048611 0.035937
0 0.508333 0.007031 0.036111 0.014063
0 0.630556 0.022656 0.044444 0.026562
0 0.585417 0.030469 0.051389 0.032813
0 0.550000 0.059766 0.052778 0.027344
0 0.677778 0.093359 0.061111 0.033594
0 0.859028 0.110156 0.070833 0.039062
0 0.988889 0.110937 0.019444 0.031250
0 0.770833 0.142969 0.047222 0.035937
0 0.650694 0.128906 0.056944 0.034375
0 0.600000 0.159375 0.061111 0.043750
0 0.534722 0.165625 0.061111 0.039062
0 0.467361 0.139063 0.048611 0.045312
0 0.441667 0.086328 0.061111 0.036719
0 0.434722 0.062109 0.044444 0.017969
0 0.482639 0.103125 0.059722 0.020313
0 0.384722 0.190625 0.061111 0.035937
0 0.460417 0.201563 0.048611 0.032813
0 0.613889 0.189453 0.038889 0.027344
0 0.735417 0.186328 0.065278 0.038281
0 0.786111 0.183594 0.041667 0.045312
0 0.104861 0.214453 0.045833 0.027344
0 0.068056 0.223047 0.050000 0.033594
0 0.021528 0.221484 0.040278 0.030469
0 0.038194 0.242188 0.031944 0.021875
0 0.260417 0.238281 0.048611 0.026562
0 0.309028 0.250781 0.045833 0.025000
0 0.452083 0.267578 0.059722 0.036719
0 0.700000 0.265625 0.050000 0.028125
0 0.659028 0.276562 0.037500 0.015625
0 0.761806 0.299609 0.043056 0.036719
0 0.811111 0.296094 0.052778 0.037500
0 0.642361 0.330078 0.054167 0.038281
0 0.434722 0.307812 0.044444 0.028125
0 0.251389 0.272266 0.044444 0.028906
0 0.247917 0.304688 0.048611 0.026562
0 0.418056 0.342969 0.038889 0.018750
0 0.591667 0.333594 0.052778 0.031250
0 0.562500 0.341797 0.033333 0.017969
0 0.594444 0.376172 0.044444 0.022656
0 0.781250 0.352734 0.048611 0.024219
0 0.588889 0.256641 0.075000 0.016406
0 0.422917 0.397266 0.048611 0.024219
0 0.424306 0.437500 0.034722 0.023438
0 0.537500 0.401562 0.055556 0.025000
0 0.761111 0.461328 0.058333 0.027344
0 0.848611 0.478906 0.047222 0.026562
0 0.967361 0.451172 0.062500 0.032031
0 0.963889 0.485156 0.047222 0.023438
0 0.904861 0.488672 0.051389 0.028906
0 0.982639 0.498437 0.031944 0.034375
0 0.691667 0.532031 0.052778 0.039062
0 0.576389 0.461719 0.077778 0.039062
0 0.624306 0.486328 0.059722 0.024219
0 0.762500 0.495703 0.055556 0.035156
0 0.690972 0.480859 0.026389 0.021094
0 0.798611 0.509375 0.033333 0.026562
0 0.822222 0.577734 0.050000 0.027344
0 0.863889 0.590625 0.041667 0.023438
0 0.614583 0.575391 0.040278 0.025781
0 0.504861 0.486719 0.054167 0.026562
0 0.364583 0.482812 0.051389 0.026562
0 0.247917 0.508594 0.026389 0.018750
0 0.289583 0.525391 0.045833 0.019531
0 0.270833 0.573828 0.038889 0.022656
0 0.137500 0.624219 0.061111 0.031250
0 0.539583 0.613281 0.048611 0.020313
0 0.652778 0.638281 0.044444 0.028125
0 0.704167 0.619922 0.047222 0.032031
0 0.799306 0.642969 0.043056 0.029687
0 0.900694 0.638281 0.020833 0.028125
0 0.959722 0.640625 0.063889 0.028125
0 0.947222 0.679297 0.055556 0.035156
0 0.768056 0.687500 0.033333 0.026562
0 0.687500 0.745703 0.055556 0.036719
0 0.542361 0.744922 0.068056 0.035156
0 0.332639 0.675391 0.043056 0.022656
0 0.493750 0.685547 0.048611 0.025781
0 0.833333 0.742578 0.038889 0.017969
0 0.952083 0.864453 0.073611 0.038281
0 0.959722 0.826562 0.072222 0.026562
0 0.576389 0.725391 0.036111 0.016406
0 0.768056 0.867578 0.041667 0.022656
0 0.540278 0.096484 0.044444 0.047656
0 0.250000 0.038672 0.036111 0.025781
0 0.269444 0.216406 0.047222 0.021875
0 0.043750 0.427344 0.043056 0.015625
0 0.050694 0.456641 0.048611 0.025781
0 0.006944 0.615234 0.013889 0.021094
0 0.748611 0.652344 0.030556 0.010937
0 0.834722 0.670703 0.013889 0.019531
0 0.559722 0.542578 0.022222 0.016406
0 0.328472 0.263672 0.026389 0.016406