0 0.495833 0.021094 0.033333 0.026562
0 0.524306 0.035547 0.040278 0.028906
0 0.500694 0.051953 0.037500 0.016406
0 0.461111 0.059375 0.044444 0.026562
0 0.414583 0.076172 0.029167 0.027344
0 0.479167 0.103906 0.041667 0.025000
0 0.502083 0.105469 0.029167 0.026562
0 0.529167 0.143359 0.033333 0.021094
0 0.461111 0.133984 0.027778 0.019531
0 0.409028 0.149219 0.040278 0.026562
0 0.503472 0.161719 0.045833 0.025000
0 0.470833 0.181250 0.055556 0.029687
0 0.548611 0.190625 0.036111 0.018750
0 0.618750 0.255859 0.031944 0.021094
0 0.378472 0.245703 0.043056 0.025781
0 0.412500 0.207422 0.033333 0.022656
0 0.522917 0.219141 0.026389 0.024219
0 0.543750 0.281250 0.054167 0.025000
0 0.681250 0.283984 0.048611 0.019531
0 0.694444 0.298828 0.033333 0.017969
0 0.502778 0.341016 0.058333 0.025781
0 0.659028 0.386328 0.037500 0.022656
0 0.713194 0.401953 0.031944 0.017969
0 0.229167 0.340625 0.041667 0.020313
0 0.356250 0.256641 0.029167 0.019531
0 0.529167 0.318359 0.022222 0.013281
0 0.505556 0.293750 0.019444 0.015625
0 0.534722 0.300781 0.033333 0.014063
0 0.395139 0.408984 0.037500 0.017969
0 0.627778 0.407813 0.044444 0.031250
0 0.540278 0.447656 0.047222 0.020313
0 0.558333 0.463281 0.041667 0.023438
0 0.600694 0.489063 0.029167 0.017188
0 0.559028 0.505859 0.034722 0.025781
0 0.538889 0.530859 0.044444 0.021094
0 0.354861 0.469141 0.043056 0.032031
0 0.309028 0.461719 0.045833 0.026562
0 0.368750 0.533203 0.051389 0.025781
0 0.387500 0.552734 0.044444 0.021094
0 0.530556 0.602344 0.041667 0.025000
0 0.545833 0.586719 0.027778 0.014063
0 0.577083 0.593750 0.031944 0.017188
0 0.521528 0.680078 0.043056 0.027344
0 0.551389 0.723437 0.038889 0.031250
0 0.322222 0.566797 0.033333 0.014844
0 0.608333 0.798047 0.036111 0.032031
0 0.438194 0.096875 0.048611 0.029687
0 0.666667 0.410547 0.030556 0.025781
0 0.329861 0.433594 0.056944 0.021875
0 0.404167 0.392188 0.033333 0.017188
0 0.266667 0.535937 0.036111 0.020313
0 0.403472 0.521484 0.040278 0.013281
0 0.501389 0.604688 0.030556 0.021875
0 0.622917 0.659766 0.023611 0.011719
0 0.600694 0.676172 0.020833 0.011719
0 0.445833 0.724219 0.027778 0.015625
0 0.961806 0.750000 0.056944 0.023438
0 0.650694 0.796484 0.043056 0.028906