0 0.455556 0.161328 0.038889 0.028906
0 0.354861 0.213672 0.040278 0.017969
0 0.373611 0.176172 0.025000 0.013281
0 0.591667 0.223047 0.041667 0.017969
0 0.551389 0.252344 0.033333 0.020313
0 0.459028 0.246094 0.045833 0.021875
0 0.425000 0.274219 0.030556 0.023438
0 0.641667 0.271484 0.044444 0.021094
0 0.616667 0.307422 0.044444 0.019531
0 0.159722 0.379297 0.044444 0.025781
0 0.811111 0.262891 0.030556 0.011719
0 0.592361 0.510156 0.026389 0.015625
0 0.615972 0.494141 0.031944 0.016406
0 0.619444 0.509375 0.025000 0.015625
0 0.654861 0.568750 0.031944 0.020313
0 0.403472 0.608984 0.029167 0.022656
0 0.933333 0.596094 0.041667 0.023438
0 0.693056 0.562109 0.030556 0.017969
0 0.830556 0.353906 0.025000 0.023438
0 0.511806 0.246875 0.043056 0.025000
0 0.545833 0.363281 0.027778 0.009375
0 0.543750 0.210156 0.043056 0.021875
0 0.456944 0.283984 0.041667 0.025781
0 0.538889 0.308594 0.036111 0.014063
0 0.579167 0.286719 0.033333 0.017188
0 0.860417 0.360938 0.031944 0.023438
0 0.460417 0.382812 0.026389 0.010937
0 0.652083 0.403125 0.020833 0.012500
0 0.456944 0.576953 0.019444 0.013281
0 0.463194 0.558984 0.034722 0.019531
0 0.522222 0.560156 0.030556 0.017188
0 0.504167 0.541016 0.033333 0.021094
0 0.552083 0.516016 0.018056 0.016406
0 0.143750 0.441016 0.034722 0.016406
0 0.950694 0.544922 0.034722 0.013281
0 0.806250 0.557031 0.020833 0.012500
0 0.345139 0.394141 0.018056 0.014844