0 0.548611 0.315234 0.038889 0.022656
0 0.525000 0.294141 0.050000 0.027344
0 0.510417 0.313281 0.031944 0.017188
0 0.381944 0.355078 0.036111 0.022656
0 0.263889 0.370312 0.022222 0.012500
0 0.155556 0.351172 0.033333 0.019531
0 0.222222 0.421484 0.025000 0.013281
0 0.616667 0.363281 0.033333 0.017188
0 0.693056 0.346484 0.038889 0.019531
0 0.798611 0.339453 0.047222 0.022656
0 0.861111 0.397266 0.038889 0.024219
0 0.887500 0.368750 0.036111 0.026562
0 0.850694 0.369531 0.031944 0.018750
0 0.718750 0.365234 0.031944 0.021094
0 0.609722 0.286328 0.038889 0.019531
0 0.611806 0.216797 0.034722 0.014844
0 0.475000 0.184766 0.038889 0.022656
0 0.613889 0.606250 0.036111 0.026562
0 0.367361 0.559375 0.023611 0.025000
0 0.813194 0.363672 0.023611 0.014844
0 0.219444 0.392188 0.030556 0.014063
0 0.763194 0.387109 0.034722 0.017969
0 0.759722 0.366016 0.036111 0.010156
0 0.857639 0.324219 0.034722 0.012500
0 0.070833 0.367969 0.030556 0.015625
0 0.070139 0.353516 0.034722 0.013281
0 0.022917 0.333203 0.026389 0.011719
0 0.005556 0.389453 0.008333 0.016406
0 0.231944 0.373828 0.027778 0.011719
0 0.266667 0.414453 0.025000 0.011719
0 0.344444 0.407031 0.022222 0.012500
0 0.517361 0.389062 0.023611 0.014063
0 0.540972 0.389062 0.020833 0.017188
0 0.081250 0.446094 0.015278 0.014063
0 0.328472 0.477344 0.020833 0.014063
0 0.515972 0.450391 0.029167 0.010156
0 0.491667 0.477344 0.022222 0.014063
0 0.578472 0.535937 0.034722 0.017188
0 0.603472 0.546484 0.026389 0.013281
0 0.588194 0.588672 0.031944 0.021094
0 0.666667 0.526172 0.041667 0.019531
0 0.752083 0.317188 0.037500 0.009375
0 0.736806 0.327344 0.015278 0.014063
0 0.828472 0.380078 0.020833 0.014844
0 0.986806 0.423438 0.023611 0.020313
0 0.750694 0.437109 0.040278 0.014844
0 0.604861 0.347656 0.034722 0.014063
0 0.768056 0.235547 0.022222 0.017969