0 0.148611 0.013672 0.066667 0.027344
0 0.735417 0.012891 0.054167 0.025781
0 0.902083 0.024609 0.056944 0.030469
0 0.879861 0.048047 0.043056 0.025781
0 0.970833 0.058203 0.050000 0.028906
0 0.904861 0.132812 0.062500 0.029687
0 0.868750 0.156641 0.048611 0.028906
0 0.801389 0.141016 0.033333 0.019531
0 0.772917 0.119922 0.045833 0.024219
0 0.684722 0.149219 0.052778 0.028125
0 0.706944 0.044141 0.052778 0.028906
0 0.070139 0.046484 0.034722 0.021094
0 0.372917 0.325391 0.048611 0.027344
0 0.302778 0.355469 0.047222 0.020313
0 0.558333 0.460156 0.041667 0.017188
0 0.445833 0.306641 0.033333 0.019531
0 0.506944 0.318359 0.038889 0.021094
0 0.679167 0.261719 0.036111 0.023438
0 0.660417 0.237500 0.023611 0.014063
0 0.813194 0.321875 0.037500 0.020313
0 0.836111 0.409766 0.047222 0.019531
0 0.737500 0.366016 0.052778 0.016406
0 0.856944 0.332813 0.027778 0.015625
0 0.966667 0.333594 0.033333 0.017188
0 0.703472 0.453516 0.043056 0.017969
0 0.591667 0.383984 0.025000 0.013281
0 0.654861 0.494141 0.034722 0.021094
0 0.718056 0.511719 0.050000 0.021875
0 0.849306 0.531641 0.037500 0.014844
0 0.526389 0.566406 0.033333 0.014063
0 0.566667 0.595313 0.044444 0.025000
0 0.381250 0.597656 0.043056 0.029687
0 0.381944 0.574609 0.030556 0.014844
0 0.053472 0.581250 0.034722 0.020313
0 0.218750 0.600000 0.023611 0.017188
0 0.759028 0.067187 0.029167 0.014063
0 0.713889 0.092969 0.022222 0.018750
0 0.767361 0.094922 0.043056 0.014844
0 0.006944 0.196094 0.011111 0.017188
0 0.009722 0.216406 0.016667 0.021875
0 0.484028 0.365234 0.018056 0.027344
0 0.445833 0.535937 0.025000 0.012500
0 0.838194 0.673047 0.040278 0.024219
0 0.322917 0.622656 0.023611 0.020313
0 0.079167 0.437500 0.055556 0.021875