0 0.575694 0.123438 0.037500 0.018750
0 0.631250 0.110547 0.056944 0.025781
0 0.637500 0.145313 0.061111 0.031250
0 0.720833 0.151172 0.047222 0.022656
0 0.593750 0.206250 0.056944 0.035937
0 0.529861 0.289844 0.043056 0.032813
0 0.493056 0.325000 0.041667 0.032813
0 0.529167 0.323828 0.036111 0.030469
0 0.475000 0.329688 0.038889 0.026562
0 0.720139 0.276953 0.029167 0.017969
0 0.706944 0.249609 0.019444 0.014844
0 0.870139 0.433594 0.054167 0.035937
0 0.616667 0.435937 0.052778 0.025000
0 0.605556 0.471484 0.063889 0.024219
0 0.641667 0.483594 0.044444 0.023438
0 0.540278 0.472266 0.063889 0.024219
0 0.533333 0.491406 0.036111 0.020313
0 0.512500 0.505469 0.038889 0.018750
0 0.820139 0.503125 0.062500 0.034375
0 0.924306 0.560156 0.059722 0.035937
0 0.602083 0.514062 0.056944 0.023438
0 0.643750 0.535937 0.059722 0.018750
0 0.670833 0.553906 0.038889 0.023438
0 0.584028 0.591406 0.056944 0.032813
0 0.453472 0.627344 0.054167 0.032813
0 0.391667 0.737891 0.041667 0.032031
0 0.835417 0.810547 0.034722 0.022656
0 0.797917 0.793750 0.048611 0.031250
0 0.900694 0.693359 0.062500 0.030469
0 0.852083 0.689453 0.045833 0.024219
0 0.771528 0.691016 0.029167 0.017969
0 0.801389 0.668359 0.055556 0.030469
0 0.848611 0.643750 0.041667 0.026562
0 0.794444 0.627344 0.036111 0.034375
0 0.752778 0.607422 0.050000 0.032031
0 0.813889 0.582422 0.038889 0.021094
0 0.006944 0.260547 0.011111 0.025781
0 0.790278 0.529297 0.050000 0.016406
0 0.984028 0.804297 0.026389 0.036719
0 0.264583 0.774219 0.054167 0.028125
0 0.583333 0.654687 0.033333 0.012500
0 0.645139 0.652734 0.040278 0.014844
0 0.045139 0.454297 0.059722 0.030469
0 0.060417 0.508594 0.045833 0.018750