0 0.164583 0.465625 0.037500 0.018750
0 0.443750 0.493359 0.034722 0.014844
0 0.512500 0.492188 0.036111 0.014063
0 0.935417 0.513281 0.026389 0.015625
0 0.904167 0.506250 0.022222 0.017188
0 0.739583 0.488672 0.029167 0.017969
0 0.621528 0.452734 0.026389 0.021094
0 0.663194 0.358984 0.031944 0.016406
0 0.905556 0.376563 0.036111 0.020313
0 0.667361 0.425391 0.018056 0.017969
0 0.653472 0.407813 0.029167 0.014063
0 0.627083 0.426953 0.029167 0.010156
0 0.362500 0.296094 0.027778 0.015625
0 0.302778 0.341797 0.027778 0.013281
0 0.290278 0.308984 0.030556 0.014844
0 0.052083 0.295312 0.031944 0.015625
0 0.061111 0.282031 0.025000 0.014063
0 0.975694 0.424609 0.031944 0.016406
0 0.558333 0.460547 0.030556 0.016406
0 0.729167 0.272656 0.038889 0.021875
0 0.134028 0.179297 0.023611 0.016406
0 0.263889 0.230469 0.027778 0.020313
0 0.279861 0.212109 0.023611 0.013281
0 0.111806 0.157031 0.029167 0.015625
0 0.087500 0.165625 0.022222 0.015625
0 0.083333 0.180078 0.027778 0.014844
0 0.350000 0.261328 0.027778 0.013281
0 0.510417 0.465625 0.018056 0.015625
0 0.815278 0.400781 0.027778 0.014063
0 0.011111 0.183594 0.022222 0.017188
0 0.170833 0.475781 0.036111 0.010937
0 0.022222 0.334766 0.030556 0.014844
0 0.061111 0.195312 0.019444 0.014063
0 0.072917 0.208594 0.023611 0.012500
0 0.139583 0.200000 0.026389 0.010937
0 0.067361 0.145703 0.018056 0.013281
0 0.259722 0.255859 0.033333 0.017969
0 0.182639 0.239453 0.023611 0.008594
0 0.397917 0.316016 0.023611 0.014844
0 0.422222 0.317188 0.022222 0.006250
0 0.448611 0.362109 0.025000 0.011719
0 0.946528 0.380469 0.020833 0.014063
0 0.502083 0.527344 0.012500 0.012500
0 0.502778 0.544531 0.036111 0.017188
0 0.881250 0.508984 0.023611 0.019531
0 0.958333 0.426172 0.025000 0.014844
0 0.975694 0.396094 0.023611 0.009375
0 0.639583 0.475391 0.020833 0.013281
0 0.677083 0.466016 0.023611 0.016406
0 0.684028 0.364453 0.015278 0.013281
0 0.788889 0.384375 0.047222 0.020313