0 0.512500 0.037500 0.041667 0.028125
0 0.540278 0.051562 0.033333 0.029687
0 0.513889 0.065625 0.041667 0.018750
0 0.472917 0.074219 0.040278 0.026562
0 0.425694 0.091406 0.023611 0.026562
0 0.447222 0.114453 0.047222 0.024219
0 0.489583 0.118750 0.045833 0.028125
0 0.513889 0.119531 0.027778 0.026562
0 0.540278 0.158594 0.033333 0.026562
0 0.422917 0.161328 0.045833 0.027344
0 0.472917 0.147266 0.037500 0.022656
0 0.509722 0.175781 0.041667 0.028125
0 0.559028 0.201953 0.040278 0.022656
0 0.481944 0.193750 0.050000 0.029687
0 0.425000 0.218359 0.033333 0.017969
0 0.389583 0.258984 0.040278 0.024219
0 0.372222 0.268359 0.025000 0.019531
0 0.628472 0.268359 0.031944 0.021094
0 0.531944 0.230469 0.038889 0.025000
0 0.242361 0.349609 0.031944 0.016406
0 0.514583 0.350781 0.048611 0.026562
0 0.690278 0.296484 0.047222 0.019531
0 0.705556 0.310937 0.033333 0.025000
0 0.543056 0.332422 0.025000 0.013281
0 0.661806 0.399219 0.037500 0.025000
0 0.400000 0.419922 0.047222 0.022656
0 0.409722 0.401953 0.033333 0.019531
0 0.555556 0.291016 0.050000 0.014844
0 0.715278 0.415234 0.036111 0.022656
0 0.637500 0.415234 0.050000 0.027344
0 0.661806 0.422656 0.043056 0.023438
0 0.363889 0.479687 0.050000 0.029687
0 0.316667 0.473438 0.052778 0.028125
0 0.547222 0.457422 0.047222 0.024219
0 0.378472 0.543750 0.054167 0.029687
0 0.327083 0.576953 0.043056 0.021094
0 0.539583 0.615234 0.040278 0.021094
0 0.515972 0.619922 0.018056 0.013281
0 0.400694 0.559375 0.043056 0.023438
0 0.411806 0.530469 0.040278 0.012500
0 0.568056 0.476562 0.041667 0.025000
0 0.607639 0.503906 0.029167 0.021875
0 0.271528 0.545312 0.026389 0.015625
0 0.543750 0.538672 0.034722 0.019531
0 0.565972 0.515625 0.037500 0.023438
0 0.551389 0.598828 0.030556 0.019531
0 0.581944 0.605469 0.033333 0.015625
0 0.528472 0.691016 0.048611 0.027344
0 0.634722 0.671875 0.016667 0.014063
0 0.555556 0.733984 0.036111 0.030469
0 0.611111 0.685937 0.022222 0.012500
0 0.456250 0.732422 0.034722 0.016406
0 0.615278 0.808984 0.038889 0.032031
0 0.515278 0.309766 0.030556 0.024219
0 0.545833 0.308594 0.030556 0.021875
0 0.322917 0.362500 0.023611 0.010937
0 0.445139 0.526172 0.018056 0.017969
0 0.563889 0.712109 0.027778 0.013281
0 0.963889 0.762109 0.058333 0.021094
0 0.075000 0.385547 0.025000 0.011719
0 0.042361 0.373828 0.015278 0.011719
0 0.016667 0.340234 0.025000 0.011719
0 0.017361 0.423047 0.029167 0.013281
0 0.034722 0.462891 0.036111 0.016406
0 0.031944 0.480469 0.033333 0.018750
0 0.064583 0.479687 0.031944 0.018750
0 0.334028 0.441797 0.045833 0.021094