0 0.489583 0.039453 0.043056 0.024219
0 0.597917 0.071484 0.056944 0.036719
0 0.552778 0.137891 0.052778 0.035156
0 0.391667 0.130078 0.047222 0.030469
0 0.351389 0.160547 0.019444 0.016406
0 0.395139 0.159766 0.029167 0.017969
0 0.488889 0.185938 0.052778 0.017188
0 0.451389 0.185547 0.033333 0.017969
0 0.352083 0.182812 0.026389 0.029687
0 0.374306 0.211328 0.051389 0.030469
0 0.350694 0.239453 0.051389 0.027344
0 0.269444 0.281641 0.047222 0.019531
0 0.262500 0.310547 0.038889 0.022656
0 0.328472 0.294922 0.031944 0.017969
0 0.493750 0.258594 0.023611 0.017188
0 0.295139 0.317969 0.015278 0.009375
0 0.327083 0.328125 0.031944 0.015625
0 0.557639 0.408203 0.051389 0.024219
0 0.336111 0.396875 0.038889 0.015625
0 0.251389 0.390234 0.027778 0.017969
0 0.593750 0.461328 0.043056 0.025781
0 0.348611 0.438672 0.050000 0.022656
0 0.324306 0.506641 0.048611 0.028906
0 0.344444 0.463281 0.036111 0.025000
0 0.388194 0.476562 0.054167 0.020313
0 0.354167 0.502344 0.019444 0.017188
0 0.205556 0.492969 0.044444 0.021875
0 0.220139 0.447266 0.026389 0.024219
0 0.242361 0.518359 0.034722 0.016406
0 0.201389 0.587109 0.036111 0.019531
0 0.259722 0.601953 0.033333 0.028906
0 0.527083 0.535156 0.037500 0.023438
0 0.632639 0.536719 0.048611 0.020313
0 0.585417 0.535937 0.023611 0.021875
0 0.586806 0.575781 0.040278 0.018750
0 0.627083 0.592578 0.018056 0.016406
0 0.564583 0.658984 0.051389 0.025781
0 0.279861 0.515234 0.043056 0.025781
0 0.262500 0.429688 0.033333 0.009375
0 0.550694 0.357422 0.037500 0.011719
0 0.466667 0.250000 0.044444 0.026562
0 0.623611 0.419531 0.038889 0.020313
0 0.511806 0.696875 0.040278 0.023438
0 0.940278 0.703906 0.047222 0.023438
0 0.992361 0.599609 0.012500 0.019531
0 0.992361 0.560937 0.012500 0.012500
0 0.994444 0.579297 0.008333 0.014844
0 0.988889 0.625781 0.019444 0.010937
0 0.113194 0.785156 0.045833 0.021875
0 0.181250 0.801172 0.045833 0.024219
0 0.220833 0.784375 0.030556 0.021875
0 0.624306 0.725000 0.040278 0.028125
0 0.704167 0.687109 0.036111 0.030469
0 0.688194 0.753906 0.040278 0.023438