0 0.398611 0.339844 0.052778 0.023438
0 0.397917 0.368359 0.029167 0.025781
0 0.455556 0.374219 0.052778 0.028125
0 0.309028 0.428125 0.048611 0.026562
0 0.303472 0.494531 0.034722 0.023438
0 0.282639 0.529687 0.045833 0.029687
0 0.565972 0.628516 0.054167 0.030469
0 0.409722 0.630859 0.058333 0.027344
0 0.522917 0.692969 0.056944 0.021875
0 0.591667 0.759375 0.041667 0.029687
0 0.386111 0.713281 0.061111 0.031250
0 0.310417 0.795312 0.054167 0.034375
0 0.155556 0.836719 0.050000 0.029687
0 0.484722 0.809375 0.047222 0.035937
0 0.530556 0.826562 0.050000 0.020313
0 0.514583 0.873828 0.040278 0.032031
0 0.553472 0.902734 0.029167 0.024219
0 0.602778 0.909766 0.066667 0.017969
0 0.705556 0.755859 0.036111 0.016406
0 0.424306 0.855078 0.054167 0.024219
0 0.414583 0.832422 0.051389 0.022656
0 0.413194 0.732422 0.062500 0.024219
0 0.643056 0.751172 0.030556 0.017969
0 0.690278 0.637500 0.038889 0.015625
0 0.445139 0.677344 0.045833 0.018750
0 0.359722 0.354297 0.025000 0.013281
0 0.645139 0.630469 0.048611 0.018750
0 0.607639 0.706250 0.040278 0.020313
0 0.397222 0.669531 0.038889 0.020313
0 0.563889 0.720313 0.041667 0.020313
0 0.108333 0.950000 0.055556 0.029687
0 0.664583 0.928906 0.031944 0.023438
0 0.901389 0.979688 0.044444 0.026562
0 0.961111 0.981641 0.019444 0.017969