0 0.462500 0.200391 0.038889 0.022656
0 0.376389 0.242578 0.038889 0.024219
0 0.478472 0.253516 0.051389 0.027344
0 0.413194 0.303516 0.034722 0.022656
0 0.459722 0.325000 0.036111 0.023438
0 0.484028 0.320312 0.040278 0.025000
0 0.536806 0.298828 0.031944 0.016406
0 0.468750 0.363672 0.045833 0.025781
0 0.536806 0.329297 0.040278 0.022656
0 0.574306 0.325781 0.037500 0.020313
0 0.559028 0.362891 0.048611 0.024219
0 0.618056 0.373828 0.038889 0.019531
0 0.661806 0.393359 0.045833 0.024219
0 0.781250 0.408594 0.043056 0.021875
0 0.594444 0.412109 0.036111 0.024219
0 0.632639 0.426953 0.034722 0.021094
0 0.695139 0.438281 0.029167 0.021875
0 0.602083 0.427344 0.026389 0.018750
0 0.416667 0.428516 0.036111 0.021094
0 0.411806 0.453125 0.037500 0.023438
0 0.418750 0.498437 0.043056 0.023438
0 0.624306 0.480469 0.029167 0.017188
0 0.579167 0.523047 0.030556 0.024219
0 0.612500 0.530078 0.036111 0.021094
0 0.630556 0.519922 0.025000 0.014844
0 0.656250 0.540625 0.029167 0.012500
0 0.572917 0.550391 0.031944 0.021094
0 0.548611 0.563672 0.047222 0.025781
0 0.659028 0.588281 0.040278 0.015625
0 0.672222 0.571094 0.025000 0.015625
0 0.751389 0.640625 0.052778 0.029687
0 0.925000 0.678906 0.041667 0.028125
0 0.963194 0.670312 0.020833 0.021875
0 0.891667 0.685156 0.038889 0.020313
0 0.804861 0.700391 0.037500 0.032031
0 0.386806 0.612891 0.054167 0.025781
0 0.324306 0.630078 0.045833 0.027344
0 0.266667 0.625000 0.047222 0.025000
0 0.243750 0.648828 0.045833 0.022656
0 0.232639 0.660937 0.040278 0.025000
0 0.408333 0.667188 0.041667 0.023438
0 0.370833 0.674609 0.038889 0.021094
0 0.359028 0.651953 0.029167 0.011719
0 0.359722 0.707031 0.044444 0.023438
0 0.358333 0.723047 0.033333 0.011719
0 0.250000 0.763672 0.041667 0.025781
0 0.290972 0.730469 0.020833 0.007812
0 0.317361 0.801172 0.026389 0.021094
0 0.372917 0.816406 0.051389 0.026562
0 0.507639 0.806250 0.040278 0.028125
0 0.459722 0.809766 0.022222 0.011719
0 0.783333 0.803125 0.052778 0.025000
0 0.631250 0.779297 0.026389 0.021094
0 0.661111 0.775391 0.033333 0.017969
0 0.272917 0.899609 0.034722 0.019531
0 0.311111 0.893750 0.033333 0.021875
0 0.342361 0.873828 0.026389 0.025781
0 0.397917 0.865234 0.040278 0.021094
0 0.762500 0.851172 0.055556 0.030469
0 0.783333 0.825781 0.050000 0.020313
0 0.846528 0.884766 0.051389 0.033594
0 0.797917 0.879687 0.040278 0.017188
0 0.904167 0.910937 0.038889 0.026562
0 0.874306 0.896094 0.031944 0.031250
0 0.151389 0.929688 0.041667 0.021875
0 0.333333 0.654297 0.033333 0.019531
0 0.236111 0.809766 0.027778 0.016406
0 0.737500 0.743359 0.036111 0.016406
0 0.722917 0.726172 0.020833 0.011719
0 0.497917 0.624219 0.031944 0.025000
0 0.425000 0.518750 0.033333 0.020313
0 0.836111 0.969922 0.022222 0.027344
0 0.360417 0.630469 0.026389 0.014063
0 0.905556 0.875000 0.019444 0.017188
0 0.873611 0.813672 0.016667 0.013281
0 0.777083 0.778516 0.034722 0.024219
0 0.977083 0.723047 0.043056 0.028906
0 0.985417 0.694141 0.026389 0.024219
0 0.987500 0.514453 0.022222 0.013281
0 0.984028 0.808203 0.029167 0.021094