0 0.525694 0.136328 0.065278 0.036719
0 0.456944 0.183984 0.058333 0.033594
0 0.425000 0.182422 0.027778 0.025781
0 0.335417 0.207031 0.054167 0.031250
0 0.383333 0.204687 0.041667 0.029687
0 0.434722 0.227344 0.058333 0.035937
0 0.571528 0.235937 0.045833 0.023438
0 0.312500 0.230469 0.047222 0.026562
0 0.324306 0.254688 0.048611 0.020313
0 0.380556 0.285938 0.055556 0.021875
0 0.545139 0.301953 0.051389 0.028906
0 0.329167 0.301172 0.038889 0.027344
0 0.377083 0.308594 0.043056 0.021875
0 0.587500 0.364063 0.058333 0.029687
0 0.635417 0.365234 0.043056 0.025781
0 0.352778 0.334375 0.061111 0.029687
0 0.310417 0.328516 0.029167 0.021094
0 0.123611 0.364844 0.069444 0.039062
0 0.089583 0.375391 0.056944 0.024219
0 0.356250 0.368750 0.048611 0.018750
0 0.374306 0.353906 0.034722 0.015625
0 0.405556 0.353906 0.022222 0.014063
0 0.406944 0.382422 0.061111 0.027344
0 0.375694 0.386719 0.026389 0.026562
0 0.461111 0.413281 0.036111 0.023438
0 0.347222 0.432812 0.061111 0.032813
0 0.559722 0.444531 0.063889 0.026562
0 0.482639 0.467969 0.040278 0.034375
0 0.536806 0.470313 0.048611 0.026562
0 0.256944 0.469531 0.047222 0.029687
0 0.319444 0.458984 0.050000 0.019531
0 0.368056 0.463281 0.055556 0.021875
0 0.152778 0.486719 0.044444 0.039062
0 0.101389 0.492969 0.072222 0.042188
0 0.025000 0.441406 0.047222 0.034375
0 0.021528 0.461328 0.040278 0.014844
0 0.631250 0.489063 0.062500 0.032813
0 0.480556 0.524609 0.052778 0.027344
0 0.637500 0.547656 0.061111 0.031250
0 0.681944 0.653516 0.061111 0.036719
0 0.836806 0.648828 0.051389 0.022656
0 0.181250 0.682813 0.043056 0.028125
0 0.458333 0.637109 0.047222 0.025781
0 0.647917 0.680078 0.054167 0.032031
0 0.489583 0.239063 0.043056 0.025000
0 0.548611 0.214844 0.025000 0.029687