0 0.491667 0.112109 0.052778 0.042969
0 0.349306 0.192969 0.037500 0.025000
0 0.370139 0.194141 0.034722 0.024219
0 0.545833 0.221094 0.050000 0.029687
0 0.579167 0.253125 0.038889 0.020313
0 0.593056 0.283594 0.050000 0.021875
0 0.411806 0.312109 0.040278 0.022656
0 0.693056 0.253516 0.030556 0.022656
0 0.665972 0.254297 0.026389 0.021094
0 0.625000 0.250781 0.027778 0.015625
0 0.459028 0.266406 0.029167 0.020313
0 0.436806 0.288672 0.026389 0.017969
0 0.386111 0.323828 0.030556 0.016406
0 0.172222 0.325000 0.033333 0.018750
0 0.172222 0.341797 0.036111 0.019531
0 0.381250 0.306641 0.023611 0.013281
0 0.406944 0.271484 0.036111 0.010156
0 0.628472 0.419922 0.031944 0.016406
0 0.354167 0.407031 0.030556 0.023438
0 0.830556 0.477734 0.036111 0.017969
0 0.515278 0.533203 0.038889 0.019531
0 0.443750 0.575000 0.059722 0.026562
0 0.393056 0.591016 0.038889 0.030469
0 0.481250 0.596484 0.056944 0.032031
0 0.675694 0.616797 0.048611 0.030469
0 0.837500 0.494531 0.036111 0.015625
0 0.390278 0.289844 0.027778 0.015625
0 0.625000 0.400391 0.016667 0.005469
0 0.908333 0.333984 0.044444 0.016406
0 0.941667 0.528125 0.052778 0.023438
0 0.515278 0.224609 0.030556 0.019531
0 0.429167 0.266797 0.027778 0.016406
0 0.520833 0.516797 0.047222 0.024219