0 0.527778 0.200781 0.047222 0.026562
0 0.343750 0.360938 0.029167 0.017188
0 0.310417 0.356641 0.037500 0.021094
0 0.671528 0.393359 0.034722 0.019531
0 0.725000 0.428516 0.038889 0.027344
0 0.653472 0.410547 0.023611 0.014844
0 0.625694 0.399609 0.023611 0.022656
0 0.565972 0.433984 0.040278 0.013281
0 0.518750 0.454688 0.040278 0.023438
0 0.334028 0.430078 0.048611 0.024219
0 0.346528 0.461328 0.045833 0.019531
0 0.281944 0.544141 0.030556 0.025781
0 0.323611 0.550000 0.044444 0.015625
0 0.302778 0.655859 0.050000 0.027344
0 0.319444 0.605078 0.033333 0.021094
0 0.275694 0.620313 0.056944 0.021875
0 0.920833 0.561719 0.027778 0.009375
0 0.813194 0.667188 0.031944 0.018750
0 0.949306 0.660547 0.026389 0.013281
0 0.248611 0.445703 0.027778 0.021094
0 0.184722 0.446875 0.022222 0.015625
0 0.088194 0.538672 0.045833 0.019531
0 0.120139 0.526172 0.023611 0.014844
0 0.114583 0.547266 0.020833 0.008594
0 0.131250 0.502734 0.020833 0.022656
0 0.525000 0.736719 0.044444 0.014063
0 0.650000 0.677734 0.011111 0.016406
0 0.879167 0.635156 0.041667 0.017188
0 0.905556 0.666406 0.044444 0.021875
0 0.950000 0.681641 0.019444 0.022656