0 0.471528 0.058203 0.031944 0.025781
0 0.500694 0.074609 0.045833 0.028906
0 0.440972 0.095312 0.043056 0.023438
0 0.479167 0.089844 0.036111 0.014063
0 0.391667 0.113672 0.022222 0.024219
0 0.459722 0.141016 0.038889 0.028906
0 0.486806 0.139844 0.020833 0.026562
0 0.436111 0.170703 0.030556 0.024219
0 0.507639 0.178125 0.029167 0.023438
0 0.479167 0.197266 0.041667 0.024219
0 0.449306 0.217188 0.051389 0.029687
0 0.386111 0.187109 0.052778 0.030469
0 0.393750 0.242188 0.023611 0.017188
0 0.351389 0.280859 0.044444 0.021094
0 0.336111 0.294531 0.033333 0.014063
0 0.525000 0.226953 0.041667 0.021094
0 0.501389 0.253906 0.036111 0.026562
0 0.602778 0.290625 0.036111 0.026562
0 0.667361 0.319922 0.048611 0.025781
0 0.682639 0.332813 0.034722 0.023438
0 0.527083 0.316797 0.040278 0.019531
0 0.485417 0.330859 0.029167 0.017969
0 0.517361 0.336719 0.029167 0.015625
0 0.473611 0.375781 0.050000 0.023438
0 0.207639 0.376953 0.037500 0.017969
0 0.375694 0.446875 0.043056 0.023438
0 0.640278 0.423438 0.036111 0.021875
0 0.697222 0.441016 0.033333 0.025781
0 0.613194 0.441406 0.037500 0.023438
0 0.517361 0.483594 0.045833 0.020313
0 0.537500 0.503516 0.038889 0.027344
0 0.585417 0.527344 0.029167 0.015625
0 0.327083 0.508203 0.048611 0.027344
0 0.277778 0.501563 0.044444 0.026562
0 0.538889 0.544531 0.033333 0.023438
0 0.518750 0.567578 0.031944 0.019531
0 0.343056 0.573438 0.050000 0.029687
0 0.366667 0.592578 0.038889 0.024219
0 0.299306 0.608203 0.034722 0.017969
0 0.510417 0.646094 0.043056 0.025000
0 0.553472 0.633594 0.034722 0.018750
0 0.498611 0.724609 0.047222 0.027344
0 0.525694 0.772656 0.037500 0.029687
0 0.586111 0.850781 0.038889 0.032813
0 0.415278 0.136719 0.050000 0.029687
0 0.503472 0.357031 0.023611 0.020313
0 0.638194 0.445703 0.037500 0.027344
0 0.237500 0.576172 0.033333 0.021094
0 0.395833 0.558203 0.022222 0.014844
0 0.523611 0.628125 0.030556 0.020313
0 0.475694 0.648438 0.026389 0.026562
0 0.595139 0.712109 0.048611 0.028906
0 0.425000 0.769141 0.030556 0.021094
0 0.959028 0.797266 0.062500 0.022656
0 0.638889 0.845703 0.041667 0.030469
0 0.245139 0.617188 0.026389 0.017188
0 0.405556 0.572266 0.016667 0.014844