0 0.577083 0.017969 0.034722 0.023438
0 0.573611 0.037500 0.033333 0.018750
0 0.594444 0.025391 0.030556 0.022656
0 0.649306 0.019141 0.023611 0.022656
0 0.674306 0.044922 0.040278 0.014844
0 0.607639 0.062500 0.037500 0.028125
0 0.650694 0.055078 0.020833 0.017969
0 0.618750 0.076172 0.037500 0.022656
0 0.670139 0.071875 0.023611 0.020313
0 0.647222 0.096484 0.038889 0.022656
0 0.575000 0.111328 0.036111 0.024219
0 0.702083 0.116016 0.043056 0.025781
0 0.677778 0.129688 0.036111 0.021875
0 0.678472 0.155859 0.034722 0.021094
0 0.631250 0.155859 0.040278 0.027344
0 0.685417 0.170703 0.020833 0.014844
0 0.621528 0.169141 0.026389 0.025781
0 0.550000 0.160547 0.036111 0.017969
0 0.577778 0.176953 0.038889 0.025781
0 0.604861 0.203516 0.029167 0.019531
0 0.542361 0.215625 0.034722 0.023438
0 0.491667 0.210156 0.038889 0.023438
0 0.697222 0.225781 0.030556 0.020313
0 0.717361 0.230859 0.037500 0.021094
0 0.404167 0.248828 0.047222 0.027344
0 0.623611 0.257812 0.025000 0.023438
0 0.625694 0.246094 0.015278 0.017188
0 0.570139 0.258594 0.026389 0.014063
0 0.550000 0.249219 0.027778 0.018750
0 0.581250 0.304688 0.015278 0.014063
0 0.847917 0.295703 0.029167 0.013281
0 0.736111 0.351953 0.047222 0.025781
0 0.737500 0.372656 0.041667 0.018750
0 0.609028 0.362891 0.023611 0.010156
0 0.611111 0.373047 0.016667 0.010156
0 0.520833 0.320312 0.019444 0.017188
0 0.477778 0.359375 0.044444 0.020313
0 0.409722 0.362500 0.030556 0.025000
0 0.816667 0.391406 0.058333 0.032813
0 0.791667 0.382812 0.038889 0.026562
0 0.762500 0.386719 0.030556 0.031250
0 0.793750 0.403125 0.023611 0.020313
0 0.757639 0.417969 0.031944 0.017188
0 0.750000 0.435156 0.047222 0.026562
0 0.707639 0.457813 0.026389 0.017188
0 0.697222 0.479687 0.019444 0.012500
0 0.555556 0.416406 0.036111 0.020313
0 0.625000 0.473828 0.044444 0.024219
0 0.486806 0.464844 0.043056 0.026562
0 0.519444 0.462891 0.022222 0.016406
0 0.731250 0.507812 0.034722 0.026562
0 0.137500 0.435547 0.063889 0.017969
0 0.733333 0.580859 0.038889 0.027344
0 0.717361 0.626172 0.054167 0.028906
0 0.739583 0.684375 0.043056 0.026562
0 0.699306 0.687891 0.043056 0.027344
0 0.609028 0.626563 0.037500 0.017188
0 0.526389 0.615625 0.036111 0.018750
0 0.491667 0.660547 0.038889 0.014844
0 0.201389 0.685547 0.044444 0.024219
0 0.163194 0.678906 0.034722 0.023438
0 0.828472 0.523828 0.054167 0.024219
0 0.601389 0.125000 0.047222 0.035937
0 0.561806 0.180078 0.026389 0.030469
0 0.561806 0.458594 0.031944 0.015625
0 0.744444 0.494531 0.016667 0.010937
0 0.838194 0.410938 0.037500 0.025000
0 0.540278 0.182422 0.016667 0.013281
0 0.667361 0.480078 0.034722 0.013281
0 0.892361 0.336719 0.020833 0.012500
0 0.449306 0.365625 0.015278 0.025000