0 0.853472 0.435547 0.056944 0.030469
0 0.847222 0.381250 0.055556 0.029687
0 0.768750 0.508984 0.045833 0.021094
0 0.661111 0.567969 0.044444 0.028125
0 0.595833 0.565234 0.050000 0.025781
0 0.247917 0.485156 0.037500 0.021875
0 0.293750 0.450391 0.040278 0.019531
0 0.189583 0.464844 0.040278 0.021875
0 0.218750 0.412891 0.045833 0.027344
0 0.079861 0.433594 0.031944 0.017188
0 0.734028 0.307031 0.043056 0.029687
0 0.650694 0.360938 0.031944 0.025000
0 0.404167 0.449219 0.036111 0.020313
0 0.402083 0.305469 0.040278 0.020313
0 0.268750 0.195312 0.034722 0.017188
0 0.452778 0.157812 0.038889 0.023438
0 0.492361 0.114453 0.037500 0.021094
0 0.622222 0.117188 0.038889 0.023438
0 0.507639 0.151172 0.037500 0.017969
0 0.468750 0.213672 0.026389 0.024219
0 0.513194 0.215625 0.037500 0.018750
0 0.535417 0.195312 0.037500 0.021875
0 0.668056 0.185547 0.041667 0.024219
0 0.653472 0.206250 0.040278 0.017188
0 0.859028 0.176563 0.037500 0.021875
0 0.947222 0.230469 0.038889 0.018750
0 0.884722 0.217969 0.030556 0.012500
0 0.864583 0.205469 0.031944 0.015625
0 0.732639 0.170703 0.045833 0.022656
0 0.665972 0.262109 0.026389 0.019531
0 0.738194 0.402734 0.037500 0.017969
0 0.636111 0.252344 0.025000 0.017188
0 0.506944 0.173828 0.030556 0.025781
0 0.559028 0.186328 0.023611 0.017969
0 0.592361 0.125781 0.029167 0.015625
0 0.819444 0.148047 0.036111 0.022656
0 0.690278 0.437500 0.033333 0.017188
0 0.493750 0.310937 0.034722 0.017188
0 0.434028 0.246875 0.026389 0.018750
0 0.417361 0.171484 0.037500 0.021094
0 0.620139 0.167578 0.040278 0.027344
0 0.699306 0.211719 0.034722 0.018750
0 0.484028 0.480078 0.031944 0.017969
0 0.685417 0.535937 0.051389 0.023438
0 0.486111 0.196094 0.030556 0.014063
0 0.453472 0.179688 0.023611 0.012500
0 0.609722 0.211719 0.038889 0.023438
0 0.589583 0.190234 0.037500 0.016406
0 0.365972 0.298828 0.034722 0.017969
0 0.377778 0.310547 0.027778 0.010156
0 0.012500 0.301172 0.019444 0.014844
0 0.238194 0.195312 0.031944 0.020313
0 0.299306 0.297656 0.037500 0.017188
0 0.325000 0.292187 0.025000 0.012500
0 0.011111 0.456641 0.019444 0.016406
0 0.105556 0.419531 0.025000 0.010937
0 0.228472 0.469922 0.034722 0.021094
0 0.466667 0.507031 0.027778 0.018750
0 0.497917 0.525000 0.023611 0.012500
0 0.486111 0.548828 0.027778 0.017969
0 0.638194 0.560547 0.034722 0.022656
0 0.658333 0.464062 0.022222 0.015625
0 0.752083 0.419531 0.034722 0.014063
0 0.564583 0.392969 0.023611 0.020313
0 0.636111 0.271484 0.036111 0.017969
0 0.688194 0.231641 0.037500 0.019531
0 0.818750 0.319922 0.040278 0.013281
0 0.923611 0.350391 0.036111 0.035156
0 0.984722 0.286719 0.027778 0.028125
0 0.919444 0.258203 0.030556 0.021094
0 0.993056 0.219531 0.011111 0.017188
0 0.790278 0.154688 0.027778 0.018750
0 0.701389 0.139063 0.033333 0.020313
0 0.739583 0.132422 0.034722 0.013281
0 0.543056 0.173828 0.041667 0.019531
0 0.675694 0.348047 0.034722 0.019531
0 0.767361 0.315234 0.026389 0.025781
0 0.768056 0.331641 0.022222 0.007031
0 0.787500 0.451953 0.030556 0.013281