0 0.491667 0.401953 0.041667 0.030469
0 0.536111 0.379688 0.044444 0.028125
0 0.589583 0.385547 0.045833 0.027344
0 0.456944 0.512891 0.050000 0.021094
0 0.767361 0.530469 0.043056 0.020313
0 0.809028 0.541016 0.037500 0.022656
0 0.847917 0.549609 0.040278 0.024219
0 0.657639 0.575000 0.040278 0.021875
0 0.255556 0.650000 0.036111 0.018750
0 0.291667 0.653125 0.019444 0.020313
0 0.279861 0.633984 0.031944 0.011719
0 0.345833 0.663672 0.036111 0.024219
0 0.334722 0.633984 0.022222 0.014844
0 0.633333 0.687109 0.030556 0.022656
0 0.690278 0.692187 0.033333 0.017188
0 0.667361 0.707031 0.040278 0.018750
0 0.861806 0.528516 0.034722 0.017969
0 0.610417 0.523438 0.031944 0.020313
0 0.568750 0.485547 0.029167 0.013281
0 0.255556 0.666797 0.033333 0.016406
0 0.470833 0.618359 0.036111 0.019531
0 0.634028 0.566016 0.029167 0.010156
0 0.713889 0.548828 0.016667 0.016406
0 0.622917 0.540625 0.026389 0.017188
0 0.447222 0.391797 0.047222 0.035156