0 0.528472 0.012109 0.051389 0.022656
0 0.551389 0.037500 0.052778 0.032813
0 0.603472 0.030469 0.051389 0.032813
0 0.504861 0.063672 0.062500 0.032031
0 0.534028 0.120703 0.059722 0.038281
0 0.594444 0.126562 0.055556 0.021875
0 0.471528 0.133203 0.037500 0.028906
0 0.444444 0.141016 0.038889 0.017969
0 0.581944 0.176563 0.052778 0.040625
0 0.632639 0.175000 0.054167 0.031250
0 0.600694 0.198047 0.018056 0.017969
0 0.488194 0.221875 0.040278 0.029687
0 0.335417 0.260937 0.051389 0.020313
0 0.384722 0.268359 0.036111 0.013281
0 0.425000 0.299609 0.047222 0.036719
0 0.490278 0.296484 0.030556 0.019531
0 0.805556 0.267969 0.063889 0.026562
0 0.875000 0.284766 0.058333 0.028906
0 0.536806 0.373828 0.023611 0.022656
0 0.067361 0.480078 0.026389 0.032031
0 0.106944 0.442578 0.047222 0.014844
0 0.130556 0.466797 0.044444 0.032031
0 0.295139 0.519922 0.056944 0.024219
0 0.466667 0.567969 0.061111 0.032813
0 0.540278 0.607031 0.069444 0.028125
0 0.555556 0.634766 0.050000 0.028906
0 0.496528 0.650391 0.065278 0.038281
0 0.356944 0.693750 0.036111 0.017188
0 0.550000 0.685156 0.027778 0.023438
0 0.864583 0.810937 0.051389 0.028125
0 0.833333 0.797656 0.038889 0.028125
0 0.748611 0.555859 0.069444 0.036719
0 0.676389 0.532422 0.052778 0.025781
0 0.770833 0.488281 0.041667 0.009375
0 0.511806 0.179297 0.065278 0.036719
0 0.535417 0.189062 0.045833 0.037500
0 0.615278 0.429297 0.036111 0.021094
0 0.699306 0.447656 0.068056 0.037500
0 0.101389 0.575391 0.052778 0.019531
0 0.277083 0.573047 0.045833 0.025781
0 0.051389 0.589063 0.038889 0.023438
0 0.018056 0.689844 0.030556 0.025000
0 0.093056 0.751563 0.038889 0.023438
0 0.320833 0.625781 0.055556 0.020313
0 0.661111 0.588672 0.058333 0.033594
0 0.639583 0.582422 0.048611 0.028906