0 0.771528 0.471875 0.048611 0.028125
0 0.486806 0.152344 0.045833 0.025000
0 0.511806 0.134766 0.040278 0.027344
0 0.645139 0.278906 0.048611 0.026562
0 0.659028 0.298828 0.040278 0.017969
0 0.552778 0.514453 0.047222 0.032031
0 0.654861 0.348438 0.040278 0.018750
0 0.585417 0.439453 0.045833 0.024219
0 0.595139 0.139844 0.034722 0.017188
0 0.249306 0.451172 0.048611 0.024219
0 0.075694 0.501172 0.065278 0.033594
0 0.390278 0.547266 0.055556 0.028906
0 0.375694 0.616406 0.051389 0.026562
0 0.520139 0.625781 0.045833 0.025000
0 0.279167 0.467187 0.044444 0.023438
0 0.355556 0.526172 0.047222 0.021094
0 0.375694 0.585156 0.048611 0.026562
0 0.524306 0.523047 0.040278 0.025781
0 0.341667 0.431641 0.025000 0.017969
0 0.635417 0.528125 0.040278 0.025000
0 0.669444 0.517188 0.047222 0.023438
0 0.739583 0.545703 0.048611 0.025781
0 0.728472 0.501563 0.037500 0.021875
0 0.692361 0.451562 0.043056 0.025000
0 0.658333 0.634766 0.041667 0.021094
0 0.172222 0.389062 0.033333 0.018750