0 0.810417 0.114453 0.054167 0.030469
0 0.799306 0.092188 0.045833 0.028125
0 0.929861 0.121875 0.056944 0.032813
0 0.201389 0.132422 0.033333 0.028906
0 0.140278 0.164062 0.044444 0.020313
0 0.168750 0.126172 0.031944 0.011719
0 0.040972 0.245703 0.045833 0.025781
0 0.122917 0.185938 0.023611 0.025000
0 0.234722 0.186328 0.047222 0.027344
0 0.116667 0.259766 0.036111 0.019531
0 0.197222 0.225391 0.022222 0.016406
0 0.197917 0.298438 0.031944 0.017188
0 0.713194 0.215234 0.045833 0.021094
0 0.761806 0.221484 0.026389 0.011719
0 0.715278 0.248828 0.038889 0.024219
0 0.772917 0.241797 0.043056 0.030469
0 0.379861 0.320312 0.040278 0.021875
0 0.397917 0.329688 0.043056 0.018750
0 0.895833 0.309766 0.041667 0.025781
0 0.177778 0.377734 0.047222 0.019531
0 0.299306 0.328516 0.023611 0.024219
0 0.913194 0.284375 0.034722 0.021875
0 0.234028 0.489453 0.045833 0.027344
0 0.025000 0.422266 0.019444 0.014844
0 0.719444 0.492969 0.044444 0.023438
0 0.188889 0.570312 0.027778 0.017188
0 0.071528 0.495312 0.020833 0.015625
0 0.358333 0.382812 0.036111 0.025000
0 0.383333 0.441797 0.036111 0.017969
0 0.434722 0.424219 0.041667 0.020313
0 0.676389 0.328906 0.030556 0.020313
0 0.795139 0.378125 0.037500 0.023438
0 0.822222 0.376563 0.047222 0.031250
0 0.889583 0.394141 0.034722 0.013281
0 0.845139 0.404297 0.031944 0.021094
0 0.877778 0.411328 0.033333 0.014844
0 0.665972 0.386328 0.037500 0.024219
0 0.721528 0.637109 0.045833 0.025781
0 0.689583 0.540625 0.026389 0.021875
0 0.700000 0.400000 0.027778 0.015625
0 0.229167 0.344531 0.025000 0.012500
0 0.768056 0.204297 0.041667 0.028906
0 0.825000 0.232422 0.022222 0.016406
0 0.882639 0.269531 0.020833 0.014063
0 0.963889 0.307812 0.022222 0.018750
0 0.934722 0.332422 0.025000 0.008594
0 0.027778 0.460938 0.019444 0.014063
0 0.911111 0.382812 0.019444 0.014063
0 0.970139 0.378516 0.029167 0.022656
0 0.592361 0.439453 0.031944 0.019531
0 0.044444 0.677344 0.041667 0.023438