0 0.112500 0.070703 0.025000 0.017969
0 0.127083 0.091406 0.037500 0.021875
0 0.109028 0.102344 0.020833 0.018750
0 0.159028 0.097266 0.020833 0.021094
0 0.165972 0.085156 0.018056 0.017188
0 0.129861 0.137109 0.037500 0.019531
0 0.144444 0.202734 0.036111 0.014844
0 0.094444 0.233984 0.027778 0.016406
0 0.072222 0.318750 0.033333 0.014063
0 0.070139 0.287500 0.034722 0.017188
0 0.140972 0.667578 0.045833 0.028906
0 0.200694 0.709766 0.037500 0.021094
0 0.478472 0.731641 0.070833 0.032031
0 0.293056 0.591797 0.036111 0.019531
0 0.202778 0.053516 0.038889 0.024219
0 0.242361 0.055469 0.034722 0.025000
0 0.249306 0.075781 0.031944 0.017188
0 0.236806 0.103516 0.034722 0.025781
0 0.280556 0.085938 0.027778 0.018750
0 0.272917 0.111719 0.037500 0.020313
0 0.290972 0.109766 0.018056 0.014844
0 0.251389 0.123828 0.041667 0.014844
0 0.250000 0.138281 0.030556 0.012500
0 0.325000 0.131641 0.013889 0.013281
0 0.300694 0.147656 0.029167 0.014063
0 0.253472 0.192578 0.029167 0.016406
0 0.297222 0.182031 0.027778 0.010937
0 0.258333 0.209766 0.019444 0.011719
0 0.281250 0.213672 0.026389 0.013281
0 0.314583 0.235156 0.051389 0.025000
0 0.249306 0.334766 0.048611 0.028906
0 0.276389 0.357422 0.044444 0.024219
0 0.337500 0.375000 0.033333 0.020313
0 0.388194 0.481641 0.059722 0.030469
0 0.358333 0.537109 0.027778 0.016406
0 0.482639 0.590625 0.068056 0.032813
0 0.393750 0.539453 0.012500 0.014844
0 0.309028 0.298047 0.034722 0.024219
0 0.372917 0.291016 0.037500 0.022656
0 0.402778 0.289453 0.030556 0.022656
0 0.394444 0.236719 0.019444 0.010937
0 0.434722 0.256250 0.050000 0.025000
0 0.454167 0.227344 0.047222 0.025000
0 0.374306 0.067969 0.031944 0.015625
0 0.413194 0.075391 0.034722 0.019531
0 0.468056 0.103906 0.030556 0.014063
0 0.434722 0.136719 0.033333 0.020313
0 0.422917 0.166406 0.029167 0.018750
0 0.469444 0.184375 0.022222 0.018750
0 0.529167 0.215625 0.033333 0.018750
0 0.657639 0.214062 0.034722 0.012500
0 0.555556 0.293750 0.025000 0.010937
0 0.522222 0.442188 0.030556 0.023438
0 0.584028 0.585547 0.026389 0.021094
0 0.670833 0.594531 0.047222 0.028125
0 0.709722 0.655469 0.030556 0.015625
0 0.735417 0.686328 0.018056 0.011719
0 0.832639 0.658203 0.012500 0.008594
0 0.863194 0.659375 0.031944 0.015625
0 0.947222 0.651953 0.033333 0.017969
0 0.868056 0.595703 0.016667 0.021094
0 0.495139 0.117969 0.018056 0.017188
0 0.510417 0.093359 0.020833 0.011719
0 0.547917 0.120313 0.045833 0.025000
0 0.583333 0.071094 0.041667 0.023438
0 0.568056 0.097266 0.033333 0.024219
0 0.625694 0.032813 0.026389 0.018750
0 0.688194 0.060547 0.026389 0.017969
0 0.626389 0.063281 0.052778 0.028125
0 0.604167 0.093359 0.025000 0.016406
0 0.616667 0.101172 0.033333 0.027344
0 0.650694 0.103516 0.051389 0.033594
0 0.750694 0.080469 0.015278 0.015625
0 0.747917 0.100391 0.031944 0.021094
0 0.762500 0.135937 0.027778 0.026562
0 0.600694 0.177734 0.037500 0.021094
0 0.574306 0.186328 0.037500 0.025781
0 0.748611 0.233984 0.030556 0.014844
0 0.829167 0.212109 0.052778 0.033594
0 0.911111 0.173437 0.025000 0.014063
0 0.988889 0.189844 0.016667 0.015625
0 0.842361 0.273828 0.054167 0.035156
0 0.938194 0.230859 0.031944 0.022656
0 0.972222 0.233984 0.030556 0.019531
0 0.967361 0.259375 0.034722 0.015625
0 0.935417 0.344922 0.056944 0.032031
0 0.961111 0.360156 0.030556 0.017188
0 0.956944 0.446875 0.033333 0.014063
0 0.952083 0.397656 0.023611 0.015625
0 0.789583 0.420312 0.031944 0.018750
0 0.731250 0.411328 0.045833 0.030469
0 0.745833 0.374219 0.033333 0.023438
0 0.775694 0.371484 0.034722 0.021094
0 0.795139 0.323828 0.029167 0.011719
0 0.642361 0.135156 0.034722 0.029687
0 0.628472 0.290234 0.018056 0.013281
0 0.015278 0.370312 0.027778 0.015625
0 0.570833 0.423047 0.063889 0.035156
0 0.691667 0.350000 0.052778 0.015625
0 0.962500 0.737891 0.027778 0.021094