0 0.669444 0.192188 0.055556 0.032813
0 0.662500 0.221094 0.041667 0.025000
0 0.691667 0.255859 0.052778 0.030469
0 0.651389 0.247266 0.016667 0.013281
0 0.595139 0.246094 0.045833 0.020313
0 0.586806 0.289844 0.056944 0.031250
0 0.711806 0.314063 0.029167 0.021875
0 0.750694 0.314063 0.051389 0.031250
0 0.573611 0.344531 0.058333 0.026562
0 0.590278 0.325000 0.041667 0.015625
0 0.616667 0.355859 0.050000 0.036719
0 0.666667 0.358203 0.050000 0.039844
0 0.390278 0.421094 0.061111 0.028125
0 0.322222 0.437891 0.052778 0.027344
0 0.729861 0.385156 0.054167 0.023438
0 0.829167 0.409375 0.058333 0.034375
0 0.718056 0.432031 0.055556 0.025000
0 0.752083 0.458203 0.062500 0.033594
0 0.797917 0.466406 0.043056 0.034375
0 0.841667 0.437500 0.055556 0.023438
0 0.619444 0.601562 0.063889 0.029687
0 0.684722 0.555469 0.050000 0.021875
0 0.727083 0.576953 0.059722 0.032031
0 0.777778 0.542578 0.041667 0.028906
0 0.882639 0.542188 0.048611 0.026562
0 0.913889 0.601953 0.038889 0.021094
0 0.943056 0.610938 0.022222 0.015625
0 0.803472 0.617188 0.023611 0.017188
0 0.464583 0.588672 0.037500 0.021094
0 0.555556 0.694531 0.058333 0.020313
0 0.364583 0.700391 0.034722 0.021094
0 0.386806 0.766797 0.068056 0.021094
0 0.054167 0.768750 0.044444 0.029687
0 0.638194 0.713281 0.056944 0.035937
0 0.753472 0.652344 0.045833 0.017188
0 0.765972 0.751953 0.023611 0.030469
0 0.651389 0.786328 0.044444 0.027344
0 0.017361 0.837891 0.034722 0.022656
0 0.175000 0.866406 0.044444 0.015625
0 0.268750 0.864453 0.037500 0.025781
0 0.458333 0.854688 0.052778 0.025000
0 0.350000 0.908594 0.022222 0.012500
0 0.197222 0.990234 0.055556 0.017969
0 0.653472 0.966797 0.062500 0.025781
0 0.709028 0.953125 0.054167 0.023438