0 0.360417 0.431641 0.045833 0.019531
0 0.339583 0.444531 0.034722 0.021875
0 0.415278 0.417969 0.025000 0.010937
0 0.465972 0.423047 0.026389 0.024219
0 0.952083 0.426563 0.051389 0.028125
0 0.907639 0.384375 0.018056 0.014063
0 0.934028 0.447266 0.048611 0.025781
0 0.921528 0.463281 0.040278 0.018750
0 0.991667 0.432812 0.013889 0.025000
0 0.392361 0.485156 0.023611 0.021875
0 0.453472 0.521094 0.034722 0.018750
0 0.502778 0.505078 0.036111 0.019531
0 0.527778 0.503125 0.022222 0.018750
0 0.493056 0.542188 0.058333 0.020313
0 0.836111 0.560156 0.038889 0.020313
0 0.912500 0.527344 0.025000 0.012500
0 0.886111 0.596094 0.030556 0.017188
0 0.836111 0.601953 0.030556 0.017969
0 0.577778 0.630859 0.041667 0.019531
0 0.181250 0.649609 0.031944 0.013281
0 0.201389 0.638672 0.038889 0.022656
0 0.204167 0.619922 0.030556 0.019531
0 0.225000 0.605078 0.038889 0.016406
0 0.235417 0.617578 0.031944 0.019531
0 0.296528 0.571875 0.037500 0.017188
0 0.313889 0.630078 0.041667 0.022656
0 0.388889 0.600391 0.025000 0.017969
0 0.445833 0.605078 0.030556 0.014844
0 0.478472 0.599609 0.043056 0.024219
0 0.475000 0.623047 0.050000 0.019531
0 0.383333 0.582812 0.036111 0.020313
0 0.375000 0.558594 0.030556 0.023438
0 0.406944 0.560547 0.036111 0.013281
0 0.971528 0.603516 0.012500 0.017969