0 0.050000 0.295703 0.016667 0.007031
0 0.109722 0.364844 0.019444 0.012500
0 0.136806 0.368359 0.031944 0.013281
0 0.152083 0.354687 0.018056 0.015625
0 0.226389 0.345313 0.022222 0.009375
0 0.176389 0.336719 0.016667 0.009375
0 0.242361 0.386719 0.029167 0.017188
0 0.272917 0.356250 0.009722 0.006250
0 0.311111 0.340625 0.016667 0.010937
0 0.380556 0.381641 0.019444 0.014844
0 0.361806 0.406641 0.015278 0.003906
0 0.502083 0.375391 0.009722 0.013281
0 0.236111 0.453125 0.016667 0.012500
0 0.349306 0.526172 0.020833 0.011719
0 0.230556 0.563672 0.025000 0.010156
0 0.412500 0.588281 0.033333 0.010937
0 0.426389 0.594141 0.013889 0.011719
0 0.448611 0.600391 0.016667 0.014844
0 0.474306 0.564453 0.020833 0.010156
0 0.596528 0.559766 0.009722 0.008594
0 0.628472 0.593750 0.023611 0.010937
0 0.601389 0.593359 0.008333 0.008594
0 0.549306 0.607031 0.009722 0.010937
0 0.545139 0.659766 0.029167 0.024219
0 0.591667 0.654687 0.016667 0.006250
0 0.507639 0.686328 0.015278 0.011719
0 0.526389 0.692969 0.022222 0.012500
0 0.590278 0.697266 0.013889 0.010156
0 0.554167 0.681250 0.011111 0.010937
0 0.668056 0.703906 0.022222 0.009375
0 0.719444 0.734375 0.022222 0.018750
0 0.699306 0.683203 0.009722 0.019531
0 0.859028 0.680859 0.012500 0.011719
0 0.847917 0.450000 0.015278 0.007812
0 0.814583 0.416406 0.018056 0.007812
0 0.656250 0.434375 0.015278 0.009375
0 0.447917 0.458984 0.012500 0.013281
0 0.557639 0.440234 0.026389 0.014844
0 0.781250 0.386719 0.009722 0.007812
0 0.552083 0.418750 0.023611 0.020313
0 0.600000 0.440234 0.016667 0.010156
0 0.651389 0.341016 0.027778 0.014844
0 0.625694 0.321094 0.018056 0.009375
0 0.538889 0.295312 0.022222 0.012500
0 0.556250 0.266797 0.026389 0.016406
0 0.584722 0.264453 0.025000 0.014844
0 0.611111 0.241016 0.013889 0.013281
0 0.534722 0.250391 0.030556 0.016406
0 0.538889 0.208984 0.022222 0.010156
0 0.483333 0.233984 0.022222 0.013281
0 0.456250 0.239453 0.023611 0.014844
0 0.455556 0.223438 0.022222 0.012500
0 0.392361 0.229297 0.015278 0.008594
0 0.377083 0.244531 0.026389 0.017188
0 0.405556 0.246875 0.027778 0.017188
0 0.501389 0.186328 0.011111 0.010156
0 0.471528 0.190234 0.006944 0.011719
0 0.543056 0.169922 0.022222 0.011719
0 0.520833 0.145703 0.022222 0.008594
0 0.432639 0.171875 0.023611 0.015625
0 0.531944 0.276562 0.008333 0.006250
0 0.168056 0.634375 0.019444 0.014063
0 0.138194 0.396484 0.020833 0.021094
0 0.507639 0.168359 0.040278 0.010156
0 0.826389 0.429297 0.022222 0.008594
0 0.840972 0.423047 0.023611 0.013281
0 0.325694 0.537891 0.029167 0.022656
0 0.568056 0.540234 0.022222 0.011719
0 0.548611 0.538281 0.016667 0.007812
0 0.331944 0.580859 0.022222 0.022656
0 0.303472 0.580469 0.012500 0.010937
0 0.281944 0.580469 0.019444 0.012500
0 0.214583 0.583203 0.031944 0.014844
0 0.663194 0.737500 0.029167 0.018750
0 0.875694 0.697266 0.026389 0.010156
0 0.900000 0.682422 0.019444 0.011719
0 0.925694 0.669141 0.015278 0.013281
0 0.539583 0.621094 0.029167 0.014063
0 0.768750 0.726172 0.043056 0.016406
0 0.844444 0.726562 0.033333 0.010937
0 0.773611 0.778516 0.027778 0.017969
0 0.821528 0.765625 0.026389 0.017188