0 0.616667 0.158203 0.041667 0.025781
0 0.643056 0.144141 0.027778 0.017969
0 0.724306 0.144141 0.018056 0.016406
0 0.777083 0.284375 0.040278 0.021875
0 0.784722 0.300000 0.047222 0.021875
0 0.765972 0.346484 0.031944 0.013281
0 0.687500 0.441406 0.033333 0.017188
0 0.796528 0.452344 0.031944 0.017188
0 0.882639 0.469531 0.043056 0.026562
0 0.831250 0.503516 0.026389 0.019531
0 0.834028 0.546484 0.045833 0.025781
0 0.761806 0.516406 0.045833 0.023438
0 0.731944 0.527344 0.033333 0.021875
0 0.650694 0.512891 0.048611 0.030469
0 0.625000 0.516016 0.036111 0.024219
0 0.501389 0.537109 0.022222 0.022656
0 0.463889 0.603906 0.047222 0.025000
0 0.610417 0.619141 0.043056 0.024219
0 0.743750 0.632812 0.040278 0.020313
0 0.475694 0.546484 0.012500 0.010156
0 0.363194 0.444922 0.031944 0.017969
0 0.386111 0.459375 0.025000 0.015625
0 0.182639 0.491016 0.043056 0.025781
0 0.054861 0.434375 0.037500 0.012500
0 0.443750 0.429688 0.026389 0.018750
0 0.472917 0.573438 0.034722 0.018750