0 0.697917 0.026172 0.031944 0.014844
0 0.815972 0.039844 0.048611 0.029687
0 0.708333 0.095312 0.041667 0.028125
0 0.813889 0.115234 0.050000 0.027344
0 0.779167 0.123828 0.027778 0.022656
0 0.762500 0.146875 0.036111 0.018750
0 0.807639 0.165625 0.051389 0.032813
0 0.883333 0.128906 0.044444 0.029687
0 0.879167 0.092969 0.030556 0.021875
0 0.719444 0.234766 0.047222 0.027344
0 0.709028 0.263281 0.037500 0.026562
0 0.866667 0.349609 0.044444 0.025781
0 0.858333 0.385547 0.050000 0.025781
0 0.020833 0.424609 0.025000 0.021094
0 0.787500 0.410156 0.025000 0.006250
0 0.709722 0.429688 0.055556 0.029687
0 0.106944 0.516797 0.033333 0.017969
0 0.140278 0.515625 0.025000 0.020313
0 0.052778 0.534766 0.050000 0.024219
0 0.120139 0.532031 0.023611 0.010937
0 0.579861 0.438672 0.048611 0.027344
0 0.638889 0.448828 0.050000 0.030469
0 0.697917 0.485156 0.045833 0.028125
0 0.657639 0.495703 0.037500 0.022656
0 0.655556 0.473047 0.050000 0.022656
0 0.559028 0.461719 0.045833 0.025000
0 0.546528 0.478125 0.031944 0.017188
0 0.646528 0.526172 0.048611 0.024219
0 0.042361 0.625000 0.040278 0.021875
0 0.077083 0.617188 0.040278 0.029687
0 0.101389 0.556641 0.044444 0.021094
0 0.080556 0.644531 0.050000 0.026562
0 0.202083 0.650391 0.040278 0.021094
0 0.842361 0.605078 0.037500 0.019531
0 0.883333 0.603125 0.036111 0.021875
0 0.489583 0.578516 0.040278 0.022656
0 0.484028 0.619531 0.029167 0.017188
0 0.544444 0.616406 0.027778 0.017188
0 0.647917 0.632031 0.040278 0.025000
0 0.770139 0.625000 0.037500 0.020313
0 0.723611 0.623828 0.030556 0.014844
0 0.687500 0.676953 0.027778 0.017969
0 0.628472 0.674219 0.023611 0.012500
0 0.619444 0.701172 0.022222 0.017969
0 0.841667 0.124219 0.013889 0.014063
0 0.935417 0.126953 0.048611 0.022656
0 0.901389 0.164062 0.055556 0.028125
0 0.943750 0.184766 0.029167 0.016406
0 0.990278 0.209375 0.013889 0.023438
0 0.920833 0.226172 0.044444 0.025781
0 0.958333 0.244141 0.041667 0.025781
0 0.979861 0.258594 0.031944 0.020313
0 0.638194 0.282813 0.020833 0.009375
0 0.731250 0.313672 0.040278 0.025781
0 0.715972 0.337109 0.048611 0.019531
0 0.902778 0.301953 0.019444 0.011719
0 0.902778 0.351953 0.038889 0.025781
0 0.979861 0.415234 0.029167 0.014844
0 0.987500 0.447656 0.019444 0.010937
0 0.079167 0.430078 0.033333 0.025781
0 0.877083 0.544531 0.031944 0.029687
0 0.606250 0.623047 0.009722 0.017969
0 0.552778 0.546875 0.036111 0.010937