0 0.413194 0.087109 0.045833 0.032031
0 0.389583 0.105859 0.023611 0.024219
0 0.454167 0.364453 0.033333 0.022656
0 0.398611 0.476562 0.038889 0.023438
0 0.769444 0.485156 0.052778 0.017188
0 0.414583 0.577734 0.054167 0.028906
0 0.161806 0.530078 0.040278 0.019531
0 0.227778 0.569531 0.036111 0.026562
0 0.411806 0.671875 0.056944 0.021875
0 0.373611 0.719922 0.050000 0.030469
0 0.522917 0.721094 0.031944 0.014063
0 0.665278 0.754687 0.036111 0.010937
0 0.693056 0.749219 0.041667 0.020313
0 0.819444 0.705469 0.047222 0.015625
0 0.387500 0.800000 0.036111 0.021875
0 0.303472 0.873047 0.054167 0.035156
0 0.523611 0.860547 0.041667 0.017969
0 0.586806 0.864062 0.045833 0.021875
0 0.595833 0.840234 0.025000 0.014844
0 0.014583 0.791406 0.026389 0.037500
0 0.159028 0.586328 0.029167 0.014844
0 0.013889 0.639453 0.027778 0.021094
0 0.724306 0.565234 0.037500 0.021094