0 0.452083 0.136719 0.023611 0.015625
0 0.479167 0.137891 0.016667 0.010156
0 0.366667 0.164062 0.027778 0.015625
0 0.440278 0.159766 0.038889 0.008594
0 0.477083 0.161719 0.023611 0.009375
0 0.314583 0.239063 0.023611 0.017188
0 0.329861 0.224219 0.015278 0.010937
0 0.394444 0.216406 0.025000 0.014063
0 0.342361 0.242578 0.031944 0.019531
0 0.411111 0.227734 0.025000 0.021094
0 0.388194 0.235156 0.026389 0.015625
0 0.430556 0.183203 0.022222 0.016406
0 0.468750 0.201953 0.029167 0.016406
0 0.463889 0.242188 0.038889 0.017188
0 0.535417 0.232422 0.026389 0.016406
0 0.483333 0.290234 0.022222 0.014844
0 0.486111 0.260156 0.027778 0.017188
0 0.518750 0.257812 0.026389 0.014063
0 0.074306 0.366406 0.031944 0.014063
0 0.045833 0.363672 0.025000 0.014844
0 0.087500 0.350781 0.025000 0.017188
0 0.122222 0.338281 0.025000 0.021875
0 0.256944 0.337109 0.033333 0.013281
0 0.172222 0.381250 0.030556 0.010937
0 0.476389 0.415625 0.041667 0.020313
0 0.406250 0.371875 0.018056 0.018750
0 0.572222 0.335156 0.033333 0.015625
0 0.554167 0.312500 0.030556 0.014063
0 0.489583 0.437500 0.031944 0.015625
0 0.612500 0.421484 0.030556 0.013281
0 0.529861 0.433984 0.031944 0.013281
0 0.309028 0.404687 0.009722 0.012500
0 0.320833 0.483594 0.027778 0.015625
0 0.494444 0.537500 0.036111 0.017188
0 0.234028 0.528906 0.054167 0.025000
0 0.350694 0.499219 0.015278 0.012500
0 0.560417 0.589453 0.040278 0.021094
0 0.520833 0.587891 0.022222 0.014844
0 0.332639 0.590625 0.034722 0.021875
0 0.369444 0.596484 0.025000 0.024219
0 0.390278 0.566016 0.022222 0.014844
0 0.075694 0.640625 0.029167 0.023438
0 0.147222 0.583203 0.033333 0.021094
0 0.147222 0.562109 0.030556 0.013281
0 0.243750 0.582031 0.023611 0.023438
0 0.445139 0.687109 0.045833 0.022656
0 0.472917 0.660937 0.031944 0.015625
0 0.516667 0.652734 0.025000 0.011719
0 0.642361 0.731250 0.023611 0.020313
0 0.606944 0.730859 0.033333 0.017969
0 0.601389 0.698828 0.025000 0.019531
0 0.651389 0.680078 0.030556 0.021094
0 0.083333 0.392969 0.033333 0.015625
0 0.448611 0.478125 0.019444 0.014063
0 0.707639 0.769141 0.018056 0.019531
0 0.745833 0.759375 0.033333 0.017188
0 0.704167 0.715625 0.038889 0.017188
0 0.706944 0.732422 0.044444 0.014844
0 0.505556 0.695312 0.030556 0.014063
0 0.475694 0.676953 0.012500 0.016406
0 0.469444 0.271094 0.016667 0.015625
0 0.290278 0.379688 0.016667 0.012500
0 0.788889 0.408984 0.022222 0.011719
0 0.804861 0.415234 0.026389 0.013281
0 0.127778 0.539844 0.022222 0.010937
0 0.129167 0.621094 0.016667 0.009375
0 0.469444 0.649219 0.027778 0.007812
0 0.597222 0.576562 0.022222 0.009375
0 0.629861 0.590234 0.026389 0.010156
0 0.764583 0.585547 0.020833 0.011719
0 0.756250 0.653516 0.023611 0.013281