0 0.812500 0.007031 0.047222 0.012500
0 0.656944 0.025000 0.038889 0.026562
0 0.671528 0.109375 0.040278 0.026562
0 0.694444 0.100781 0.036111 0.026562
0 0.759722 0.069141 0.036111 0.019531
0 0.614583 0.159766 0.045833 0.025781
0 0.758333 0.137500 0.044444 0.029687
0 0.722917 0.138281 0.026389 0.018750
0 0.804167 0.045312 0.027778 0.012500
0 0.818056 0.114453 0.058333 0.042969
0 0.900000 0.219531 0.044444 0.028125
0 0.074306 0.287891 0.048611 0.024219
0 0.238889 0.292969 0.027778 0.017188
0 0.221528 0.306641 0.029167 0.016406
0 0.572222 0.200000 0.016667 0.018750
0 0.585417 0.238281 0.031944 0.017188
0 0.582639 0.253906 0.026389 0.012500
0 0.658333 0.262891 0.047222 0.027344
0 0.200694 0.346484 0.031944 0.022656
0 0.641667 0.313281 0.033333 0.018750
0 0.671528 0.329688 0.045833 0.025000
0 0.799306 0.217188 0.037500 0.023438
0 0.718750 0.235547 0.037500 0.022656
0 0.883333 0.312109 0.041667 0.022656
0 0.913889 0.322656 0.036111 0.021875
0 0.993750 0.242188 0.009722 0.014063
0 0.618056 0.366016 0.047222 0.028906
0 0.990972 0.366797 0.015278 0.022656
0 0.620139 0.396094 0.059722 0.034375
0 0.338889 0.414453 0.036111 0.025781
0 0.876389 0.408984 0.047222 0.017969
0 0.309722 0.510156 0.061111 0.031250
0 0.594444 0.427344 0.052778 0.026562
0 0.623611 0.480078 0.027778 0.016406
0 0.940278 0.332031 0.050000 0.015625
0 0.527083 0.658594 0.073611 0.040625
0 0.243056 0.572266 0.038889 0.021094
0 0.946528 0.685937 0.040278 0.017188
0 0.914583 0.639453 0.054167 0.013281
0 0.137500 0.266797 0.022222 0.017969
0 0.776389 0.084766 0.016667 0.011719
0 0.936806 0.296094 0.029167 0.012500
0 0.243750 0.417578 0.020833 0.011719
0 0.356250 0.380469 0.051389 0.010937
0 0.879167 0.670312 0.025000 0.017188
0 0.715972 0.630859 0.043056 0.019531
0 0.938194 0.702344 0.040278 0.017188
0 0.520833 0.479297 0.027778 0.019531
0 0.581250 0.458203 0.020833 0.010156