0 0.595139 0.068750 0.056944 0.039062
0 0.488889 0.152734 0.058333 0.027344
0 0.515278 0.174609 0.058333 0.030469
0 0.554167 0.178906 0.047222 0.037500
0 0.606250 0.174219 0.065278 0.040625
0 0.568750 0.201172 0.037500 0.019531
0 0.634028 0.305078 0.081944 0.030469
0 0.643056 0.324609 0.063889 0.017969
0 0.690972 0.326562 0.045833 0.025000
0 0.704167 0.350781 0.061111 0.026562
0 0.628472 0.348438 0.059722 0.020313
0 0.590972 0.372656 0.073611 0.040625
0 0.500000 0.398828 0.061111 0.030469
0 0.486111 0.424219 0.069444 0.034375
0 0.550000 0.430078 0.027778 0.021094
0 0.534028 0.460938 0.054167 0.023438
0 0.737500 0.449609 0.069444 0.024219
0 0.555556 0.509766 0.052778 0.036719
0 0.616667 0.508984 0.072222 0.042969
0 0.679861 0.530078 0.070833 0.032031
0 0.757639 0.518359 0.079167 0.035156
0 0.405556 0.581641 0.077778 0.032031
0 0.609722 0.601953 0.069444 0.039844
0 0.440278 0.627344 0.066667 0.029687
0 0.580556 0.648438 0.086111 0.040625
0 0.483333 0.621875 0.030556 0.014063
0 0.684028 0.622656 0.070833 0.037500
0 0.633333 0.636719 0.041667 0.028125
0 0.706250 0.650391 0.054167 0.027344
0 0.757639 0.656250 0.045833 0.039062
0 0.676389 0.706250 0.066667 0.045312
0 0.552083 0.680469 0.062500 0.034375
0 0.628472 0.695312 0.043056 0.043750
0 0.697222 0.812891 0.066667 0.047656
0 0.325000 0.901172 0.066667 0.041406
0 0.476389 0.883984 0.047222 0.032031
0 0.114583 0.883984 0.084722 0.030469
0 0.309722 0.785937 0.083333 0.028125
0 0.808333 0.597656 0.066667 0.031250