0 0.656250 0.105078 0.054167 0.028906
0 0.595833 0.116406 0.022222 0.020313
0 0.660417 0.138281 0.056944 0.031250
0 0.743750 0.140625 0.051389 0.025000
0 0.614583 0.201172 0.054167 0.035156
0 0.774306 0.180859 0.018056 0.008594
0 0.731944 0.247656 0.030556 0.017188
0 0.752778 0.269922 0.027778 0.017969
0 0.557639 0.285547 0.059722 0.030469
0 0.520139 0.322656 0.048611 0.029687
0 0.499306 0.328125 0.043056 0.026562
0 0.549306 0.319141 0.040278 0.032031
0 0.803472 0.281250 0.018056 0.023438
0 0.902083 0.426563 0.056944 0.034375
0 0.635417 0.466797 0.056944 0.027344
0 0.675000 0.480859 0.041667 0.021094
0 0.629167 0.429297 0.036111 0.027344
0 0.661111 0.431641 0.027778 0.007031
0 0.863889 0.499609 0.072222 0.035156
0 0.964583 0.557813 0.054167 0.031250
0 0.831250 0.522266 0.045833 0.021094
0 0.631944 0.509766 0.058333 0.022656
0 0.679861 0.535547 0.054167 0.019531
0 0.709028 0.547266 0.040278 0.017969
0 0.620833 0.590625 0.063889 0.034375
0 0.794444 0.606250 0.052778 0.034375
0 0.847222 0.622656 0.055556 0.032813
0 0.891667 0.641406 0.044444 0.028125
0 0.848611 0.667188 0.052778 0.029687
0 0.907639 0.680078 0.051389 0.032031
0 0.947917 0.691797 0.059722 0.025781
0 0.815278 0.689453 0.033333 0.016406
0 0.484028 0.624219 0.051389 0.026562
0 0.623611 0.653125 0.033333 0.010937
0 0.436111 0.738281 0.058333 0.029687
0 0.850694 0.789062 0.045833 0.029687
0 0.893750 0.807813 0.051389 0.028125
0 0.861806 0.576562 0.034722 0.018750
0 0.777778 0.561719 0.019444 0.014063
0 0.584722 0.470313 0.033333 0.025000
0 0.543750 0.502734 0.040278 0.016406
0 0.568056 0.487891 0.044444 0.024219
0 0.552083 0.567578 0.034722 0.011719
0 0.014583 0.262891 0.026389 0.027344
0 0.013194 0.292969 0.018056 0.023438
0 0.684028 0.652734 0.040278 0.013281
0 0.298611 0.778125 0.058333 0.025000
0 0.086806 0.512109 0.040278 0.019531
0 0.071528 0.459766 0.068056 0.032031