0 0.433333 0.189844 0.052778 0.028125
0 0.513194 0.177344 0.020833 0.020313
0 0.592361 0.188281 0.051389 0.031250
0 0.623611 0.197656 0.050000 0.029687
0 0.429167 0.248828 0.058333 0.025781
0 0.536111 0.294141 0.050000 0.035156
0 0.605556 0.382031 0.033333 0.017188
0 0.359028 0.408203 0.051389 0.025781
0 0.535417 0.421094 0.056944 0.029687
0 0.321528 0.561328 0.051389 0.021094
0 0.556944 0.526172 0.030556 0.013281
0 0.688194 0.485547 0.034722 0.021094
0 0.705556 0.531250 0.025000 0.020313
0 0.286806 0.660937 0.029167 0.014063
0 0.344444 0.693359 0.027778 0.014844
0 0.045139 0.288672 0.043056 0.025781
0 0.082639 0.301563 0.043056 0.021875
0 0.660417 0.396875 0.048611 0.018750
0 0.096528 0.748437 0.043056 0.031250
0 0.533333 0.698438 0.047222 0.026562
0 0.570833 0.608984 0.025000 0.017969
0 0.433333 0.301172 0.044444 0.019531
0 0.495833 0.324609 0.044444 0.024219
0 0.495139 0.356641 0.040278 0.019531
0 0.150000 0.470313 0.016667 0.017188
0 0.381250 0.377734 0.023611 0.019531
0 0.554861 0.471875 0.029167 0.018750
0 0.565278 0.376953 0.019444 0.008594
0 0.741667 0.480469 0.027778 0.018750
0 0.514583 0.578906 0.054167 0.035937
0 0.300694 0.792188 0.020833 0.014063
0 0.345139 0.642188 0.020833 0.028125
0 0.400000 0.665625 0.038889 0.015625
0 0.441667 0.691797 0.030556 0.024219