0 0.237500 0.385156 0.058333 0.021875
0 0.236806 0.413672 0.023611 0.016406
0 0.293056 0.435156 0.047222 0.025000
0 0.190972 0.444141 0.051389 0.024219
0 0.161111 0.463672 0.027778 0.014844
0 0.225000 0.468359 0.033333 0.016406
0 0.292361 0.475781 0.043056 0.025000
0 0.318056 0.503906 0.044444 0.023438
0 0.289583 0.514062 0.045833 0.029687
0 0.186806 0.528516 0.026389 0.011719
0 0.976389 0.419141 0.044444 0.027344
0 0.954861 0.432422 0.037500 0.019531
0 0.211111 0.591016 0.063889 0.027344
0 0.141667 0.640625 0.047222 0.015625
0 0.233333 0.658203 0.033333 0.021094
0 0.284722 0.614844 0.058333 0.028125
0 0.362500 0.585156 0.055556 0.028125
0 0.342361 0.638281 0.043056 0.025000
0 0.205556 0.720703 0.041667 0.021094
0 0.150694 0.722266 0.029167 0.027344
0 0.417361 0.645312 0.051389 0.028125
0 0.452778 0.668750 0.050000 0.025000
0 0.481250 0.622266 0.048611 0.019531
0 0.756944 0.603906 0.041667 0.018750
0 0.798611 0.589453 0.036111 0.017969
0 0.889583 0.561328 0.037500 0.021094
0 0.875694 0.616797 0.040278 0.016406
0 0.965972 0.546094 0.034722 0.023438
0 0.971528 0.570703 0.029167 0.025781
0 0.975694 0.591406 0.034722 0.018750
0 0.727083 0.630078 0.037500 0.017969
0 0.745139 0.620703 0.043056 0.014844
0 0.015972 0.735938 0.029167 0.023438