0 0.340972 0.713672 0.056944 0.033594
0 0.255556 0.659766 0.052778 0.030469
0 0.220139 0.691406 0.051389 0.029687
0 0.259722 0.681641 0.036111 0.016406
0 0.179167 0.732812 0.044444 0.028125
0 0.136806 0.753125 0.059722 0.028125
0 0.479167 0.629687 0.061111 0.034375
0 0.192361 0.585938 0.056944 0.025000
0 0.191667 0.606641 0.050000 0.019531
0 0.364583 0.239844 0.043056 0.025000
0 0.334722 0.190234 0.027778 0.011719
0 0.323611 0.312109 0.047222 0.030469
0 0.292361 0.314063 0.029167 0.021875
0 0.372222 0.353516 0.050000 0.025781
0 0.283333 0.353906 0.044444 0.028125
0 0.421528 0.362891 0.034722 0.017969
0 0.534028 0.452734 0.048611 0.028906
0 0.575694 0.517188 0.059722 0.032813
0 0.520139 0.505859 0.043056 0.019531
0 0.649306 0.556250 0.045833 0.023438
0 0.721528 0.578906 0.048611 0.028125
0 0.582639 0.607812 0.037500 0.020313
0 0.340972 0.480078 0.045833 0.027344
0 0.420139 0.507031 0.045833 0.020313
0 0.288889 0.558984 0.022222 0.022656
0 0.721528 0.815234 0.045833 0.027344
0 0.670833 0.810547 0.044444 0.027344
0 0.331250 0.800391 0.045833 0.024219
0 0.110417 0.894922 0.073611 0.041406
0 0.235417 0.815625 0.051389 0.026562
0 0.507639 0.914062 0.054167 0.034375
0 0.519444 0.881250 0.055556 0.034375
0 0.505556 0.521875 0.038889 0.021875
0 0.611111 0.537891 0.050000 0.014844
0 0.422917 0.453125 0.034722 0.018750
0 0.665278 0.585938 0.036111 0.023438
0 0.651389 0.612500 0.025000 0.014063
0 0.793056 0.808594 0.030556 0.023438
0 0.670139 0.768750 0.068056 0.025000
0 0.531944 0.776953 0.061111 0.028906
0 0.739583 0.838672 0.051389 0.025781
0 0.400694 0.272656 0.029167 0.023438
0 0.972917 0.729688 0.034722 0.017188
0 0.966667 0.972656 0.050000 0.025000