0 0.203472 0.384766 0.018056 0.008594
0 0.230556 0.390625 0.027778 0.012500
0 0.245139 0.375781 0.020833 0.014063
0 0.230556 0.366016 0.019444 0.005469
0 0.377778 0.364453 0.030556 0.013281
0 0.333333 0.407813 0.025000 0.015625
0 0.454167 0.407813 0.019444 0.014063
0 0.549306 0.405469 0.015278 0.010937
0 0.412500 0.430469 0.008333 0.007812
0 0.446528 0.508984 0.009722 0.003906
0 0.301389 0.525000 0.016667 0.010937
0 0.317361 0.539453 0.009722 0.010156
0 0.300694 0.564844 0.023611 0.014063
0 0.395139 0.575391 0.015278 0.005469
0 0.306250 0.609375 0.009722 0.006250
0 0.270833 0.602344 0.008333 0.009375
0 0.009722 0.629297 0.011111 0.010156
0 0.090278 0.665234 0.013889 0.017969
0 0.140278 0.693750 0.030556 0.015625
0 0.117361 0.725000 0.031944 0.020313
0 0.504167 0.606250 0.019444 0.015625
0 0.642361 0.563281 0.012500 0.009375
0 0.656944 0.685156 0.025000 0.015625
0 0.609028 0.710547 0.018056 0.011719
0 0.668750 0.705859 0.015278 0.010156
0 0.755556 0.724609 0.022222 0.011719
0 0.863889 0.679297 0.025000 0.013281
0 0.727778 0.612891 0.019444 0.011719
0 0.730556 0.451562 0.013889 0.012500
0 0.755556 0.444531 0.011111 0.006250
0 0.843056 0.628125 0.008333 0.009375
0 0.638889 0.293750 0.025000 0.015625
0 0.666667 0.293359 0.022222 0.010156
0 0.706944 0.271484 0.008333 0.008594
0 0.628472 0.237891 0.023611 0.014844
0 0.614583 0.276172 0.023611 0.014844
0 0.559722 0.260937 0.027778 0.014063
0 0.524306 0.250000 0.018056 0.012500
0 0.531250 0.265234 0.015278 0.010156
0 0.476389 0.271875 0.025000 0.015625
0 0.450000 0.270703 0.030556 0.017969
0 0.456944 0.252344 0.013889 0.009375
0 0.512500 0.198437 0.025000 0.014063
0 0.456944 0.326562 0.008333 0.007812
0 0.802778 0.751563 0.013889 0.015625
0 0.395139 0.455859 0.018056 0.008594
0 0.420139 0.472266 0.045833 0.016406
0 0.515972 0.415234 0.040278 0.024219
0 0.577083 0.303516 0.012500 0.014844
0 0.541667 0.226172 0.025000 0.011719
0 0.656250 0.267578 0.029167 0.027344
0 0.462500 0.438672 0.027778 0.013281
0 0.682639 0.403125 0.037500 0.010937
0 0.308333 0.655469 0.044444 0.015625
0 0.368056 0.647266 0.044444 0.019531
0 0.330556 0.667188 0.038889 0.018750
0 0.631250 0.718359 0.031944 0.013281
0 0.570833 0.558203 0.033333 0.016406
0 0.615972 0.592187 0.040278 0.020313
0 0.578472 0.622656 0.037500 0.014063
0 0.634722 0.680859 0.044444 0.024219
0 0.761111 0.753125 0.019444 0.018750
0 0.743056 0.748828 0.019444 0.011719
0 0.734722 0.760156 0.041667 0.014063
0 0.854861 0.745313 0.029167 0.012500
0 0.753472 0.781641 0.029167 0.017969
0 0.738889 0.792188 0.030556 0.015625