0 0.102778 0.166406 0.025000 0.018750
0 0.034028 0.245703 0.037500 0.024219
0 0.068750 0.256641 0.031944 0.019531
0 0.756250 0.086719 0.051389 0.031250
0 0.640972 0.192188 0.043056 0.025000
0 0.562500 0.237500 0.041667 0.023438
0 0.676389 0.196875 0.036111 0.034375
0 0.583333 0.282422 0.041667 0.028906
0 0.621528 0.294141 0.037500 0.025781
0 0.687500 0.282031 0.038889 0.026562
0 0.730556 0.281250 0.050000 0.029687
0 0.781944 0.276562 0.019444 0.017188
0 0.640278 0.312500 0.050000 0.029687
0 0.556944 0.364453 0.050000 0.027344
0 0.717361 0.347266 0.054167 0.022656
0 0.619444 0.384375 0.038889 0.025000
0 0.650000 0.380078 0.030556 0.019531
0 0.639583 0.447266 0.037500 0.017969
0 0.485417 0.443359 0.034722 0.016406
0 0.835417 0.471484 0.043056 0.024219
0 0.805556 0.490234 0.047222 0.019531
0 0.743056 0.515625 0.041667 0.023438
0 0.549306 0.508984 0.043056 0.017969
0 0.591667 0.498828 0.041667 0.017969
0 0.609028 0.520312 0.040278 0.025000
0 0.579167 0.539844 0.025000 0.021875
0 0.561111 0.605859 0.033333 0.019531
0 0.412500 0.672266 0.036111 0.014844
0 0.691667 0.786328 0.058333 0.036719
0 0.811111 0.617969 0.047222 0.025000
0 0.704167 0.467969 0.022222 0.012500
0 0.844444 0.668359 0.061111 0.016406
0 0.552083 0.552344 0.056944 0.012500
0 0.818750 0.011328 0.023611 0.019531
0 0.869444 0.012891 0.050000 0.025781
0 0.010417 0.171094 0.020833 0.017188
0 0.730556 0.253906 0.038889 0.020313
0 0.665972 0.322266 0.029167 0.025781
0 0.577778 0.439844 0.036111 0.035937
0 0.404861 0.647656 0.026389 0.015625
0 0.338889 0.504297 0.030556 0.017969
0 0.779861 0.621875 0.023611 0.020313
0 0.784722 0.644922 0.022222 0.017969
0 0.848611 0.408594 0.019444 0.015625