0 0.704861 0.116797 0.045833 0.028906
0 0.652083 0.083594 0.040278 0.020313
0 0.613889 0.188672 0.050000 0.028906
0 0.714583 0.103906 0.040278 0.021875
0 0.497222 0.295703 0.038889 0.025781
0 0.421528 0.338672 0.045833 0.025781
0 0.550000 0.299219 0.030556 0.023438
0 0.597222 0.374609 0.041667 0.028906
0 0.557639 0.378125 0.043056 0.028125
0 0.444444 0.381641 0.047222 0.025781
0 0.482639 0.388672 0.043056 0.028906
0 0.523611 0.407031 0.050000 0.023438
0 0.427778 0.462891 0.047222 0.028906
0 0.581250 0.443750 0.048611 0.026562
0 0.738889 0.496094 0.044444 0.023438
0 0.650000 0.371484 0.033333 0.016406
0 0.717361 0.560547 0.040278 0.021094
0 0.521528 0.538672 0.034722 0.024219
0 0.446528 0.523438 0.045833 0.017188
0 0.602083 0.341406 0.048611 0.025000
0 0.635417 0.608203 0.045833 0.030469
0 0.690972 0.577734 0.054167 0.021094
0 0.714583 0.710156 0.043056 0.023438
0 0.675000 0.714844 0.033333 0.017188
0 0.485417 0.616797 0.048611 0.025781
0 0.459028 0.634375 0.040278 0.026562
0 0.428472 0.607031 0.056944 0.025000
0 0.468750 0.594922 0.040278 0.021094
0 0.453472 0.702734 0.037500 0.022656
0 0.547917 0.896094 0.070833 0.048438
0 0.956250 0.807031 0.059722 0.032813
0 0.964583 0.839453 0.051389 0.025781
0 0.328472 0.775391 0.051389 0.024219
0 0.359722 0.540234 0.033333 0.022656
0 0.671528 0.741016 0.054167 0.028906
0 0.230556 0.604297 0.058333 0.030469
0 0.663889 0.116406 0.030556 0.020313
0 0.520833 0.296875 0.022222 0.021875
0 0.538194 0.417969 0.031944 0.018750
0 0.533333 0.437891 0.025000 0.017969
0 0.458333 0.540625 0.013889 0.020313
0 0.491667 0.478906 0.050000 0.023438
0 0.745139 0.762891 0.026389 0.016406
0 0.621528 0.865234 0.056944 0.014844
0 0.933333 0.873047 0.047222 0.013281
0 0.959028 0.857422 0.051389 0.016406
0 0.305556 0.752734 0.022222 0.014844
0 0.550694 0.569922 0.009722 0.017969