0 0.443056 0.297266 0.038889 0.017969
0 0.486806 0.300391 0.034722 0.019531
0 0.666667 0.266016 0.036111 0.017969
0 0.691667 0.244141 0.038889 0.022656
0 0.471528 0.416406 0.034722 0.017188
0 0.156944 0.427734 0.027778 0.019531
0 0.567361 0.406250 0.034722 0.021875
0 0.636111 0.418750 0.027778 0.017188
0 0.611806 0.400000 0.037500 0.015625
0 0.581944 0.520312 0.050000 0.017188
0 0.330556 0.415234 0.027778 0.019531
0 0.775000 0.259766 0.041667 0.024219
0 0.599306 0.303125 0.037500 0.017188
0 0.539583 0.383984 0.034722 0.008594
0 0.670139 0.409375 0.031944 0.010937
0 0.375000 0.691406 0.052778 0.035937
0 0.426389 0.690625 0.050000 0.025000
0 0.470139 0.692187 0.045833 0.034375
0 0.430556 0.708984 0.058333 0.021094
0 0.450694 0.470703 0.051389 0.022656
0 0.571528 0.319531 0.051389 0.017188
0 0.199306 0.428125 0.023611 0.015625
0 0.075000 0.548047 0.030556 0.021094
0 0.640972 0.653906 0.031944 0.026562
0 0.903472 0.629687 0.037500 0.020313
0 0.907639 0.609766 0.031944 0.019531
0 0.859028 0.623437 0.051389 0.026562
0 0.715278 0.644141 0.052778 0.033594
0 0.747222 0.630469 0.036111 0.021875
0 0.680556 0.580859 0.019444 0.011719
0 0.869444 0.518750 0.016667 0.012500
0 0.847917 0.536719 0.029167 0.018750
0 0.990972 0.664453 0.015278 0.008594
0 0.757639 0.749609 0.062500 0.027344
0 0.758333 0.722266 0.058333 0.024219
0 0.759028 0.695703 0.045833 0.017969
0 0.586806 0.416406 0.029167 0.020313
0 0.768750 0.300000 0.020833 0.014063
0 0.463889 0.487500 0.041667 0.018750
0 0.672917 0.486719 0.026389 0.017188
0 0.522222 0.645312 0.047222 0.026562