0 0.640278 0.223047 0.055556 0.033594
0 0.759028 0.624219 0.054167 0.028125
0 0.496528 0.316797 0.037500 0.025781
0 0.443056 0.195312 0.038889 0.028125
0 0.529861 0.578125 0.051389 0.028125
0 0.561111 0.600000 0.061111 0.034375
0 0.668750 0.255469 0.045833 0.023438
0 0.545139 0.272266 0.043056 0.022656
0 0.795139 0.257422 0.029167 0.021094
0 0.527778 0.292578 0.030556 0.016406
0 0.606250 0.519531 0.043056 0.023438
0 0.920833 0.482422 0.041667 0.021094
0 0.467361 0.196484 0.034722 0.025781
0 0.588889 0.116797 0.055556 0.036719
0 0.513194 0.264453 0.026389 0.010156
0 0.507639 0.274219 0.031944 0.010937
0 0.480556 0.293359 0.027778 0.016406
0 0.470139 0.311719 0.023611 0.012500
0 0.475000 0.325391 0.036111 0.014844
0 0.261806 0.342187 0.037500 0.018750
0 0.606944 0.226562 0.025000 0.018750
0 0.686111 0.286328 0.047222 0.022656
0 0.718056 0.254297 0.036111 0.019531
0 0.765278 0.257812 0.033333 0.020313
0 0.267361 0.325391 0.031944 0.017969
0 0.709028 0.423438 0.029167 0.017188
0 0.704861 0.406250 0.023611 0.007812
0 0.442361 0.410156 0.034722 0.021875
0 0.923611 0.499219 0.030556 0.010937
0 0.596528 0.537109 0.048611 0.019531
0 0.475000 0.592578 0.041667 0.033594