0 0.185417 0.457813 0.037500 0.029687
0 0.206944 0.461719 0.016667 0.021875
0 0.238194 0.457813 0.045833 0.028125
0 0.268750 0.472656 0.048611 0.028125
0 0.313889 0.485156 0.041667 0.026562
0 0.163889 0.525781 0.033333 0.023438
0 0.285417 0.513281 0.029167 0.018750
0 0.305556 0.518359 0.022222 0.013281
0 0.055556 0.587500 0.022222 0.015625
0 0.151389 0.601172 0.030556 0.014844
0 0.186111 0.591016 0.030556 0.017969
0 0.215972 0.608594 0.048611 0.017188
0 0.287500 0.609766 0.041667 0.025781
0 0.294444 0.629297 0.027778 0.017969
0 0.386111 0.623437 0.033333 0.015625
0 0.106944 0.661719 0.041667 0.026562
0 0.245139 0.653516 0.045833 0.016406
0 0.214583 0.668359 0.020833 0.014844
0 0.336806 0.718750 0.037500 0.026562
0 0.397917 0.785156 0.037500 0.020313
0 0.448611 0.772656 0.038889 0.020313
0 0.993056 0.462891 0.011111 0.021094
0 0.994444 0.500000 0.008333 0.023438
0 0.965278 0.528516 0.044444 0.021094
0 0.986111 0.534766 0.025000 0.019531
0 0.918750 0.586719 0.048611 0.020313
0 0.986111 0.631641 0.025000 0.017969
0 0.895139 0.644141 0.037500 0.022656
0 0.943056 0.636719 0.025000 0.009375
0 0.889583 0.611719 0.026389 0.012500
0 0.813194 0.622656 0.045833 0.031250