0 0.019444 0.165234 0.036111 0.022656
0 0.049306 0.175000 0.023611 0.014063
0 0.063889 0.155078 0.027778 0.014844
0 0.129861 0.192969 0.034722 0.017188
0 0.100000 0.211328 0.030556 0.014844
0 0.141667 0.218750 0.041667 0.025000
0 0.179167 0.210156 0.041667 0.026562
0 0.184028 0.232813 0.043056 0.021875
0 0.120139 0.237891 0.031944 0.028906
0 0.097222 0.266406 0.038889 0.023438
0 0.138194 0.269531 0.043056 0.023438
0 0.095139 0.289062 0.031944 0.018750
0 0.009028 0.299219 0.018056 0.018750
0 0.024306 0.290234 0.037500 0.013281
0 0.041667 0.301953 0.016667 0.014844
0 0.251389 0.217578 0.027778 0.019531
0 0.337500 0.228906 0.047222 0.028125
0 0.064583 0.303906 0.029167 0.018750
0 0.093750 0.300391 0.029167 0.013281
0 0.145833 0.314453 0.027778 0.016406
0 0.195833 0.268359 0.038889 0.019531
0 0.227778 0.275391 0.038889 0.021094
0 0.184028 0.291406 0.026389 0.020313
0 0.247917 0.312500 0.037500 0.021875
0 0.288194 0.330859 0.037500 0.019531
0 0.061806 0.401172 0.045833 0.019531
0 0.102778 0.430078 0.047222 0.027344
0 0.083333 0.493750 0.038889 0.020313
0 0.183333 0.509375 0.041667 0.023438
0 0.266667 0.435156 0.030556 0.017188
0 0.268750 0.505859 0.045833 0.016406
0 0.234722 0.587500 0.033333 0.015625
0 0.275694 0.605469 0.012500 0.012500
0 0.327083 0.491016 0.026389 0.014844
0 0.305556 0.530859 0.041667 0.022656
0 0.358333 0.582812 0.019444 0.014063
0 0.357639 0.560547 0.034722 0.017969
0 0.420833 0.498828 0.036111 0.019531
0 0.423611 0.455859 0.027778 0.014844
0 0.389583 0.518359 0.037500 0.017969
0 0.415278 0.531641 0.036111 0.019531
0 0.370833 0.626953 0.019444 0.011719
0 0.427083 0.697266 0.026389 0.017969
0 0.481250 0.684375 0.026389 0.015625
0 0.442361 0.712891 0.026389 0.014844
0 0.493056 0.599219 0.038889 0.020313
0 0.601389 0.633984 0.022222 0.014844
0 0.610417 0.560156 0.029167 0.017188
0 0.659722 0.578516 0.016667 0.013281
0 0.537500 0.610547 0.022222 0.008594
0 0.229861 0.084766 0.023611 0.016406
0 0.233333 0.098047 0.027778 0.014844
0 0.278472 0.101172 0.023611 0.014844
0 0.299306 0.158984 0.026389 0.014844
0 0.363889 0.124609 0.030556 0.021094
0 0.381250 0.140625 0.026389 0.020313
0 0.370139 0.193359 0.020833 0.014844
0 0.495139 0.163281 0.026389 0.010937
0 0.447917 0.289453 0.045833 0.024219
0 0.425000 0.326953 0.044444 0.025781
0 0.550694 0.249219 0.034722 0.018750
0 0.515972 0.252344 0.040278 0.020313
0 0.516667 0.277344 0.041667 0.018750
0 0.443056 0.344531 0.027778 0.017188
0 0.523611 0.345313 0.041667 0.021875
0 0.557639 0.345703 0.015278 0.016406
0 0.618056 0.359766 0.030556 0.022656
0 0.645833 0.187891 0.025000 0.021094
0 0.730556 0.190625 0.025000 0.009375
0 0.875000 0.237891 0.030556 0.017969
0 0.902778 0.269922 0.030556 0.017969
0 0.799306 0.266406 0.031944 0.015625
0 0.836111 0.257031 0.044444 0.025000
0 0.686806 0.583984 0.015278 0.014844
0 0.709722 0.585938 0.027778 0.015625
0 0.691667 0.503906 0.036111 0.020313
0 0.760417 0.473438 0.040278 0.020313
0 0.777778 0.491797 0.041667 0.021094
0 0.870139 0.525391 0.023611 0.014844
0 0.840972 0.517969 0.029167 0.017188
0 0.796528 0.532422 0.031944 0.011719
0 0.765972 0.545703 0.029167 0.011719
0 0.775000 0.604297 0.030556 0.013281
0 0.250000 0.352344 0.033333 0.020313
0 0.299306 0.354687 0.031944 0.012500
0 0.686806 0.317578 0.026389 0.013281
0 0.951389 0.639844 0.027778 0.015625
0 0.975000 0.645312 0.025000 0.012500
0 0.353472 0.102344 0.015278 0.010937
0 0.269444 0.300391 0.030556 0.024219
0 0.195833 0.144531 0.027778 0.012500
0 0.093750 0.450781 0.031944 0.018750
0 0.984028 0.584375 0.029167 0.020313
0 0.623611 0.525391 0.019444 0.016406
0 0.635417 0.535547 0.037500 0.008594
0 0.871528 0.268750 0.031944 0.021875