0 0.440278 0.351953 0.044444 0.022656
0 0.399306 0.361328 0.029167 0.014844
0 0.433333 0.379297 0.069444 0.021094
0 0.506250 0.385937 0.051389 0.026562
0 0.361806 0.436328 0.045833 0.024219
0 0.349306 0.503125 0.026389 0.021875
0 0.328472 0.537109 0.048611 0.032031
0 0.619444 0.639062 0.052778 0.032813
0 0.572917 0.709766 0.056944 0.030469
0 0.643750 0.767188 0.043056 0.031250
0 0.427083 0.720313 0.056944 0.026562
0 0.360417 0.802344 0.051389 0.034375
0 0.209722 0.833203 0.052778 0.028906
0 0.461111 0.864062 0.047222 0.018750
0 0.536111 0.819531 0.052778 0.035937
0 0.561111 0.883203 0.038889 0.033594
0 0.647222 0.916016 0.052778 0.022656
0 0.604861 0.906250 0.037500 0.017188
0 0.579861 0.845313 0.056944 0.050000
0 0.752083 0.766016 0.031944 0.017969
0 0.442361 0.637500 0.026389 0.009375
0 0.364583 0.534766 0.031944 0.022656
0 0.685417 0.642578 0.043056 0.024219
0 0.729167 0.650000 0.041667 0.018750
0 0.487500 0.686328 0.044444 0.017969
0 0.465278 0.642969 0.025000 0.015625
0 0.440278 0.675391 0.047222 0.024219
0 0.419444 0.695703 0.025000 0.021094
0 0.465278 0.747266 0.041667 0.021094
0 0.161111 0.948438 0.052778 0.029687
0 0.380556 0.868750 0.025000 0.020313
0 0.431250 0.833984 0.054167 0.032031
0 0.599306 0.811328 0.023611 0.008594
0 0.716667 0.939844 0.033333 0.026562
0 0.944444 0.988281 0.047222 0.021875