0 0.815278 0.084375 0.058333 0.034375
0 0.803472 0.112109 0.037500 0.027344
0 0.736806 0.138281 0.054167 0.026562
0 0.833333 0.148828 0.052778 0.032031
0 0.736111 0.182031 0.061111 0.035937
0 0.855556 0.208594 0.030556 0.023438
0 0.895139 0.207813 0.051389 0.031250
0 0.720833 0.238281 0.050000 0.028125
0 0.734722 0.218750 0.033333 0.018750
0 0.770833 0.250391 0.052778 0.033594
0 0.818056 0.251172 0.030556 0.013281
0 0.786111 0.271875 0.025000 0.018750
0 0.874306 0.278516 0.056944 0.025781
0 0.970139 0.306641 0.056944 0.035156
0 0.978472 0.333203 0.040278 0.024219
0 0.870139 0.330469 0.054167 0.025000
0 0.908333 0.353906 0.063889 0.034375
0 0.947917 0.364453 0.031944 0.036719
0 0.540972 0.317969 0.059722 0.029687
0 0.470139 0.338281 0.051389 0.025000
0 0.016667 0.288672 0.030556 0.016406
0 0.109722 0.484375 0.069444 0.037500
0 0.842361 0.449609 0.062500 0.028906
0 0.943056 0.439453 0.038889 0.024219
0 0.896528 0.468359 0.062500 0.027344
0 0.779861 0.497656 0.062500 0.031250
0 0.594444 0.486719 0.036111 0.023438
0 0.550694 0.589063 0.040278 0.021875
0 0.570139 0.648828 0.048611 0.021094
0 0.719444 0.583984 0.066667 0.021094
0 0.865278 0.542969 0.044444 0.017188
0 0.933333 0.508203 0.041667 0.019531
0 0.909722 0.583203 0.030556 0.021094
0 0.789583 0.602344 0.062500 0.028125
0 0.827778 0.667969 0.038889 0.021875
0 0.654167 0.728906 0.044444 0.026562
0 0.198611 0.662109 0.041667 0.022656
0 0.404861 0.744922 0.045833 0.025781
0 0.504861 0.776172 0.037500 0.025781
0 0.572222 0.784766 0.033333 0.022656
0 0.072222 0.748437 0.055556 0.029687
0 0.115278 0.770312 0.041667 0.026562
0 0.168750 0.728906 0.043056 0.021875
0 0.146528 0.710938 0.056944 0.028125
0 0.014583 0.774219 0.026389 0.029687
0 0.031944 0.660156 0.027778 0.020313
0 0.077083 0.536328 0.037500 0.027344
0 0.300694 0.748047 0.048611 0.022656
0 0.816667 0.831250 0.063889 0.029687
0 0.871528 0.821875 0.040278 0.032813
0 0.440972 0.740234 0.015278 0.019531
0 0.797917 0.313281 0.037500 0.015625
0 0.018750 0.603125 0.023611 0.020313
0 0.084722 0.683203 0.050000 0.017969
0 0.184722 0.778906 0.025000 0.018750
0 0.732639 0.255469 0.048611 0.026562
0 0.381250 0.865625 0.040278 0.023438
0 0.341667 0.894531 0.052778 0.028125