0 0.852778 0.660156 0.038889 0.014063
0 0.984722 0.537891 0.022222 0.017969
0 0.990278 0.500781 0.016667 0.012500
0 0.931250 0.438281 0.029167 0.017188
0 0.455556 0.490234 0.038889 0.017969
0 0.405556 0.452734 0.008333 0.010156
0 0.367361 0.458203 0.015278 0.008594
0 0.987500 0.360938 0.022222 0.025000
0 0.551389 0.437891 0.016667 0.005469
0 0.560417 0.498437 0.012500 0.012500
0 0.025694 0.428125 0.034722 0.014063
0 0.020139 0.386328 0.040278 0.021094
0 0.027778 0.368750 0.022222 0.017188
0 0.013194 0.354297 0.023611 0.027344
0 0.013194 0.256250 0.023611 0.023438
0 0.991667 0.237109 0.013889 0.025781
0 0.513889 0.273047 0.030556 0.021094
0 0.478472 0.263672 0.031944 0.024219
0 0.460417 0.195703 0.026389 0.017969
0 0.279861 0.174219 0.037500 0.018750
0 0.300694 0.128516 0.051389 0.028906
0 0.291667 0.142578 0.027778 0.016406
0 0.251389 0.145703 0.047222 0.024219
0 0.255556 0.117188 0.027778 0.017188
0 0.050000 0.648828 0.030556 0.013281
0 0.020139 0.662109 0.037500 0.011719
0 0.202083 0.707422 0.023611 0.017969
0 0.056250 0.738672 0.043056 0.028906
0 0.103472 0.728516 0.018056 0.010156
0 0.993056 0.590625 0.011111 0.015625