0 0.591667 0.278125 0.052778 0.031250
0 0.322222 0.486719 0.047222 0.025000
0 0.603472 0.516797 0.048611 0.025781
0 0.364583 0.559766 0.054167 0.027344
0 0.515278 0.607422 0.036111 0.022656
0 0.252083 0.630859 0.056944 0.017969
0 0.229167 0.621094 0.036111 0.017188
0 0.029861 0.622266 0.031944 0.013281
0 0.920833 0.534375 0.047222 0.029687
0 0.839583 0.544922 0.026389 0.019531
0 0.867361 0.555078 0.040278 0.022656
0 0.889583 0.554297 0.031944 0.017969
0 0.763194 0.596875 0.043056 0.021875
0 0.856944 0.620703 0.050000 0.030469
0 0.896528 0.635938 0.040278 0.028125
0 0.976389 0.620313 0.044444 0.021875
0 0.797917 0.631250 0.045833 0.026562
0 0.625694 0.705078 0.048611 0.024219
0 0.641667 0.729297 0.050000 0.025781
0 0.595139 0.732031 0.043056 0.023438
0 0.267361 0.743750 0.054167 0.031250
0 0.275000 0.699609 0.033333 0.017969
0 0.577778 0.823047 0.038889 0.024219
0 0.886111 0.540234 0.027778 0.013281
0 0.504861 0.641797 0.031944 0.011719
0 0.669444 0.692187 0.050000 0.025000
0 0.579861 0.469531 0.045833 0.023438
0 0.655556 0.416016 0.027778 0.010156
0 0.661111 0.467578 0.033333 0.019531
0 0.407639 0.515625 0.037500 0.015625
0 0.504861 0.615625 0.037500 0.023438
0 0.700694 0.528125 0.048611 0.035937
0 0.840278 0.643750 0.069444 0.017188
0 0.850694 0.663281 0.056944 0.026562
0 0.106944 0.838281 0.025000 0.020313
0 0.834028 0.709375 0.051389 0.025000
0 0.588889 0.675000 0.036111 0.025000