0 0.017361 0.102344 0.031944 0.025000
0 0.008333 0.113281 0.016667 0.012500
0 0.036806 0.098047 0.031944 0.022656
0 0.032639 0.074219 0.023611 0.015625
0 0.157639 0.065234 0.037500 0.019531
0 0.293750 0.066406 0.045833 0.028125
0 0.210417 0.094141 0.023611 0.016406
0 0.249306 0.091406 0.029167 0.020313
0 0.261111 0.068359 0.022222 0.019531
0 0.355556 0.064844 0.027778 0.018750
0 0.276389 0.101172 0.027778 0.027344
0 0.238194 0.114453 0.045833 0.025781
0 0.177778 0.126562 0.038889 0.023438
0 0.081250 0.119141 0.034722 0.019531
0 0.161806 0.153516 0.034722 0.017969
0 0.204861 0.171484 0.034722 0.017969
0 0.153472 0.192969 0.034722 0.021875
0 0.131250 0.218750 0.048611 0.028125
0 0.013889 0.222656 0.025000 0.029687
0 0.111111 0.241406 0.047222 0.028125
0 0.059028 0.272266 0.034722 0.021094
0 0.096528 0.270313 0.040278 0.020313
0 0.220833 0.226953 0.041667 0.019531
0 0.254167 0.203125 0.041667 0.021875
0 0.291667 0.176953 0.033333 0.021094
0 0.311806 0.170703 0.026389 0.014844
0 0.408333 0.101953 0.044444 0.024219
0 0.420139 0.085156 0.037500 0.018750
0 0.306944 0.103516 0.044444 0.033594
0 0.438194 0.131641 0.043056 0.025781
0 0.428472 0.110547 0.026389 0.024219
0 0.362500 0.206641 0.041667 0.021094
0 0.463889 0.210156 0.055556 0.032813
0 0.478472 0.267188 0.059722 0.034375
0 0.569444 0.231641 0.022222 0.017969
0 0.618056 0.227734 0.041667 0.025781
0 0.651389 0.231250 0.036111 0.025000
0 0.670139 0.188281 0.018056 0.018750
0 0.588889 0.260156 0.038889 0.015625
0 0.645139 0.253516 0.037500 0.021094
0 0.674306 0.242188 0.037500 0.017188
0 0.781944 0.238672 0.038889 0.021094
0 0.709028 0.312109 0.034722 0.022656
0 0.421528 0.312109 0.045833 0.019531
0 0.571528 0.331641 0.054167 0.028906
0 0.604861 0.346484 0.034722 0.014844
0 0.792361 0.160938 0.045833 0.023438
0 0.904861 0.145703 0.045833 0.025781
0 0.984722 0.183984 0.025000 0.028906
0 0.913194 0.183203 0.040278 0.027344
0 0.816667 0.193359 0.025000 0.014844
0 0.861806 0.231250 0.026389 0.017188
0 0.953472 0.236719 0.031944 0.018750
0 0.985417 0.222266 0.026389 0.022656
0 0.977778 0.201953 0.041667 0.021094
0 0.928472 0.200391 0.031944 0.016406
0 0.936806 0.213281 0.040278 0.012500
0 0.347222 0.354297 0.050000 0.024219
0 0.380556 0.353906 0.027778 0.023438
0 0.025694 0.348047 0.029167 0.017969
0 0.179167 0.393750 0.058333 0.034375
0 0.136806 0.417578 0.054167 0.024219
0 0.239583 0.401172 0.029167 0.017969
0 0.281944 0.409375 0.044444 0.018750
0 0.331944 0.388672 0.052778 0.030469
0 0.429167 0.398438 0.036111 0.023438
0 0.647222 0.383203 0.033333 0.017969
0 0.666667 0.425781 0.025000 0.017188
0 0.739583 0.400000 0.026389 0.015625
0 0.755556 0.410156 0.019444 0.012500
0 0.972222 0.387891 0.030556 0.013281
0 0.945139 0.399219 0.029167 0.018750
0 0.904861 0.399609 0.029167 0.014844
0 0.786806 0.427344 0.031944 0.018750
0 0.814583 0.417578 0.029167 0.017969
0 0.832639 0.445312 0.020833 0.017188
0 0.970833 0.492969 0.047222 0.023438
0 0.213889 0.545703 0.044444 0.022656
0 0.297917 0.556250 0.056944 0.026562
0 0.090972 0.547656 0.062500 0.034375
0 0.178472 0.467578 0.029167 0.022656
0 0.672222 0.525781 0.030556 0.023438
0 0.704167 0.534766 0.055556 0.025781
0 0.760417 0.598047 0.051389 0.028906
0 0.875694 0.595703 0.054167 0.032031
0 0.967361 0.567187 0.062500 0.028125
0 0.068056 0.675781 0.072222 0.037500
0 0.431944 0.618359 0.033333 0.017969
0 0.572917 0.622656 0.031944 0.017188
0 0.547917 0.620703 0.018056 0.011719
0 0.467361 0.646094 0.034722 0.015625
0 0.554167 0.562891 0.019444 0.019531
0 0.679167 0.582812 0.044444 0.029687
0 0.686806 0.608594 0.037500 0.023438
0 0.703472 0.632812 0.040278 0.018750
0 0.709028 0.650781 0.043056 0.017188
0 0.915278 0.601172 0.030556 0.017969
0 0.973611 0.608984 0.044444 0.016406
0 0.878472 0.649219 0.029167 0.020313
0 0.006250 0.064844 0.012500 0.017188
0 0.127778 0.054297 0.022222 0.016406
0 0.190972 0.049219 0.020833 0.007812
0 0.188889 0.207422 0.019444 0.014844
0 0.014583 0.256250 0.026389 0.017188
0 0.305556 0.278516 0.030556 0.014844
0 0.343056 0.335156 0.019444 0.014063
0 0.021528 0.504687 0.040278 0.029687
0 0.041667 0.550391 0.041667 0.019531
0 0.835417 0.496484 0.029167 0.010156
0 0.827778 0.522656 0.022222 0.006250
0 0.967361 0.650781 0.023611 0.017188
0 0.820139 0.380469 0.023611 0.010937
0 0.815278 0.391797 0.019444 0.013281
0 0.922917 0.439453 0.031944 0.014844
0 0.987500 0.333203 0.022222 0.014844
0 0.975694 0.343750 0.015278 0.009375
0 0.369444 0.080859 0.019444 0.017969