0 0.522917 0.077734 0.065278 0.035156
0 0.468750 0.103125 0.045833 0.028125
0 0.475694 0.149609 0.051389 0.033594
0 0.561111 0.181250 0.050000 0.031250
0 0.498611 0.171484 0.038889 0.022656
0 0.397222 0.175000 0.047222 0.035937
0 0.438194 0.183594 0.040278 0.029687
0 0.372222 0.209766 0.041667 0.025781
0 0.413194 0.211328 0.043056 0.033594
0 0.402083 0.236328 0.040278 0.021094
0 0.456250 0.210547 0.015278 0.017969
0 0.451389 0.223438 0.025000 0.020313
0 0.434028 0.230859 0.037500 0.014844
0 0.415972 0.267578 0.040278 0.027344
0 0.346528 0.272266 0.043056 0.027344
0 0.371528 0.295703 0.051389 0.027344
0 0.497917 0.230859 0.031944 0.019531
0 0.512500 0.240234 0.022222 0.014844
0 0.534722 0.264453 0.038889 0.017969
0 0.520139 0.276172 0.043056 0.024219
0 0.506250 0.293750 0.040278 0.020313
0 0.618056 0.297266 0.052778 0.027344
0 0.562500 0.301563 0.041667 0.029687
0 0.461111 0.306250 0.022222 0.015625
0 0.349306 0.378516 0.048611 0.032031
0 0.423611 0.355859 0.038889 0.019531
0 0.440972 0.371094 0.037500 0.021875
0 0.502778 0.363672 0.044444 0.028906
0 0.572222 0.369922 0.038889 0.024219
0 0.480556 0.382031 0.052778 0.026562
0 0.290972 0.424219 0.040278 0.023438
0 0.269444 0.453516 0.052778 0.028906
0 0.319444 0.472266 0.047222 0.024219
0 0.354861 0.454297 0.037500 0.024219
0 0.377083 0.469141 0.040278 0.021094
0 0.445139 0.519531 0.040278 0.025000
0 0.120139 0.518359 0.048611 0.024219
0 0.217361 0.509766 0.031944 0.024219
0 0.490972 0.527734 0.037500 0.019531
0 0.301389 0.512500 0.044444 0.026562
0 0.256250 0.485156 0.048611 0.028125
0 0.592361 0.532813 0.043056 0.028125
0 0.354861 0.561328 0.040278 0.027344
0 0.397917 0.540625 0.040278 0.026562
0 0.442361 0.540234 0.037500 0.017969
0 0.402083 0.597656 0.048611 0.029687
0 0.259722 0.669922 0.041667 0.030469
0 0.282639 0.678125 0.031944 0.015625
0 0.201389 0.635156 0.044444 0.028125
0 0.561806 0.691016 0.045833 0.032031
0 0.111111 0.759375 0.061111 0.039062
0 0.231250 0.830469 0.045833 0.028125
0 0.604861 0.839453 0.084722 0.042969
0 0.585417 0.921875 0.065278 0.045312
0 0.606250 0.687500 0.040278 0.026562
0 0.986806 0.558984 0.023611 0.030469
0 0.968750 0.514062 0.056944 0.034375
0 0.931944 0.541406 0.041667 0.026562
0 0.675694 0.510938 0.045833 0.028125
0 0.718056 0.516797 0.044444 0.028906
0 0.662500 0.448047 0.061111 0.038281
0 0.568750 0.417578 0.045833 0.027344
0 0.520833 0.381250 0.030556 0.018750
0 0.650000 0.330469 0.061111 0.028125
0 0.077778 0.540625 0.052778 0.029687
0 0.534028 0.628125 0.045833 0.026562
0 0.811111 0.630469 0.036111 0.023438
0 0.039583 0.734375 0.034722 0.020313
0 0.207639 0.675000 0.034722 0.021875
0 0.215278 0.701953 0.044444 0.024219