0 0.122222 0.246094 0.030556 0.017188
0 0.221528 0.262500 0.043056 0.020313
0 0.218750 0.303906 0.037500 0.026562
0 0.238889 0.312500 0.036111 0.028125
0 0.186806 0.388281 0.029167 0.018750
0 0.175000 0.401953 0.025000 0.030469
0 0.239583 0.443359 0.031944 0.016406
0 0.247917 0.507422 0.034722 0.024219
0 0.176389 0.551562 0.038889 0.025000
0 0.123611 0.609766 0.052778 0.014844
0 0.256250 0.573828 0.037500 0.013281
0 0.006250 0.603125 0.009722 0.020313
0 0.387500 0.582812 0.036111 0.015625
0 0.373611 0.600781 0.036111 0.021875
0 0.487500 0.620703 0.041667 0.022656
0 0.467361 0.629297 0.029167 0.035156
0 0.503472 0.566016 0.037500 0.017969
0 0.522222 0.556250 0.038889 0.015625
0 0.340972 0.589453 0.023611 0.014844
0 0.383333 0.571484 0.022222 0.008594
0 0.859722 0.592578 0.050000 0.027344
0 0.843056 0.624609 0.044444 0.021094
0 0.870833 0.635547 0.036111 0.022656
0 0.973611 0.535156 0.025000 0.010937
0 0.979861 0.455078 0.037500 0.021094
0 0.881250 0.351562 0.037500 0.012500
0 0.081944 0.298047 0.033333 0.022656
0 0.064583 0.312500 0.026389 0.018750
0 0.169444 0.591016 0.030556 0.017969
0 0.187500 0.650391 0.036111 0.016406