0 0.788194 0.029297 0.031944 0.014844
0 0.909028 0.042188 0.048611 0.029687
0 0.798611 0.096094 0.041667 0.028125
0 0.910417 0.116016 0.048611 0.027344
0 0.934028 0.123828 0.015278 0.013281
0 0.876389 0.120703 0.027778 0.022656
0 0.856250 0.149219 0.037500 0.018750
0 0.907639 0.166406 0.051389 0.032813
0 0.976389 0.126562 0.044444 0.029687
0 0.973611 0.092188 0.030556 0.021875
0 0.982639 0.163281 0.029167 0.034375
0 0.815278 0.235547 0.047222 0.027344
0 0.806250 0.263281 0.037500 0.026562
0 0.989583 0.300391 0.018056 0.011719
0 0.833333 0.311719 0.033333 0.026562
0 0.963194 0.347266 0.043056 0.025781
0 0.987500 0.353906 0.022222 0.026562
0 0.958333 0.383984 0.050000 0.025781
0 0.813889 0.334375 0.038889 0.020313
0 0.196528 0.430859 0.031944 0.025781
0 0.080556 0.438281 0.044444 0.025000
0 0.059028 0.449609 0.031944 0.021094
0 0.141667 0.423047 0.019444 0.011719
0 0.115278 0.492969 0.022222 0.025000
0 0.787500 0.410156 0.025000 0.006250
0 0.813889 0.429688 0.055556 0.029687
0 0.226389 0.516016 0.033333 0.017969
0 0.256944 0.514844 0.025000 0.020313
0 0.018056 0.583984 0.033333 0.022656
0 0.101389 0.569531 0.038889 0.021875
0 0.125000 0.572266 0.022222 0.010156
0 0.173611 0.533984 0.050000 0.024219
0 0.234028 0.530469 0.023611 0.010937
0 0.686806 0.438672 0.048611 0.027344
0 0.745833 0.448047 0.050000 0.030469
0 0.802083 0.483594 0.034722 0.028125
0 0.974306 0.542578 0.045833 0.028906
0 0.763194 0.492578 0.037500 0.024219
0 0.765278 0.469141 0.050000 0.022656
0 0.670139 0.460156 0.045833 0.025000
0 0.654861 0.475781 0.031944 0.017188
0 0.756250 0.524609 0.048611 0.024219
0 0.107639 0.598047 0.037500 0.021094
0 0.036806 0.646484 0.045833 0.022656
0 0.106944 0.615625 0.013889 0.012500
0 0.165278 0.621094 0.041667 0.021875
0 0.196528 0.613672 0.040278 0.030469
0 0.220833 0.554297 0.044444 0.021094
0 0.194444 0.642188 0.050000 0.026562
0 0.315972 0.648047 0.040278 0.021094
0 0.940972 0.602734 0.037500 0.019531
0 0.980556 0.600000 0.036111 0.021875
0 0.658333 0.545312 0.030556 0.010937
0 0.597917 0.576953 0.040278 0.022656
0 0.590972 0.617188 0.029167 0.017188
0 0.647222 0.613281 0.027778 0.017188
0 0.759028 0.628125 0.040278 0.025000
0 0.715972 0.620703 0.015278 0.014844
0 0.879861 0.621875 0.037500 0.020313
0 0.826389 0.622266 0.030556 0.014844
0 0.801389 0.673828 0.027778 0.017969
0 0.734722 0.669531 0.013889 0.012500
0 0.734722 0.697266 0.022222 0.017969