0 0.150000 0.011719 0.047222 0.021875
0 0.157639 0.028516 0.031944 0.013281
0 0.088194 0.137891 0.034722 0.025781
0 0.246528 0.140234 0.045833 0.027344
0 0.219444 0.096484 0.036111 0.019531
0 0.292361 0.139063 0.043056 0.029687
0 0.231944 0.169531 0.030556 0.018750
0 0.131250 0.208594 0.043056 0.029687
0 0.297917 0.175391 0.040278 0.019531
0 0.013889 0.275391 0.025000 0.028906
0 0.041667 0.299219 0.041667 0.021875
0 0.029861 0.314453 0.048611 0.021094
0 0.069444 0.308984 0.033333 0.010156
0 0.149306 0.273828 0.048611 0.022656
0 0.238889 0.266797 0.047222 0.021094
0 0.338194 0.254688 0.045833 0.028125
0 0.361111 0.319141 0.038889 0.019531
0 0.324306 0.330469 0.040278 0.015625
0 0.942361 0.014063 0.070833 0.025000
0 0.911806 0.107813 0.037500 0.021875
0 0.918056 0.139844 0.055556 0.032813
0 0.993750 0.143359 0.009722 0.030469
0 0.736806 0.235547 0.054167 0.030469
0 0.759028 0.220703 0.026389 0.024219
0 0.761111 0.270703 0.050000 0.024219
0 0.927778 0.241797 0.061111 0.036719
0 0.961111 0.233984 0.022222 0.011719
0 0.890972 0.297266 0.065278 0.039844
0 0.954167 0.316797 0.080556 0.033594
0 0.475000 0.382422 0.047222 0.027344
0 0.124306 0.416797 0.023611 0.014844
0 0.035417 0.427734 0.051389 0.022656
0 0.302083 0.437891 0.023611 0.014844
0 0.386806 0.452734 0.026389 0.014844
0 0.650000 0.373437 0.063889 0.034375
0 0.731250 0.384375 0.054167 0.023438
0 0.941667 0.355078 0.058333 0.033594
0 0.814583 0.402344 0.023611 0.014063
0 0.781944 0.437500 0.063889 0.034375
0 0.847917 0.443750 0.068056 0.035937
0 0.281250 0.516797 0.029167 0.016406
0 0.273611 0.547656 0.025000 0.010937
0 0.160417 0.591406 0.037500 0.028125
0 0.114583 0.571094 0.037500 0.012500
0 0.040972 0.584766 0.056944 0.035156
0 0.088889 0.604688 0.030556 0.017188
0 0.090972 0.618359 0.029167 0.013281
0 0.229861 0.621875 0.023611 0.018750
0 0.103472 0.684766 0.051389 0.035156
0 0.331944 0.692969 0.052778 0.018750
0 0.393750 0.728516 0.051389 0.030469
0 0.605556 0.597266 0.036111 0.013281
0 0.645139 0.593750 0.020833 0.015625
0 0.767361 0.645312 0.054167 0.029687