0 0.711806 0.098047 0.051389 0.024219
0 0.806250 0.135547 0.056944 0.024219
0 0.659722 0.110937 0.025000 0.021875
0 0.720833 0.134375 0.050000 0.029687
0 0.672917 0.194922 0.056944 0.035156
0 0.606250 0.281641 0.037500 0.032031
0 0.574306 0.318750 0.045833 0.031250
0 0.604167 0.316406 0.030556 0.032813
0 0.966667 0.425391 0.055556 0.033594
0 0.925694 0.497656 0.068056 0.034375
0 0.895139 0.521875 0.059722 0.020313
0 0.695139 0.467187 0.059722 0.025000
0 0.688194 0.511328 0.054167 0.025781
0 0.734722 0.480469 0.050000 0.026562
0 0.729167 0.532031 0.052778 0.018750
0 0.681944 0.592969 0.066667 0.035937
0 0.769444 0.546094 0.036111 0.028125
0 0.856250 0.605859 0.051389 0.038281
0 0.906944 0.624609 0.055556 0.030469
0 0.960417 0.643750 0.054167 0.028125
0 0.911806 0.668359 0.056944 0.027344
0 0.961111 0.692187 0.041667 0.015625
0 0.879167 0.691016 0.036111 0.022656
0 0.542361 0.628906 0.056944 0.035937
0 0.629167 0.492578 0.050000 0.035156
0 0.688889 0.429297 0.030556 0.025781
0 0.813889 0.263281 0.022222 0.021875
0 0.552778 0.324609 0.030556 0.028906
0 0.648611 0.468750 0.033333 0.023438
0 0.051389 0.263281 0.066667 0.031250
0 0.011111 0.303516 0.019444 0.019531
0 0.070139 0.289844 0.015278 0.021875
0 0.029861 0.461719 0.059722 0.023438
0 0.119444 0.457813 0.052778 0.029687
0 0.145833 0.510547 0.038889 0.014844
0 0.356944 0.777734 0.050000 0.024219
0 0.486806 0.738672 0.037500 0.030469
0 0.990972 0.695703 0.015278 0.024219
0 0.915972 0.792188 0.045833 0.025000
0 0.950694 0.811328 0.043056 0.025781
0 0.676389 0.654687 0.019444 0.014063
0 0.749306 0.650781 0.029167 0.012500
0 0.932639 0.574219 0.023611 0.014063
0 0.835417 0.561719 0.026389 0.010937
0 0.797222 0.237500 0.019444 0.010937