0 0.015278 0.153516 0.025000 0.017969
0 0.037500 0.162109 0.027778 0.017969
0 0.008333 0.169531 0.013889 0.014063
0 0.023611 0.179297 0.025000 0.014844
0 0.215972 0.091016 0.026389 0.014844
0 0.218056 0.105469 0.027778 0.012500
0 0.266667 0.111328 0.022222 0.014844
0 0.243056 0.153906 0.025000 0.012500
0 0.287500 0.166797 0.033333 0.016406
0 0.350000 0.135937 0.030556 0.020313
0 0.368056 0.150000 0.030556 0.017188
0 0.065972 0.173437 0.023611 0.014063
0 0.075694 0.217578 0.026389 0.013281
0 0.108333 0.200000 0.044444 0.018750
0 0.136806 0.225781 0.048611 0.026562
0 0.180556 0.216797 0.044444 0.025781
0 0.179167 0.243750 0.044444 0.021875
0 0.012500 0.291016 0.019444 0.025781
0 0.020139 0.305859 0.034722 0.019531
0 0.036111 0.311719 0.025000 0.015625
0 0.072222 0.296094 0.030556 0.020313
0 0.088889 0.272656 0.041667 0.021875
0 0.130556 0.277734 0.044444 0.025781
0 0.119444 0.323828 0.030556 0.014844
0 0.186111 0.281250 0.038889 0.025000
0 0.176389 0.305078 0.036111 0.027344
0 0.225000 0.287109 0.036111 0.025781
0 0.192361 0.317188 0.037500 0.021875
0 0.052083 0.416016 0.054167 0.019531
0 0.091667 0.443750 0.055556 0.028125
0 0.059722 0.510547 0.038889 0.022656
0 0.162500 0.526953 0.047222 0.025781
0 0.244444 0.524219 0.047222 0.021875
0 0.246528 0.451172 0.034722 0.019531
0 0.385417 0.472656 0.029167 0.017188
0 0.196528 0.607031 0.029167 0.020313
0 0.229861 0.628516 0.015278 0.014844
0 0.321528 0.604297 0.023611 0.016406
0 0.327778 0.582422 0.038889 0.019531
0 0.291667 0.552734 0.044444 0.022656
0 0.372917 0.541406 0.040278 0.020313
0 0.394444 0.552734 0.038889 0.022656
0 0.404167 0.520312 0.041667 0.020313
0 0.379167 0.723437 0.027778 0.020313
0 0.390972 0.737500 0.031944 0.014063
0 0.435417 0.709375 0.031944 0.017188
0 0.464583 0.624609 0.043056 0.019531
0 0.255556 0.228906 0.041667 0.020313
0 0.256250 0.312500 0.029167 0.021875
0 0.237500 0.325000 0.036111 0.021875
0 0.272917 0.343359 0.040278 0.017969
0 0.222917 0.363672 0.037500 0.019531
0 0.276389 0.368750 0.027778 0.014063
0 0.335417 0.242188 0.051389 0.031250
0 0.477083 0.183203 0.029167 0.017969
0 0.447222 0.306250 0.044444 0.025000
0 0.422917 0.343750 0.043056 0.021875
0 0.430556 0.362891 0.036111 0.014844
0 0.515278 0.366406 0.036111 0.025000
0 0.543056 0.363672 0.019444 0.017969
0 0.550694 0.266406 0.037500 0.015625
0 0.515278 0.271484 0.030556 0.021094
0 0.513889 0.293750 0.044444 0.021875
0 0.581944 0.586328 0.033333 0.014844
0 0.672222 0.612109 0.027778 0.017969
0 0.669444 0.526953 0.033333 0.021094
0 0.745139 0.499609 0.040278 0.025781
0 0.959722 0.458594 0.022222 0.014063
0 0.759028 0.516016 0.043056 0.019531
0 0.827778 0.550781 0.030556 0.015625
0 0.803472 0.546484 0.026389 0.013281
0 0.774306 0.557813 0.031944 0.017188
0 0.747917 0.574219 0.037500 0.015625
0 0.634722 0.207031 0.025000 0.020313
0 0.711806 0.214062 0.026389 0.014063
0 0.857639 0.264453 0.031944 0.019531
0 0.784722 0.291016 0.030556 0.016406
0 0.821528 0.282031 0.043056 0.023438
0 0.855556 0.293750 0.027778 0.017188
0 0.884722 0.297656 0.030556 0.017188
0 0.988889 0.362891 0.016667 0.008594
0 0.185417 0.156250 0.009722 0.010937
0 0.238194 0.183594 0.015278 0.012500
0 0.111111 0.246094 0.038889 0.031250
0 0.365972 0.207422 0.026389 0.014844
0 0.228472 0.208984 0.031944 0.013281
0 0.170833 0.483594 0.027778 0.014063
0 0.110417 0.506641 0.048611 0.016406
0 0.288889 0.506641 0.036111 0.011719
0 0.324306 0.648828 0.026389 0.017969
0 0.507639 0.643750 0.045833 0.028125
0 0.629861 0.604297 0.018056 0.014844
0 0.609722 0.561328 0.030556 0.010156
0 0.936806 0.611719 0.037500 0.021875
0 0.946528 0.495312 0.029167 0.014063
0 0.902778 0.667188 0.030556 0.017188
0 0.636806 0.610938 0.015278 0.009375
0 0.989583 0.323437 0.018056 0.020313
0 0.985417 0.245312 0.026389 0.017188
0 0.979861 0.186328 0.029167 0.017969
0 0.993750 0.187891 0.009722 0.016406
0 0.611806 0.381250 0.018056 0.012500