0 0.356250 0.112109 0.040278 0.025781
0 0.379167 0.107813 0.016667 0.017188
0 0.368750 0.081641 0.026389 0.019531
0 0.335417 0.071875 0.031944 0.017188
0 0.329861 0.053125 0.037500 0.025000
0 0.288889 0.048828 0.044444 0.025781
0 0.321528 0.100781 0.043056 0.026562
0 0.334028 0.119531 0.045833 0.021875
0 0.328472 0.135547 0.040278 0.021094
0 0.244444 0.095703 0.027778 0.022656
0 0.210417 0.087500 0.037500 0.031250
0 0.192361 0.100391 0.031944 0.021094
0 0.044444 0.110937 0.050000 0.028125
0 0.020833 0.157422 0.038889 0.035156
0 0.059028 0.184766 0.037500 0.017969
0 0.028472 0.201563 0.054167 0.035937
0 0.199306 0.134766 0.040278 0.025781
0 0.193750 0.069922 0.034722 0.024219
0 0.455556 0.064062 0.044444 0.023438
0 0.494444 0.074609 0.036111 0.021094
0 0.403472 0.129297 0.037500 0.022656
0 0.514583 0.136328 0.043056 0.024219
0 0.554167 0.104688 0.038889 0.020313
0 0.587500 0.096094 0.030556 0.017188
0 0.579861 0.118359 0.029167 0.016406
0 0.624306 0.112500 0.026389 0.020313
0 0.645833 0.118359 0.047222 0.028906
0 0.667361 0.095703 0.045833 0.025781
0 0.685417 0.068750 0.043056 0.025000
0 0.738194 0.060937 0.068056 0.029687
0 0.734028 0.028906 0.040278 0.026562
0 0.793056 0.056641 0.022222 0.021094
0 0.847917 0.099219 0.037500 0.025000
0 0.707639 0.094922 0.026389 0.032031
0 0.720139 0.099219 0.031944 0.031250
0 0.759028 0.102344 0.054167 0.032813
0 0.759722 0.078125 0.025000 0.015625
0 0.843056 0.081641 0.038889 0.013281
0 0.859722 0.133203 0.038889 0.027344
0 0.989583 0.181250 0.018056 0.017188
0 0.934722 0.212891 0.055556 0.036719
0 0.951389 0.279297 0.066667 0.041406
0 0.505556 0.165625 0.041667 0.020313
0 0.554167 0.183984 0.019444 0.019531
0 0.614583 0.216406 0.037500 0.023438
0 0.654167 0.185547 0.041667 0.027344
0 0.685417 0.177344 0.037500 0.025000
0 0.746528 0.214453 0.051389 0.013281
0 0.830556 0.237109 0.036111 0.019531
0 0.849306 0.377344 0.051389 0.029687
0 0.883333 0.373047 0.036111 0.022656
0 0.549306 0.225781 0.056944 0.023438
0 0.530556 0.253516 0.055556 0.028906
0 0.409028 0.232813 0.051389 0.031250
0 0.321528 0.193359 0.034722 0.019531
0 0.350000 0.214453 0.033333 0.017969
0 0.321528 0.210156 0.031944 0.015625
0 0.222222 0.199609 0.041667 0.024219
0 0.190278 0.186328 0.030556 0.022656
0 0.400694 0.296484 0.040278 0.030469
0 0.465278 0.292187 0.047222 0.026562
0 0.490972 0.289453 0.029167 0.025781
0 0.372222 0.181250 0.038889 0.014063
0 0.168056 0.232422 0.038889 0.021094
0 0.336111 0.333203 0.052778 0.035156
0 0.315278 0.351172 0.022222 0.014844
0 0.141667 0.283984 0.038889 0.021094
0 0.047222 0.308984 0.055556 0.027344
0 0.142361 0.316016 0.043056 0.019531
0 0.079167 0.367969 0.027778 0.017188
0 0.058333 0.356641 0.041667 0.016406
0 0.366667 0.357031 0.058333 0.031250
0 0.419444 0.374219 0.044444 0.026562
0 0.627083 0.296094 0.031944 0.015625
0 0.845833 0.415234 0.047222 0.036719
0 0.679167 0.422266 0.061111 0.030469
0 0.633333 0.443359 0.033333 0.025781
0 0.505556 0.483203 0.083333 0.041406
0 0.468056 0.539844 0.066667 0.023438
0 0.584028 0.593359 0.073611 0.038281
0 0.665972 0.591016 0.045833 0.024219
0 0.764583 0.601562 0.065278 0.032813
0 0.940278 0.607031 0.025000 0.026562
0 0.219444 0.670312 0.052778 0.032813
0 0.265278 0.710547 0.044444 0.027344
0 0.370139 0.596094 0.045833 0.025000
0 0.574306 0.743359 0.081944 0.049219
0 0.769444 0.662891 0.038889 0.016406
0 0.924306 0.669531 0.034722 0.020313
0 0.056250 0.683203 0.056944 0.022656
0 0.017361 0.664844 0.031944 0.025000
0 0.014583 0.687109 0.023611 0.022656
0 0.042361 0.707422 0.065278 0.028906
0 0.074306 0.131641 0.026389 0.016406
0 0.357639 0.228516 0.026389 0.011719
0 0.490972 0.236719 0.020833 0.012500
0 0.803472 0.344531 0.051389 0.021875
0 0.800694 0.693359 0.037500 0.017969
0 0.443056 0.562891 0.027778 0.014844
0 0.502083 0.573047 0.054167 0.033594