0 0.438889 0.105078 0.044444 0.032031
0 0.521528 0.160547 0.062500 0.027344
0 0.495139 0.146875 0.043056 0.021875
0 0.414583 0.152734 0.054167 0.021094
0 0.665278 0.234375 0.047222 0.028125
0 0.435417 0.260156 0.054167 0.028125
0 0.511111 0.290625 0.052778 0.029687
0 0.559722 0.278516 0.033333 0.025781
0 0.408333 0.350781 0.050000 0.025000
0 0.243056 0.341797 0.038889 0.024219
0 0.272917 0.374219 0.037500 0.014063
0 0.339583 0.405859 0.048611 0.032031
0 0.343056 0.427344 0.025000 0.018750
0 0.416667 0.421484 0.058333 0.025781
0 0.380556 0.413672 0.038889 0.017969
0 0.519444 0.403906 0.058333 0.028125
0 0.985417 0.376953 0.026389 0.038281
0 0.966667 0.409375 0.038889 0.020313
0 0.898611 0.407031 0.033333 0.017188
0 0.851389 0.419141 0.038889 0.017969
0 0.800000 0.439844 0.030556 0.018750
0 0.899306 0.454688 0.031944 0.020313
0 0.883333 0.434375 0.022222 0.014063
0 0.777778 0.458594 0.027778 0.014063
0 0.418750 0.451562 0.048611 0.025000
0 0.188194 0.464844 0.059722 0.029687
0 0.263889 0.475781 0.047222 0.025000
0 0.636806 0.483594 0.031944 0.021875
0 0.715278 0.531641 0.030556 0.016406
0 0.629861 0.538281 0.065278 0.026562
0 0.578472 0.514062 0.054167 0.029687
0 0.459028 0.551562 0.048611 0.020313
0 0.521528 0.574219 0.054167 0.020313
0 0.338194 0.531641 0.051389 0.025781
0 0.275000 0.526953 0.047222 0.025781
0 0.036806 0.473828 0.034722 0.019531
0 0.493056 0.616797 0.052778 0.028906
0 0.647222 0.630469 0.058333 0.031250
0 0.686111 0.676562 0.027778 0.020313
0 0.533333 0.733984 0.058333 0.032031
0 0.763889 0.732031 0.047222 0.028125
0 0.256250 0.722266 0.048611 0.028906
0 0.170139 0.676562 0.031944 0.014063
0 0.976389 0.580469 0.036111 0.018750
0 0.959722 0.724219 0.038889 0.021875
0 0.263194 0.329297 0.031944 0.019531
0 0.452778 0.141016 0.016667 0.017969
0 0.440278 0.236719 0.044444 0.025000
0 0.531944 0.263281 0.044444 0.031250
0 0.572917 0.648438 0.040278 0.010937
0 0.619444 0.723047 0.036111 0.021094
0 0.572917 0.726953 0.023611 0.021094
0 0.932639 0.908594 0.043056 0.023438
0 0.979861 0.904687 0.023611 0.018750
0 0.452778 0.348438 0.036111 0.023438