0 0.157639 0.163281 0.034722 0.018750
0 0.212500 0.191797 0.052778 0.030469
0 0.252778 0.176172 0.050000 0.030469
0 0.217361 0.221094 0.048611 0.029687
0 0.179861 0.244141 0.009722 0.019531
0 0.180556 0.313281 0.019444 0.025000
0 0.177778 0.334375 0.030556 0.023438
0 0.281250 0.236328 0.054167 0.027344
0 0.306944 0.251563 0.066667 0.035937
0 0.983333 0.382422 0.030556 0.022656
0 0.329861 0.301172 0.045833 0.025781
0 0.375694 0.299219 0.051389 0.026562
0 0.357639 0.333984 0.054167 0.025781
0 0.436806 0.380859 0.070833 0.027344
0 0.282639 0.390234 0.043056 0.027344
0 0.300000 0.349219 0.041667 0.023438
0 0.319444 0.371484 0.047222 0.021094
0 0.275694 0.411328 0.034722 0.017969
0 0.353472 0.384766 0.056944 0.024219
0 0.388889 0.427344 0.052778 0.028125
0 0.456944 0.442578 0.047222 0.021094
0 0.912500 0.467969 0.047222 0.021875
0 0.947222 0.476172 0.030556 0.013281
0 0.988889 0.429688 0.019444 0.018750
0 0.013889 0.510547 0.025000 0.017969
0 0.378472 0.457422 0.037500 0.016406
0 0.456250 0.475781 0.090278 0.037500
0 0.850694 0.540625 0.045833 0.031250
0 0.828472 0.498047 0.029167 0.016406
0 0.924306 0.509766 0.031944 0.014844
0 0.741667 0.638281 0.047222 0.020313
0 0.897222 0.658203 0.055556 0.028906
0 0.961806 0.640234 0.043056 0.025781
0 0.818056 0.597266 0.025000 0.021094
0 0.348611 0.510156 0.058333 0.029687
0 0.352083 0.535937 0.031944 0.021875
0 0.404167 0.559375 0.052778 0.023438
0 0.232639 0.554297 0.051389 0.030469
0 0.291667 0.548047 0.047222 0.025781
0 0.018750 0.538281 0.034722 0.028125
0 0.098611 0.562109 0.044444 0.030469
0 0.304167 0.592187 0.044444 0.043750
0 0.413194 0.613672 0.037500 0.024219
0 0.521528 0.715625 0.051389 0.031250
0 0.554861 0.712500 0.037500 0.028125
0 0.177778 0.708203 0.052778 0.027344
0 0.039583 0.591016 0.054167 0.025781
0 0.131944 0.554297 0.058333 0.042969
0 0.103472 0.619922 0.043056 0.024219
0 0.134722 0.615625 0.016667 0.014063
0 0.073611 0.528125 0.030556 0.015625
0 0.190278 0.665625 0.041667 0.029687
0 0.312500 0.664062 0.050000 0.031250
0 0.362500 0.657422 0.038889 0.025781
0 0.165972 0.771484 0.054167 0.027344
0 0.261111 0.769531 0.033333 0.029687
0 0.281250 0.795703 0.051389 0.024219
0 0.072917 0.857031 0.034722 0.020313
0 0.188889 0.831641 0.058333 0.028906
0 0.202778 0.980469 0.036111 0.037500
0 0.304861 0.482422 0.023611 0.010156