0 0.968750 0.330859 0.012500 0.013281
0 0.982639 0.348828 0.031944 0.024219
0 0.938194 0.394531 0.051389 0.023438
0 0.800694 0.478125 0.040278 0.018750
0 0.947917 0.587500 0.040278 0.018750
0 0.979861 0.603125 0.037500 0.023438
0 0.953472 0.610938 0.043056 0.018750
0 0.204167 0.742969 0.063889 0.037500
0 0.203472 0.767969 0.026389 0.014063
0 0.209722 0.836328 0.061111 0.030469
0 0.088194 0.546484 0.045833 0.019531
0 0.093750 0.511719 0.054167 0.028125
0 0.050694 0.501953 0.037500 0.022656
0 0.084722 0.473047 0.036111 0.027344
0 0.025694 0.446484 0.045833 0.025781
0 0.027083 0.487109 0.031944 0.025781