0 0.101389 0.146484 0.038889 0.027344
0 0.377083 0.221875 0.054167 0.034375
0 0.391667 0.202344 0.044444 0.017188
0 0.436806 0.189453 0.034722 0.021094
0 0.487500 0.201953 0.022222 0.019531
0 0.416667 0.219141 0.036111 0.025781
0 0.426389 0.243750 0.030556 0.028125
0 0.447917 0.216406 0.031944 0.025000
0 0.474306 0.232813 0.040278 0.023438
0 0.522917 0.256641 0.037500 0.027344
0 0.701389 0.300391 0.025000 0.013281
0 0.700694 0.233984 0.029167 0.016406
0 0.507639 0.291406 0.043056 0.020313
0 0.615972 0.278125 0.037500 0.025000
0 0.402778 0.276172 0.036111 0.017969
0 0.447917 0.279687 0.031944 0.017188
0 0.872917 0.337500 0.040278 0.018750
0 0.875694 0.323828 0.029167 0.008594
0 0.681944 0.410156 0.038889 0.023438
0 0.782639 0.416406 0.040278 0.020313
0 0.764583 0.457031 0.037500 0.021875
0 0.913194 0.418750 0.048611 0.026562
0 0.926389 0.453125 0.050000 0.023438
0 0.929167 0.545312 0.088889 0.045312
0 0.989583 0.527734 0.018056 0.039844
0 0.594444 0.479297 0.041667 0.021094
0 0.881944 0.382031 0.044444 0.017188
0 0.849306 0.380469 0.020833 0.018750
0 0.881250 0.640234 0.056944 0.030469
0 0.795833 0.675781 0.050000 0.023438
0 0.645833 0.569922 0.063889 0.044531
0 0.763194 0.500391 0.056944 0.017969
0 0.579167 0.559766 0.069444 0.039844
0 0.475000 0.535547 0.066667 0.033594
0 0.522222 0.613281 0.063889 0.035937
0 0.487500 0.619141 0.033333 0.024219
0 0.450694 0.620703 0.040278 0.028906
0 0.412500 0.534375 0.063889 0.037500
0 0.193056 0.675000 0.072222 0.042188
0 0.221528 0.688281 0.056944 0.037500
0 0.059722 0.660547 0.072222 0.030469
0 0.142361 0.675000 0.048611 0.035937
0 0.126389 0.729688 0.050000 0.028125
0 0.070833 0.714844 0.072222 0.039062
0 0.568750 0.719141 0.023611 0.011719
0 0.152083 0.539062 0.043056 0.023438
0 0.230556 0.487891 0.041667 0.024219
0 0.310417 0.504687 0.045833 0.023438
0 0.376389 0.496484 0.030556 0.019531
0 0.106944 0.564063 0.036111 0.018750
0 0.163194 0.558594 0.037500 0.014063
0 0.168750 0.462500 0.040278 0.025000
0 0.234722 0.455469 0.025000 0.012500
0 0.181250 0.430469 0.037500 0.021875
0 0.070833 0.445312 0.036111 0.015625
0 0.118750 0.443359 0.034722 0.019531
0 0.145139 0.445703 0.026389 0.027344
0 0.091667 0.476953 0.036111 0.021094
0 0.206944 0.242969 0.036111 0.018750
0 0.159722 0.322266 0.019444 0.013281
0 0.179861 0.243750 0.023611 0.014063
0 0.663889 0.242188 0.033333 0.018750
0 0.377083 0.514844 0.031944 0.014063
0 0.274306 0.612891 0.045833 0.014844
0 0.046528 0.333984 0.018056 0.011719
0 0.168750 0.340625 0.023611 0.009375
0 0.230556 0.323828 0.019444 0.011719
0 0.241667 0.316016 0.019444 0.008594
0 0.256250 0.332031 0.020833 0.012500
0 0.318056 0.321875 0.019444 0.009375
0 0.329861 0.302344 0.015278 0.009375
0 0.132639 0.208594 0.018056 0.007812
0 0.089583 0.340625 0.015278 0.010937
0 0.276389 0.348438 0.016667 0.010937
0 0.256250 0.341797 0.012500 0.005469
0 0.290972 0.319141 0.018056 0.008594
0 0.290972 0.292969 0.012500 0.010937
0 0.326389 0.275391 0.016667 0.010156
0 0.199306 0.317969 0.018056 0.009375
0 0.217361 0.287109 0.023611 0.016406
0 0.148611 0.275391 0.025000 0.017969
0 0.147222 0.235547 0.016667 0.007031
0 0.131250 0.230078 0.012500 0.008594
0 0.070833 0.271484 0.033333 0.014844
0 0.052083 0.288281 0.026389 0.018750
0 0.044444 0.554688 0.038889 0.012500