0 0.390972 0.724219 0.040278 0.023438
0 0.554167 0.713672 0.041667 0.027344
0 0.515278 0.730859 0.036111 0.016406
0 0.515278 0.669531 0.047222 0.021875
0 0.593056 0.669141 0.033333 0.027344
0 0.593056 0.689844 0.027778 0.018750
0 0.650694 0.787500 0.045833 0.021875
0 0.796528 0.845703 0.043056 0.022656
0 0.753472 0.864062 0.029167 0.014063
0 0.481944 0.651953 0.019444 0.019531
0 0.450694 0.664062 0.031944 0.014063
0 0.571528 0.526563 0.048611 0.028125
0 0.619444 0.537109 0.036111 0.024219
0 0.489583 0.513672 0.043056 0.030469
0 0.543750 0.512500 0.048611 0.018750
0 0.588194 0.570312 0.045833 0.023438
0 0.040278 0.682031 0.050000 0.026562
0 0.058333 0.653906 0.038889 0.025000
0 0.202778 0.646094 0.027778 0.014063
0 0.163194 0.648828 0.029167 0.013281
0 0.073611 0.718359 0.041667 0.024219
0 0.026389 0.725000 0.044444 0.020313
0 0.452083 0.581641 0.037500 0.019531
0 0.686806 0.681641 0.023611 0.014844
0 0.014583 0.443359 0.023611 0.027344
0 0.011111 0.487891 0.019444 0.019531
0 0.061806 0.465625 0.048611 0.025000
0 0.085417 0.477344 0.026389 0.020313
0 0.113194 0.499219 0.043056 0.017188
0 0.157639 0.503906 0.040278 0.018750