0 0.127778 0.401562 0.058333 0.021875
0 0.131250 0.429297 0.023611 0.016406
0 0.188889 0.448437 0.047222 0.025000
0 0.085417 0.459766 0.051389 0.024219
0 0.059722 0.479297 0.027778 0.014844
0 0.123611 0.482422 0.033333 0.016406
0 0.188194 0.490625 0.043056 0.025000
0 0.213889 0.519531 0.044444 0.023438
0 0.186806 0.528125 0.045833 0.029687
0 0.088194 0.545703 0.026389 0.011719
0 0.867361 0.424609 0.045833 0.027344
0 0.843750 0.435547 0.037500 0.019531
0 0.111111 0.608203 0.063889 0.027344
0 0.043056 0.661719 0.047222 0.015625
0 0.138889 0.676953 0.033333 0.021094
0 0.187500 0.631250 0.058333 0.028125
0 0.265278 0.600000 0.055556 0.028125
0 0.246528 0.653125 0.043056 0.025000
0 0.109722 0.738672 0.041667 0.021094
0 0.059028 0.739453 0.029167 0.027344
0 0.322917 0.657813 0.051389 0.028125
0 0.355556 0.683594 0.050000 0.025000
0 0.384028 0.636328 0.048611 0.019531
0 0.643750 0.628516 0.062500 0.022656
0 0.663889 0.610547 0.038889 0.017969
0 0.705556 0.595703 0.041667 0.017969
0 0.782639 0.618359 0.045833 0.016406
0 0.786111 0.565234 0.036111 0.016406
0 0.871528 0.573047 0.040278 0.019531
0 0.863194 0.551172 0.037500 0.021094
0 0.903472 0.554688 0.023611 0.010937
0 0.877083 0.594922 0.037500 0.017969
0 0.960417 0.601172 0.037500 0.022656
0 0.987500 0.594531 0.022222 0.028125
0 0.978472 0.516406 0.034722 0.023438
0 0.984028 0.534375 0.029167 0.026562
0 0.979861 0.621484 0.034722 0.022656