0 0.537500 0.416406 0.025000 0.017188
0 0.566667 0.414062 0.036111 0.018750
0 0.511806 0.470313 0.051389 0.026562
0 0.482639 0.486328 0.040278 0.016406
0 0.518056 0.549219 0.019444 0.012500
0 0.600000 0.537891 0.044444 0.027344
0 0.628472 0.524609 0.045833 0.024219
0 0.672917 0.601562 0.054167 0.026562
0 0.530556 0.609766 0.061111 0.024219
0 0.590278 0.631250 0.052778 0.025000
0 0.234722 0.700000 0.044444 0.029687
0 0.294444 0.715625 0.044444 0.026562
0 0.462500 0.656641 0.041667 0.017969
0 0.548611 0.673438 0.025000 0.014063
0 0.525694 0.732812 0.034722 0.025000
0 0.651389 0.651172 0.044444 0.022656
0 0.733333 0.660547 0.044444 0.033594
0 0.763889 0.684375 0.050000 0.021875
0 0.784028 0.641016 0.048611 0.017969
0 0.551389 0.438672 0.025000 0.019531
0 0.606250 0.457813 0.037500 0.025000
0 0.133333 0.566406 0.038889 0.025000
0 0.124306 0.518750 0.031944 0.023438
0 0.088889 0.233203 0.061111 0.033594
0 0.548611 0.491016 0.038889 0.017969
0 0.604167 0.498828 0.041667 0.025781
0 0.086111 0.522656 0.052778 0.032813
0 0.078472 0.736719 0.045833 0.031250
0 0.478472 0.730469 0.020833 0.020313
0 0.048611 0.214453 0.033333 0.021094
0 0.122222 0.548828 0.027778 0.014844
0 0.013194 0.555078 0.023611 0.022656
0 0.057639 0.563672 0.026389 0.016406
0 0.070139 0.700000 0.051389 0.028125
0 0.026389 0.703516 0.033333 0.028906
0 0.007639 0.659375 0.015278 0.018750