0 0.536806 0.195312 0.043056 0.023438
0 0.316667 0.351562 0.027778 0.020313
0 0.347917 0.425000 0.048611 0.028125
0 0.353472 0.455078 0.040278 0.021094
0 0.525000 0.448047 0.041667 0.019531
0 0.197222 0.437891 0.027778 0.017969
0 0.295833 0.539844 0.038889 0.017188
0 0.328472 0.541797 0.037500 0.013281
0 0.097222 0.534766 0.047222 0.016406
0 0.322222 0.595313 0.030556 0.018750
0 0.284722 0.611719 0.044444 0.025000
0 0.304167 0.651172 0.047222 0.025781
0 0.568056 0.428516 0.030556 0.017969
0 0.734722 0.424219 0.044444 0.026562
0 0.680556 0.390234 0.036111 0.021094
0 0.633333 0.391016 0.019444 0.016406
0 0.642361 0.676562 0.018056 0.015625
0 0.813889 0.664844 0.025000 0.018750
0 0.925694 0.558594 0.029167 0.010937
0 0.951389 0.654297 0.038889 0.017969
0 0.900000 0.663672 0.030556 0.017969
0 0.650000 0.405078 0.041667 0.019531
0 0.352778 0.355859 0.038889 0.017969
0 0.884722 0.631641 0.033333 0.013281
0 0.956250 0.679688 0.023611 0.020313
0 0.927083 0.678516 0.015278 0.011719
0 0.513889 0.733203 0.041667 0.011719
0 0.136806 0.491406 0.023611 0.014063
0 0.129861 0.521484 0.026389 0.014844