0 0.629861 0.600781 0.062500 0.035937
0 0.599306 0.580469 0.056944 0.032813
0 0.830556 0.629297 0.058333 0.027344
0 0.674306 0.520312 0.045833 0.025000
0 0.331250 0.342187 0.040278 0.018750
0 0.335417 0.324219 0.034722 0.017188
0 0.523611 0.195312 0.047222 0.028125
0 0.672222 0.114453 0.052778 0.036719
0 0.715972 0.221094 0.054167 0.034375
0 0.620833 0.271094 0.038889 0.020313
0 0.572222 0.315234 0.036111 0.024219
0 0.747917 0.255469 0.045833 0.026562
0 0.867361 0.258203 0.040278 0.022656
0 0.547917 0.325391 0.029167 0.013281
0 0.758333 0.287500 0.041667 0.018750
0 0.595139 0.290625 0.031944 0.018750
0 0.541667 0.310937 0.027778 0.014063
0 0.553472 0.293750 0.029167 0.015625
0 0.583333 0.268750 0.036111 0.021875
0 0.546528 0.197266 0.029167 0.022656
0 0.681250 0.226953 0.020833 0.022656
0 0.786806 0.250000 0.023611 0.017188
0 0.801389 0.255859 0.030556 0.014844
0 0.838889 0.258594 0.027778 0.021875
0 0.025694 0.297266 0.029167 0.017969
0 0.511111 0.407813 0.030556 0.020313
0 0.777778 0.425391 0.027778 0.017969
0 0.983333 0.492188 0.030556 0.031250
0 0.662500 0.537109 0.050000 0.024219
0 0.543750 0.592969 0.040278 0.032813