0 0.565278 0.010937 0.050000 0.021875
0 0.394444 0.185156 0.036111 0.026562
0 0.950694 0.196875 0.026389 0.015625
0 0.838889 0.307031 0.044444 0.023438
0 0.897222 0.318359 0.038889 0.019531
0 0.770833 0.326562 0.033333 0.021875
0 0.294444 0.358984 0.036111 0.022656
0 0.230556 0.424609 0.038889 0.022656
0 0.983333 0.465625 0.030556 0.026562
0 0.852083 0.535547 0.034722 0.013281
0 0.982639 0.608594 0.031944 0.021875
0 0.784722 0.581250 0.030556 0.018750
0 0.604861 0.602344 0.034722 0.015625
0 0.936111 0.578906 0.038889 0.017188
0 0.019444 0.410547 0.038889 0.011719
0 0.011111 0.449219 0.019444 0.020313
0 0.602083 0.008984 0.029167 0.016406
0 0.479167 0.044531 0.030556 0.026562
0 0.885417 0.362891 0.037500 0.014844
0 0.703472 0.618750 0.029167 0.018750
0 0.790278 0.607422 0.038889 0.024219
0 0.645139 0.607422 0.023611 0.013281
0 0.474306 0.516406 0.015278 0.015625
0 0.493056 0.434766 0.030556 0.016406
0 0.379861 0.569922 0.023611 0.016406