0 0.936111 0.848437 0.055556 0.026562
0 0.904861 0.833203 0.029167 0.033594
0 0.416667 0.734375 0.047222 0.034375
0 0.541667 0.681250 0.069444 0.037500
0 0.598611 0.672266 0.050000 0.032031
0 0.578472 0.639844 0.073611 0.028125
0 0.786111 0.586328 0.066667 0.038281
0 0.509722 0.601172 0.058333 0.033594
0 0.716667 0.564844 0.058333 0.026562
0 0.335417 0.556641 0.051389 0.025781
0 0.159722 0.517188 0.063889 0.029687
0 0.834028 0.518750 0.051389 0.012500
0 0.572917 0.406250 0.045833 0.034375
0 0.840278 0.297266 0.063889 0.030469
0 0.905556 0.313281 0.061111 0.031250
0 0.368056 0.303516 0.047222 0.024219
0 0.425694 0.308203 0.051389 0.022656
0 0.645833 0.322656 0.041667 0.020313
0 0.655556 0.210547 0.055556 0.028906
0 0.603472 0.217969 0.062500 0.035937
0 0.550000 0.224219 0.072222 0.043750
0 0.560417 0.165234 0.062500 0.033594
0 0.616667 0.168750 0.050000 0.029687
0 0.486111 0.176563 0.083333 0.031250
0 0.522222 0.107422 0.061111 0.035156
0 0.619444 0.074609 0.052778 0.041406
0 0.568056 0.086328 0.058333 0.033594
0 0.561111 0.025000 0.077778 0.037500
0 0.551389 0.048828 0.061111 0.033594
0 0.511806 0.253906 0.048611 0.010937
0 0.461806 0.339453 0.043056 0.019531
0 0.528472 0.337891 0.029167 0.024219
0 0.129167 0.494531 0.055556 0.021875
0 0.106944 0.534375 0.044444 0.032813
0 0.048611 0.539062 0.050000 0.025000
0 0.029167 0.586719 0.047222 0.031250
0 0.179167 0.615625 0.033333 0.018750
0 0.403472 0.558594 0.026389 0.025000
0 0.750694 0.478516 0.031944 0.036719
0 0.706944 0.620703 0.050000 0.036719
0 0.679167 0.617578 0.041667 0.033594
0 0.509722 0.667969 0.036111 0.018750
0 0.327083 0.610156 0.026389 0.020313
0 0.419444 0.603125 0.055556 0.025000
0 0.029167 0.785937 0.027778 0.018750
0 0.088889 0.722266 0.041667 0.027344
0 0.161806 0.785547 0.026389 0.016406
0 0.385417 0.660156 0.031944 0.014063