0 0.468750 0.316797 0.051389 0.027344
0 0.606944 0.285156 0.047222 0.034375
0 0.606250 0.254297 0.051389 0.019531
0 0.659722 0.257422 0.058333 0.027344
0 0.669444 0.285938 0.038889 0.026562
0 0.693750 0.272266 0.020833 0.013281
0 0.488194 0.349609 0.051389 0.035156
0 0.652083 0.351172 0.048611 0.025781
0 0.502778 0.385937 0.036111 0.031250
0 0.404861 0.375391 0.056944 0.024219
0 0.456250 0.409766 0.054167 0.027344
0 0.563194 0.431250 0.054167 0.020313
0 0.692361 0.454688 0.051389 0.029687
0 0.731250 0.462500 0.054167 0.028125
0 0.548611 0.564844 0.052778 0.025000
0 0.593056 0.570312 0.044444 0.025000
0 0.343056 0.572656 0.061111 0.028125
0 0.315972 0.589063 0.037500 0.021875
0 0.375694 0.614844 0.034722 0.026562
0 0.421528 0.623437 0.015278 0.021875
0 0.356944 0.645703 0.038889 0.022656
0 0.397917 0.650781 0.043056 0.021875
0 0.237500 0.649609 0.036111 0.017969
0 0.291667 0.617578 0.038889 0.014844
0 0.531944 0.625000 0.041667 0.021875
0 0.555556 0.641797 0.061111 0.033594
0 0.570833 0.661719 0.041667 0.018750
0 0.647917 0.655078 0.043056 0.025781
0 0.691667 0.665625 0.050000 0.029687
0 0.654167 0.676562 0.038889 0.018750
0 0.628472 0.704297 0.040278 0.022656
0 0.679167 0.709766 0.019444 0.016406
0 0.484028 0.709375 0.054167 0.029687
0 0.603472 0.730859 0.034722 0.010156
0 0.431250 0.749609 0.048611 0.028906
0 0.413889 0.769531 0.025000 0.021875
0 0.437500 0.767188 0.030556 0.018750
0 0.345139 0.836328 0.054167 0.027344
0 0.063194 0.946484 0.037500 0.027344
0 0.554167 0.802734 0.069444 0.028906
0 0.613194 0.791797 0.056944 0.033594
0 0.606250 0.817969 0.043056 0.021875
0 0.685417 0.935937 0.056944 0.035937
0 0.737500 0.994922 0.058333 0.008594
0 0.086806 0.809375 0.031944 0.020313