0 0.465278 0.040625 0.044444 0.025000
0 0.484722 0.045312 0.030556 0.025000
0 0.459028 0.058203 0.045833 0.022656
0 0.531944 0.040234 0.030556 0.025781
0 0.556944 0.067969 0.041667 0.018750
0 0.495139 0.083203 0.037500 0.025781
0 0.536111 0.079297 0.016667 0.014844
0 0.506944 0.096875 0.041667 0.021875
0 0.559028 0.092188 0.031944 0.021875
0 0.463194 0.129688 0.031944 0.023438
0 0.565972 0.174609 0.034722 0.025781
0 0.470833 0.195703 0.041667 0.022656
0 0.518056 0.175000 0.033333 0.025000
0 0.590278 0.135937 0.050000 0.026562
0 0.381944 0.230469 0.041667 0.023438
0 0.441667 0.178906 0.030556 0.020313
0 0.509722 0.192578 0.033333 0.019531
0 0.490972 0.222656 0.031944 0.020313
0 0.590972 0.241016 0.031944 0.014844
0 0.610417 0.250781 0.031944 0.017188
0 0.581944 0.251172 0.022222 0.013281
0 0.302083 0.266797 0.051389 0.032031
0 0.443750 0.266016 0.029167 0.017969
0 0.706250 0.405469 0.048611 0.031250
0 0.684028 0.396094 0.037500 0.023438
0 0.691667 0.423828 0.030556 0.016406
0 0.462500 0.274609 0.025000 0.014844
0 0.306250 0.381250 0.034722 0.025000
0 0.375000 0.375391 0.041667 0.021094
0 0.417361 0.335938 0.018056 0.014063
0 0.631250 0.366797 0.043056 0.027344
0 0.632639 0.389062 0.045833 0.021875
0 0.654167 0.405469 0.036111 0.023438
0 0.449306 0.430078 0.029167 0.025781
0 0.617361 0.521094 0.051389 0.023438
0 0.384028 0.481250 0.043056 0.028125
0 0.415972 0.477734 0.034722 0.027344
0 0.634028 0.594922 0.037500 0.027344
0 0.501389 0.378125 0.022222 0.009375
0 0.502778 0.387500 0.016667 0.007812
0 0.520139 0.488672 0.037500 0.021094
0 0.618750 0.641016 0.054167 0.027344
0 0.590972 0.701953 0.045833 0.025781
0 0.632639 0.700000 0.043056 0.026562
0 0.429861 0.631250 0.037500 0.017188
0 0.934722 0.460156 0.036111 0.014063
0 0.985417 0.450781 0.026389 0.014063
0 0.565972 0.150391 0.037500 0.022656
0 0.533333 0.117188 0.047222 0.021875
0 0.488194 0.139453 0.043056 0.024219
0 0.493750 0.153125 0.037500 0.015625
0 0.599306 0.493750 0.023611 0.018750
0 0.507639 0.642578 0.031944 0.013281
0 0.395833 0.676953 0.022222 0.011719
0 0.097222 0.706641 0.038889 0.032031
0 0.057639 0.698828 0.029167 0.025781
0 0.436111 0.239063 0.027778 0.017188
0 0.452778 0.201953 0.030556 0.022656
0 0.575694 0.191797 0.018056 0.017969
0 0.515972 0.279687 0.023611 0.021875
0 0.517361 0.264844 0.015278 0.014063
0 0.740278 0.314453 0.030556 0.014844
0 0.345139 0.381250 0.015278 0.023438
0 0.646528 0.432812 0.029167 0.021875
0 0.642361 0.453125 0.040278 0.018750
0 0.729167 0.427734 0.041667 0.027344
0 0.728472 0.537109 0.034722 0.019531