0 0.079861 0.340234 0.026389 0.013281
0 0.118056 0.325391 0.033333 0.016406
0 0.039583 0.303906 0.031944 0.015625
0 0.058333 0.325000 0.027778 0.014063
0 0.111806 0.347266 0.029167 0.016406
0 0.020833 0.326172 0.025000 0.011719
0 0.140278 0.398828 0.027778 0.013281
0 0.254861 0.405469 0.015278 0.012500
0 0.063194 0.310547 0.023611 0.011719
0 0.008333 0.228516 0.013889 0.013281
0 0.350000 0.374219 0.025000 0.009375
0 0.095139 0.326172 0.029167 0.013281
0 0.227778 0.331250 0.022222 0.010937
0 0.327778 0.405859 0.022222 0.010156
0 0.177778 0.416016 0.027778 0.024219
0 0.788194 0.435937 0.029167 0.020313