0 0.153472 0.389844 0.018056 0.010937
0 0.181250 0.394531 0.029167 0.014063
0 0.292361 0.410156 0.029167 0.015625
0 0.335417 0.365234 0.026389 0.013281
0 0.367361 0.383594 0.009722 0.006250
0 0.393056 0.385547 0.005556 0.005469
0 0.411111 0.407422 0.019444 0.014844
0 0.462500 0.410156 0.011111 0.010937
0 0.520139 0.403125 0.012500 0.007812
0 0.261806 0.526953 0.015278 0.007031
0 0.259722 0.569141 0.019444 0.010156
0 0.237500 0.604297 0.011111 0.007031
0 0.276389 0.542578 0.013889 0.008594
0 0.044444 0.675000 0.013889 0.018750
0 0.092361 0.701172 0.029167 0.017969
0 0.075694 0.735156 0.031944 0.023438
0 0.463889 0.606250 0.019444 0.017188
0 0.515278 0.609766 0.030556 0.007031
0 0.549306 0.621875 0.034722 0.015625
0 0.581944 0.590234 0.030556 0.011719
0 0.612500 0.560156 0.019444 0.010937
0 0.511111 0.558984 0.019444 0.011719
0 0.595833 0.564063 0.008333 0.004687
0 0.703472 0.607812 0.026389 0.012500
0 0.616667 0.672266 0.013889 0.007031
0 0.631250 0.682813 0.026389 0.017188
0 0.584722 0.710547 0.019444 0.013281
0 0.606250 0.716797 0.026389 0.013281
0 0.645833 0.703516 0.016667 0.010156
0 0.734028 0.723047 0.018056 0.005469
0 0.786806 0.749609 0.015278 0.014844
0 0.729167 0.753125 0.055556 0.025000
0 0.850000 0.672266 0.025000 0.011719
0 0.823611 0.621875 0.016667 0.007812
0 0.729167 0.467969 0.011111 0.006250
0 0.740972 0.440625 0.012500 0.010937
0 0.703472 0.446094 0.015278 0.012500
0 0.595833 0.435156 0.011111 0.006250
0 0.417361 0.325391 0.006944 0.007031
0 0.179861 0.423047 0.012500 0.008594
0 0.633333 0.395313 0.030556 0.007812
0 0.554861 0.318750 0.020833 0.010937
0 0.539583 0.301563 0.012500 0.014063
0 0.597222 0.289453 0.025000 0.016406
0 0.626389 0.288281 0.025000 0.014063
0 0.663889 0.262891 0.011111 0.011719
0 0.603472 0.256250 0.009722 0.012500
0 0.570139 0.271484 0.020833 0.016406
0 0.582639 0.233984 0.023611 0.013281
0 0.463889 0.194531 0.022222 0.010937
0 0.514583 0.258594 0.026389 0.017188
0 0.479167 0.246875 0.019444 0.012500
0 0.481944 0.263281 0.016667 0.009375
0 0.429861 0.269531 0.023611 0.017188
0 0.402083 0.267969 0.026389 0.015625
0 0.413889 0.251563 0.019444 0.009375
0 0.615972 0.266406 0.018056 0.009375
0 0.528472 0.191797 0.009722 0.007031
0 0.684722 0.343750 0.016667 0.009375
0 0.711111 0.361328 0.016667 0.010156
0 0.368750 0.474609 0.048611 0.014844
0 0.386806 0.429688 0.012500 0.004687
0 0.666667 0.719141 0.011111 0.010156
0 0.186111 0.370312 0.022222 0.012500
0 0.197222 0.380078 0.022222 0.017969
0 0.492361 0.276562 0.031944 0.017188
0 0.323611 0.650781 0.052778 0.021875
0 0.272917 0.660547 0.043056 0.016406
0 0.850694 0.698047 0.015278 0.011719
0 0.812500 0.648047 0.033333 0.017969