0 0.141667 0.229297 0.038889 0.019531
0 0.008333 0.492969 0.013889 0.017188
0 0.584028 0.567187 0.012500 0.009375
0 0.647222 0.553906 0.011111 0.007812
0 0.656250 0.511719 0.015278 0.006250
0 0.186806 0.476172 0.037500 0.017969
0 0.359028 0.449609 0.029167 0.024219
0 0.325694 0.417187 0.029167 0.018750
0 0.304861 0.430859 0.012500 0.014844
0 0.758333 0.550391 0.008333 0.008594
0 0.743750 0.602344 0.015278 0.018750
0 0.781250 0.655859 0.026389 0.019531
0 0.802778 0.626172 0.022222 0.014844
0 0.840972 0.635938 0.031944 0.018750
0 0.871528 0.576562 0.023611 0.014063
0 0.908333 0.581250 0.022222 0.009375
0 0.972917 0.599609 0.026389 0.014844
0 0.989583 0.611719 0.018056 0.018750
0 0.881944 0.562500 0.008333 0.007812
0 0.900000 0.565234 0.013889 0.007031
0 0.924306 0.540234 0.023611 0.011719
0 0.912500 0.518359 0.033333 0.014844
0 0.943056 0.514453 0.016667 0.008594
0 0.977778 0.514062 0.013889 0.004687
0 0.918750 0.485938 0.023611 0.020313
0 0.942361 0.362109 0.029167 0.016406
0 0.960417 0.316406 0.029167 0.012500
0 0.856944 0.328906 0.022222 0.012500
0 0.836806 0.345703 0.029167 0.014844
0 0.811806 0.339453 0.023611 0.016406
0 0.786806 0.314063 0.020833 0.012500
0 0.473611 0.636719 0.027778 0.018750
0 0.832639 0.324219 0.029167 0.015625
0 0.274306 0.423828 0.029167 0.024219
0 0.231250 0.421094 0.034722 0.017188
0 0.177778 0.636719 0.041667 0.021875
0 0.279167 0.695703 0.016667 0.019531
0 0.349306 0.626563 0.031944 0.026562
0 0.527083 0.677734 0.015278 0.016406
0 0.903472 0.636719 0.034722 0.023438
0 0.915972 0.653125 0.026389 0.015625