0 0.031250 0.242578 0.034722 0.021094
0 0.029167 0.255469 0.030556 0.014063
0 0.018056 0.286719 0.019444 0.014063
0 0.027083 0.266016 0.020833 0.010156
0 0.059028 0.273047 0.031944 0.010156
0 0.075694 0.267969 0.018056 0.009375
0 0.080556 0.244531 0.016667 0.012500
0 0.118056 0.226953 0.027778 0.019531
0 0.138194 0.233984 0.020833 0.011719
0 0.108333 0.326172 0.033333 0.017969
0 0.136806 0.323828 0.020833 0.017969
0 0.198611 0.265625 0.050000 0.037500
0 0.247222 0.291797 0.055556 0.035156
0 0.236806 0.322266 0.056944 0.028906
0 0.206944 0.346484 0.025000 0.014844
0 0.220833 0.356641 0.019444 0.010156
0 0.287500 0.368750 0.011111 0.012500
0 0.323611 0.372266 0.055556 0.035156
0 0.374306 0.307031 0.029167 0.020313
0 0.033333 0.507812 0.050000 0.025000
0 0.091667 0.509766 0.025000 0.014844
0 0.043750 0.532031 0.026389 0.014063
0 0.016667 0.643359 0.027778 0.022656
0 0.028472 0.604688 0.029167 0.014063
0 0.118750 0.588672 0.031944 0.017969
0 0.161111 0.647266 0.016667 0.013281
0 0.201389 0.470313 0.041667 0.020313
0 0.203472 0.488672 0.026389 0.011719
0 0.162500 0.538672 0.030556 0.021094
0 0.212500 0.537109 0.025000 0.011719
0 0.299306 0.487891 0.023611 0.008594
0 0.348611 0.420703 0.019444 0.013281
0 0.328472 0.423438 0.018056 0.009375
0 0.327083 0.431641 0.020833 0.010156
0 0.362500 0.424609 0.013889 0.010156
0 0.298611 0.539844 0.027778 0.017188
0 0.327083 0.535937 0.029167 0.017188
0 0.351389 0.531250 0.027778 0.015625
0 0.425694 0.591016 0.026389 0.014844
0 0.398611 0.527344 0.025000 0.015625
0 0.422222 0.526563 0.025000 0.015625
0 0.406250 0.557031 0.023611 0.012500
0 0.487500 0.546484 0.013889 0.013281
0 0.536111 0.555469 0.027778 0.012500
0 0.565972 0.525391 0.054167 0.032031
0 0.605556 0.548047 0.047222 0.025781
0 0.652778 0.556641 0.033333 0.019531
0 0.690972 0.579688 0.034722 0.018750
0 0.587500 0.630469 0.019444 0.009375
0 0.845139 0.568359 0.037500 0.019531
0 0.815278 0.533594 0.033333 0.017188
0 0.538194 0.461328 0.045833 0.022656
0 0.526389 0.444141 0.033333 0.014844
0 0.548611 0.422656 0.027778 0.023438
0 0.582639 0.435937 0.048611 0.028125
0 0.643056 0.451562 0.050000 0.025000
0 0.584722 0.334375 0.030556 0.009375
0 0.728472 0.466016 0.045833 0.030469
0 0.808333 0.493750 0.050000 0.028125
0 0.854167 0.488281 0.052778 0.023438
0 0.920139 0.475391 0.054167 0.033594
0 0.808333 0.388281 0.044444 0.018750
0 0.959722 0.428516 0.052778 0.028906
0 0.697917 0.357031 0.040278 0.025000
0 0.699306 0.396094 0.026389 0.020313
0 0.722917 0.399219 0.040278 0.020313
0 0.754167 0.414453 0.036111 0.019531
0 0.785417 0.424609 0.048611 0.017969
0 0.726389 0.116797 0.036111 0.021094
0 0.757639 0.121875 0.037500 0.018750
0 0.781250 0.123047 0.018056 0.011719
0 0.798611 0.126172 0.025000 0.017969
0 0.794444 0.093750 0.016667 0.009375
0 0.825694 0.102734 0.037500 0.021094
0 0.887500 0.071094 0.038889 0.017188
0 0.863889 0.095703 0.038889 0.025781
0 0.867361 0.119141 0.031944 0.017969
0 0.890278 0.123828 0.030556 0.017969
0 0.955556 0.121875 0.036111 0.020313
0 0.986111 0.123047 0.025000 0.024219
0 0.909722 0.146094 0.038889 0.023438
0 0.868056 0.171484 0.033333 0.017969
0 0.975000 0.161719 0.022222 0.014063
0 0.752083 0.278516 0.020833 0.022656
0 0.775694 0.278125 0.040278 0.021875
0 0.806944 0.262891 0.047222 0.022656
0 0.822917 0.280078 0.034722 0.017969
0 0.854861 0.286719 0.034722 0.017188
0 0.902778 0.280078 0.036111 0.017969
0 0.916667 0.265234 0.041667 0.019531
0 0.982639 0.251172 0.031944 0.014844
0 0.972917 0.296094 0.037500 0.021875
0 0.962500 0.316797 0.038889 0.019531
0 0.936806 0.297656 0.029167 0.017188
0 0.309722 0.345313 0.025000 0.015625
0 0.490972 0.309375 0.048611 0.012500
0 0.417361 0.336719 0.015278 0.017188
0 0.956250 0.103516 0.034722 0.013281
0 0.121528 0.499609 0.026389 0.011719
0 0.009028 0.433984 0.015278 0.013281
0 0.597917 0.394922 0.029167 0.008594