0 0.099306 0.096094 0.095833 0.060937
0 0.193750 0.099219 0.090278 0.062500
0 0.367361 0.039062 0.040278 0.021875
0 0.390972 0.026953 0.037500 0.021094
0 0.411806 0.012500 0.043056 0.023438
0 0.316667 0.004687 0.041667 0.007812
0 0.363889 0.064844 0.036111 0.017188
0 0.420139 0.048828 0.040278 0.021094
0 0.476389 0.042188 0.041667 0.023438
0 0.684028 0.122656 0.076389 0.054688
0 0.859028 0.109375 0.090278 0.053125
0 0.912500 0.056250 0.100000 0.059375
0 0.838889 0.141797 0.086111 0.042969
0 0.668056 0.161328 0.075000 0.046094
0 0.485417 0.232031 0.079167 0.053125
0 0.563194 0.226172 0.076389 0.049219
0 0.741667 0.209375 0.066667 0.029687
0 0.763194 0.233594 0.045833 0.025000
0 0.804167 0.231641 0.038889 0.028906
0 0.948611 0.288281 0.075000 0.039062
0 0.989583 0.254688 0.018056 0.015625
0 0.662500 0.287891 0.055556 0.028906
0 0.606250 0.324219 0.043056 0.029687
0 0.699306 0.323828 0.040278 0.019531
0 0.738889 0.361328 0.033333 0.021094
0 0.844444 0.385547 0.055556 0.033594
0 0.877083 0.415234 0.048611 0.022656
0 0.742361 0.465625 0.065278 0.032813
0 0.797222 0.480078 0.050000 0.033594
0 0.822222 0.483984 0.038889 0.028906
0 0.344444 0.305859 0.083333 0.047656
0 0.118750 0.250000 0.051389 0.040625
0 0.244444 0.246484 0.038889 0.022656
0 0.277083 0.236719 0.037500 0.026562
0 0.324306 0.258594 0.031944 0.023438
0 0.026389 0.290234 0.050000 0.041406
0 0.016667 0.196484 0.033333 0.033594
0 0.036806 0.311719 0.070833 0.034375
0 0.113889 0.343359 0.077778 0.047656
0 0.263889 0.364063 0.077778 0.048438
0 0.336806 0.403125 0.065278 0.037500
0 0.347222 0.419922 0.063889 0.032031
0 0.298611 0.434375 0.055556 0.037500
0 0.158333 0.386719 0.077778 0.032813
0 0.328472 0.473047 0.054167 0.027344
0 0.205556 0.519922 0.058333 0.038281
0 0.355556 0.541797 0.050000 0.032031
0 0.318056 0.567578 0.030556 0.022656
0 0.064583 0.580078 0.056944 0.017969
0 0.097222 0.648047 0.041667 0.033594
0 0.155556 0.641406 0.055556 0.021875
0 0.336111 0.620703 0.038889 0.027344
0 0.527778 0.456250 0.058333 0.029687
0 0.406944 0.431250 0.033333 0.023438
0 0.490278 0.510156 0.044444 0.023438
0 0.525000 0.511719 0.036111 0.026562
0 0.609028 0.540234 0.045833 0.028906
0 0.638194 0.521484 0.043056 0.022656
0 0.878472 0.487500 0.037500 0.017188
0 0.490278 0.589844 0.036111 0.021875
0 0.531944 0.585938 0.044444 0.029687
0 0.415972 0.627344 0.029167 0.021875
0 0.393750 0.632422 0.020833 0.019531
0 0.432639 0.622266 0.020833 0.014844
0 0.889583 0.599609 0.023611 0.017969
0 0.843056 0.592578 0.038889 0.030469
0 0.213889 0.831250 0.058333 0.039062
0 0.145833 0.832422 0.055556 0.032031
0 0.166667 0.841406 0.036111 0.021875
0 0.609722 0.765625 0.027778 0.015625
0 0.694444 0.723047 0.022222 0.011719
0 0.802083 0.738672 0.015278 0.011719
0 0.927083 0.766797 0.023611 0.011719
0 0.897222 0.843750 0.019444 0.014063
0 0.780556 0.890234 0.033333 0.019531
0 0.758333 0.908984 0.025000 0.013281
0 0.959028 0.935547 0.026389 0.021094
0 0.785417 0.917578 0.031944 0.016406
0 0.619444 0.817187 0.022222 0.015625
0 0.574306 0.858594 0.015278 0.015625
0 0.329861 0.949609 0.034722 0.022656
0 0.551389 0.327734 0.069444 0.038281
0 0.055556 0.058594 0.066667 0.018750
0 0.086111 0.014453 0.041667 0.019531
0 0.013889 0.123438 0.022222 0.023438
0 0.061111 0.145703 0.050000 0.036719
0 0.544444 0.008594 0.022222 0.015625
0 0.738889 0.242969 0.055556 0.021875
0 0.372222 0.264844 0.022222 0.006250