0 0.274306 0.477734 0.031944 0.028906
0 0.327083 0.475781 0.043056 0.021875
0 0.360417 0.492578 0.056944 0.028906
0 0.389583 0.501563 0.037500 0.018750
0 0.380556 0.535156 0.047222 0.021875
0 0.272917 0.612500 0.029167 0.021875
0 0.303472 0.628906 0.040278 0.018750
0 0.384722 0.632031 0.030556 0.029687
0 0.382639 0.652344 0.029167 0.018750
0 0.475694 0.638281 0.037500 0.020313
0 0.190278 0.687109 0.041667 0.024219
0 0.556944 0.794531 0.041667 0.015625
0 0.134722 0.612500 0.016667 0.017188
0 0.501389 0.807422 0.025000 0.019531
0 0.736111 0.830078 0.038889 0.025781
0 0.242361 0.625781 0.031944 0.018750
0 0.018750 0.617188 0.029167 0.014063
0 0.340972 0.674609 0.045833 0.019531
0 0.434722 0.741406 0.041667 0.023438
0 0.904167 0.633203 0.044444 0.024219
0 0.983333 0.626953 0.025000 0.013281
0 0.985417 0.656641 0.026389 0.025781
0 0.993056 0.597656 0.011111 0.018750