0 0.287500 0.398438 0.019444 0.007812
0 0.315278 0.404687 0.030556 0.012500
0 0.329167 0.390625 0.022222 0.018750
0 0.416667 0.419922 0.025000 0.016406
0 0.448611 0.376172 0.025000 0.013281
0 0.519444 0.375781 0.022222 0.012500
0 0.367361 0.335938 0.006944 0.003125
0 0.534722 0.417187 0.016667 0.012500
0 0.598611 0.422266 0.033333 0.019531
0 0.488889 0.441016 0.016667 0.007031
0 0.526389 0.519922 0.019444 0.005469
0 0.522222 0.480469 0.030556 0.012500
0 0.393056 0.572656 0.025000 0.014063
0 0.354167 0.610156 0.011111 0.009375
0 0.154861 0.619922 0.012500 0.007031
0 0.099306 0.635938 0.026389 0.012500
0 0.198611 0.672656 0.013889 0.017188
0 0.251389 0.696094 0.022222 0.015625
0 0.232639 0.728906 0.026389 0.021875
0 0.176389 0.737500 0.022222 0.009375
0 0.027083 0.720313 0.015278 0.010937
0 0.396528 0.598437 0.012500 0.009375
0 0.697917 0.553125 0.009722 0.010937
0 0.773611 0.526172 0.013889 0.008594
0 0.688194 0.625391 0.015278 0.013281
0 0.733333 0.675781 0.019444 0.006250
0 0.750000 0.686328 0.027778 0.014844
0 0.765972 0.703125 0.015278 0.009375
0 0.704167 0.711328 0.019444 0.011719
0 0.846528 0.726172 0.018056 0.008594
0 0.947917 0.676953 0.023611 0.010156
0 0.898611 0.751172 0.013889 0.011719
0 0.711806 0.679297 0.015278 0.005469
0 0.812500 0.617188 0.011111 0.004687
0 0.708333 0.594141 0.022222 0.014844
0 0.806250 0.455859 0.018056 0.011719
0 0.766667 0.403906 0.013889 0.006250
0 0.647917 0.411328 0.015278 0.008594
0 0.649306 0.314453 0.012500 0.010156
0 0.711111 0.303906 0.022222 0.015625
0 0.739583 0.301172 0.018056 0.011719
0 0.730556 0.277734 0.022222 0.019531
0 0.703472 0.250000 0.023611 0.014063
0 0.687500 0.285547 0.025000 0.013281
0 0.629861 0.273047 0.026389 0.014844
0 0.600000 0.277344 0.008333 0.009375
0 0.592361 0.263672 0.018056 0.011719
0 0.581944 0.212500 0.022222 0.012500
0 0.543056 0.284766 0.019444 0.016406
0 0.518750 0.282813 0.026389 0.015625
0 0.529167 0.267188 0.016667 0.009375
0 0.504167 0.578906 0.016667 0.009375
0 0.298611 0.377344 0.030556 0.023438
0 0.614583 0.235156 0.023611 0.021875
0 0.399306 0.540625 0.037500 0.023438
0 0.362500 0.635156 0.019444 0.023438
0 0.415278 0.657422 0.033333 0.014844
0 0.477778 0.653906 0.022222 0.012500
0 0.616667 0.605469 0.025000 0.023438
0 0.725000 0.718359 0.025000 0.014844
0 0.763194 0.756641 0.023611 0.016406
0 0.772222 0.771094 0.025000 0.015625
0 0.818056 0.759766 0.019444 0.024219
0 0.850694 0.750781 0.031944 0.017188
0 0.936111 0.743750 0.027778 0.014063
0 0.835417 0.783594 0.023611 0.012500
0 0.885417 0.775000 0.029167 0.010937
0 0.788194 0.360938 0.034722 0.017188
0 0.819444 0.372266 0.019444 0.011719
0 0.770833 0.281641 0.030556 0.017969