0 0.173611 0.135937 0.038889 0.026562
0 0.255556 0.119922 0.027778 0.024219
0 0.302778 0.103125 0.044444 0.031250
0 0.256250 0.057031 0.031944 0.015625
0 0.206944 0.010156 0.030556 0.017188
0 0.209722 0.090234 0.033333 0.030469
0 0.376389 0.087891 0.022222 0.022656
0 0.412500 0.110547 0.044444 0.027344
0 0.437500 0.110937 0.022222 0.023438
0 0.895833 0.033203 0.052778 0.033594
0 0.913889 0.022266 0.055556 0.033594
0 0.994444 0.033594 0.008333 0.015625
0 0.985417 0.062891 0.026389 0.030469
0 0.141667 0.208594 0.033333 0.021875
0 0.188889 0.232031 0.047222 0.026562
0 0.268750 0.212109 0.029167 0.025781
0 0.342361 0.197656 0.040278 0.021875
0 0.436806 0.205078 0.045833 0.024219
0 0.525694 0.231641 0.037500 0.017969
0 0.557639 0.314063 0.037500 0.023438
0 0.406250 0.291406 0.034722 0.023438
0 0.175000 0.298438 0.050000 0.023438
0 0.102778 0.327734 0.058333 0.027344
0 0.215972 0.319922 0.034722 0.016406
0 0.094444 0.357812 0.061111 0.032813
0 0.503472 0.348047 0.051389 0.028906
0 0.587500 0.384766 0.050000 0.027344
0 0.078472 0.389062 0.056944 0.029687
0 0.041667 0.385547 0.033333 0.016406
0 0.519444 0.444531 0.050000 0.021875
0 0.570139 0.434375 0.043056 0.017188
0 0.550000 0.477344 0.044444 0.026562
0 0.672222 0.495312 0.055556 0.021875
0 0.873611 0.540625 0.050000 0.028125
0 0.888194 0.557031 0.045833 0.018750
0 0.272222 0.593750 0.033333 0.018750
0 0.418750 0.635547 0.043056 0.019531
0 0.359028 0.588281 0.034722 0.015625
0 0.567361 0.580078 0.040278 0.017969
0 0.816667 0.562500 0.041667 0.021875
0 0.697222 0.534375 0.038889 0.018750
0 0.728472 0.599219 0.045833 0.025000
0 0.415278 0.650781 0.038889 0.015625
0 0.545139 0.714453 0.034722 0.024219
0 0.552778 0.780469 0.027778 0.025000
0 0.166667 0.332031 0.019444 0.014063
0 0.034722 0.414062 0.030556 0.009375
0 0.072222 0.432422 0.011111 0.011719
0 0.538194 0.498047 0.037500 0.014844
0 0.388889 0.380078 0.030556 0.011719
0 0.167361 0.279297 0.029167 0.013281
0 0.325694 0.003906 0.029167 0.006250
0 0.211806 0.245312 0.026389 0.014063
0 0.586111 0.335156 0.025000 0.009375
0 0.986806 0.460547 0.020833 0.016406
0 0.940278 0.554297 0.016667 0.019531
0 0.778472 0.560156 0.026389 0.010937
0 0.347222 0.613281 0.030556 0.020313
0 0.109722 0.463281 0.030556 0.018750
0 0.445833 0.307812 0.030556 0.018750
0 0.143056 0.221094 0.027778 0.018750