0 0.076389 0.044531 0.044444 0.031250
0 0.114583 0.069531 0.051389 0.029687
0 0.172222 0.042188 0.047222 0.028125
0 0.267361 0.053516 0.045833 0.032031
0 0.263194 0.075391 0.051389 0.025781
0 0.096528 0.167969 0.051389 0.034375
0 0.196528 0.160547 0.048611 0.027344
0 0.414583 0.119922 0.054167 0.032031
0 0.377083 0.082422 0.054167 0.035156
0 0.316667 0.080469 0.044444 0.029687
0 0.263194 0.118750 0.031944 0.028125
0 0.256944 0.095703 0.019444 0.016406
0 0.160417 0.068750 0.029167 0.023438
0 0.181250 0.140234 0.048611 0.024219
0 0.252778 0.155469 0.052778 0.032813
0 0.238194 0.175781 0.051389 0.032813
0 0.279861 0.174219 0.029167 0.021875
0 0.036806 0.215625 0.048611 0.029687
0 0.018750 0.247266 0.034722 0.027344
0 0.074306 0.269922 0.059722 0.033594
0 0.117361 0.253516 0.045833 0.024219
0 0.143750 0.267578 0.040278 0.019531
0 0.204167 0.323047 0.038889 0.025781
0 0.422222 0.255078 0.055556 0.030469
0 0.431944 0.318359 0.055556 0.027344
0 0.088889 0.307812 0.033333 0.025000
0 0.251389 0.336719 0.041667 0.021875
0 0.213194 0.345703 0.045833 0.021094
0 0.109028 0.363281 0.040278 0.023438
0 0.152083 0.401172 0.034722 0.022656
0 0.291667 0.430859 0.075000 0.014844
0 0.366667 0.339453 0.036111 0.024219
0 0.487500 0.333984 0.036111 0.017969
0 0.024306 0.471875 0.045833 0.021875
0 0.300694 0.496875 0.059722 0.031250
0 0.302778 0.631250 0.072222 0.039062
0 0.281250 0.703906 0.079167 0.042188
0 0.236111 0.546484 0.047222 0.027344
0 0.075694 0.403906 0.043056 0.021875
0 0.436806 0.386328 0.043056 0.017969
0 0.565972 0.442578 0.037500 0.024219
0 0.338194 0.219531 0.051389 0.020313
0 0.343056 0.163281 0.044444 0.020313
0 0.300694 0.040625 0.048611 0.028125
0 0.169444 0.010937 0.055556 0.021875
0 0.202778 0.012109 0.033333 0.022656
0 0.935417 0.202734 0.034722 0.033594
0 0.716667 0.327344 0.044444 0.042188
0 0.753472 0.329297 0.040278 0.032031
0 0.761111 0.375391 0.050000 0.028906
0 0.697222 0.358594 0.052778 0.026562
0 0.665278 0.398047 0.041667 0.021094
0 0.545833 0.608984 0.047222 0.024219
0 0.557639 0.580859 0.045833 0.021094
0 0.739583 0.530469 0.037500 0.023438
0 0.817361 0.515234 0.054167 0.035156
0 0.781944 0.529687 0.050000 0.025000
0 0.670139 0.632422 0.040278 0.019531
0 0.259722 0.012500 0.038889 0.021875