0 0.384028 0.010547 0.040278 0.019531
0 0.408333 0.010547 0.027778 0.019531
0 0.254167 0.115625 0.041667 0.026562
0 0.290972 0.119922 0.034722 0.024219
0 0.319444 0.122656 0.025000 0.025000
0 0.171528 0.161328 0.048611 0.028906
0 0.195139 0.207031 0.051389 0.032813
0 0.236806 0.210938 0.040278 0.035937
0 0.300694 0.240234 0.059722 0.032031
0 0.328472 0.205859 0.040278 0.028906
0 0.370833 0.203906 0.052778 0.031250
0 0.372222 0.165625 0.030556 0.020313
0 0.415972 0.200391 0.015278 0.019531
0 0.386111 0.178906 0.013889 0.020313
0 0.458333 0.198437 0.019444 0.009375
0 0.468056 0.219141 0.025000 0.014844
0 0.438889 0.238672 0.019444 0.022656
0 0.333333 0.270703 0.041667 0.025781
0 0.309028 0.266016 0.029167 0.019531
0 0.187500 0.289453 0.052778 0.028906
0 0.255556 0.307422 0.050000 0.028906
0 0.362500 0.298438 0.030556 0.028125
0 0.201389 0.354687 0.041667 0.020313
0 0.120833 0.371484 0.025000 0.019531
0 0.032639 0.431641 0.026389 0.014844
0 0.200000 0.433203 0.033333 0.022656
0 0.234028 0.422266 0.043056 0.025781
0 0.245139 0.444922 0.045833 0.027344
0 0.252778 0.462109 0.027778 0.013281
0 0.284028 0.368750 0.059722 0.037500
0 0.375000 0.357812 0.022222 0.010937
0 0.483333 0.391406 0.047222 0.026562
0 0.944444 0.350000 0.038889 0.018750
0 0.980556 0.352734 0.019444 0.013281
0 0.831250 0.442969 0.026389 0.012500
0 0.923611 0.456250 0.050000 0.020313
0 0.457639 0.414062 0.043056 0.026562
0 0.402778 0.391406 0.013889 0.012500
0 0.399306 0.440234 0.045833 0.027344
0 0.213194 0.521094 0.034722 0.009375
0 0.201389 0.469141 0.016667 0.013281
0 0.086806 0.573828 0.029167 0.021094
0 0.106944 0.595703 0.036111 0.024219
0 0.249306 0.689844 0.070833 0.037500
0 0.292361 0.689844 0.029167 0.028125
0 0.668056 0.665625 0.027778 0.014063
0 0.688194 0.651953 0.043056 0.025781
0 0.677083 0.616797 0.048611 0.030469
0 0.887500 0.503125 0.033333 0.015625
0 0.900694 0.525391 0.051389 0.021094
0 0.747917 0.525781 0.029167 0.015625
0 0.438194 0.541406 0.040278 0.020313
0 0.477083 0.536719 0.043056 0.023438
0 0.555556 0.508594 0.022222 0.007812
0 0.433333 0.562109 0.044444 0.019531
0 0.477778 0.579297 0.044444 0.028906
0 0.898611 0.656641 0.061111 0.024219
0 0.835417 0.582422 0.034722 0.014844
0 0.984028 0.553125 0.029167 0.014063
0 0.886111 0.711328 0.036111 0.025781