0 0.431944 0.403125 0.025000 0.017188
0 0.462500 0.402344 0.036111 0.018750
0 0.407639 0.457813 0.051389 0.026562
0 0.502778 0.487891 0.041667 0.024219
0 0.446528 0.478125 0.040278 0.017188
0 0.379861 0.476953 0.026389 0.021094
0 0.406944 0.538281 0.019444 0.012500
0 0.495833 0.526953 0.044444 0.027344
0 0.520139 0.516797 0.045833 0.024219
0 0.571528 0.594531 0.054167 0.026562
0 0.422222 0.601953 0.061111 0.024219
0 0.488889 0.625000 0.052778 0.025000
0 0.111111 0.692187 0.044444 0.029687
0 0.173611 0.709375 0.044444 0.026562
0 0.355556 0.647266 0.041667 0.017969
0 0.445833 0.665625 0.025000 0.014063
0 0.411806 0.725781 0.034722 0.025000
0 0.548611 0.644922 0.044444 0.022656
0 0.627778 0.652734 0.044444 0.033594
0 0.659722 0.678906 0.050000 0.021875
0 0.682639 0.633203 0.048611 0.017969
0 0.937500 0.619922 0.047222 0.019531
0 0.979167 0.603516 0.038889 0.022656
0 0.926389 0.634375 0.044444 0.017188
0 0.914583 0.647656 0.020833 0.010937
0 0.447222 0.427734 0.025000 0.019531
0 0.500694 0.446094 0.037500 0.025000
0 0.015278 0.550781 0.030556 0.025000
0 0.006944 0.529687 0.013889 0.010937
0 0.009028 0.503125 0.018056 0.023438