0 0.167361 0.023438 0.037500 0.020313
0 0.168056 0.043750 0.038889 0.020313
0 0.155556 0.080859 0.019444 0.011719
0 0.177083 0.059375 0.026389 0.014063
0 0.320139 0.169922 0.037500 0.024219
0 0.231250 0.205859 0.043056 0.019531
0 0.161806 0.207422 0.034722 0.019531
0 0.204861 0.197656 0.026389 0.009375
0 0.138889 0.027734 0.022222 0.016406
0 0.277083 0.169531 0.023611 0.020313
0 0.481944 0.300781 0.044444 0.029687
0 0.532639 0.304688 0.048611 0.026562
0 0.547222 0.344531 0.033333 0.023438
0 0.373611 0.317188 0.050000 0.021875
0 0.313194 0.353906 0.045833 0.025000
0 0.130556 0.336328 0.044444 0.025781
0 0.113194 0.308594 0.029167 0.018750
0 0.183333 0.330859 0.027778 0.019531
0 0.371528 0.419922 0.029167 0.019531
0 0.370139 0.394141 0.029167 0.017969
0 0.361111 0.371094 0.025000 0.014063
0 0.150000 0.423828 0.030556 0.017969
0 0.177083 0.414844 0.031944 0.014063
0 0.175000 0.489063 0.027778 0.026562
0 0.170833 0.449609 0.036111 0.022656
0 0.449306 0.461328 0.023611 0.019531
0 0.350694 0.458203 0.037500 0.019531
0 0.415278 0.350000 0.033333 0.018750
0 0.175694 0.267188 0.029167 0.018750
0 0.621528 0.480469 0.023611 0.017188
0 0.624306 0.429688 0.020833 0.007812
0 0.518056 0.457031 0.030556 0.012500
0 0.313889 0.242578 0.027778 0.014844
0 0.102778 0.433594 0.033333 0.014063
0 0.201389 0.405469 0.030556 0.012500
0 0.630556 0.461328 0.027778 0.014844
0 0.210417 0.081641 0.020833 0.016406
0 0.550000 0.279297 0.027778 0.011719
0 0.803472 0.568359 0.045833 0.021094
0 0.143056 0.398047 0.047222 0.016406
0 0.291667 0.509766 0.027778 0.014844
0 0.346528 0.496094 0.026389 0.010937
0 0.257639 0.086328 0.040278 0.021094
0 0.316667 0.143750 0.036111 0.017188
0 0.203472 0.101562 0.023611 0.017188
0 0.346528 0.166797 0.026389 0.019531
0 0.125694 0.357031 0.054167 0.012500
0 0.304861 0.468359 0.026389 0.013281
0 0.305556 0.480078 0.036111 0.013281
0 0.304167 0.494922 0.027778 0.013281
0 0.381250 0.472656 0.023611 0.020313
0 0.359722 0.470703 0.016667 0.017969
0 0.408333 0.480859 0.016667 0.011719
0 0.139583 0.448437 0.015278 0.015625
0 0.131944 0.432422 0.022222 0.016406
0 0.291667 0.628906 0.033333 0.018750
0 0.343056 0.636328 0.033333 0.014844
0 0.371528 0.628125 0.031944 0.020313
0 0.397917 0.624219 0.020833 0.014063
0 0.121528 0.570703 0.043056 0.011719
0 0.625694 0.521875 0.026389 0.014063
0 0.570833 0.555859 0.033333 0.017969
0 0.496528 0.547266 0.023611 0.013281
0 0.684028 0.627344 0.020833 0.012500
0 0.655556 0.521484 0.025000 0.016406
0 0.646528 0.501563 0.020833 0.009375
0 0.619444 0.326953 0.022222 0.008594
0 0.636111 0.295312 0.019444 0.010937
0 0.258333 0.115234 0.033333 0.017969
0 0.133333 0.047266 0.027778 0.019531
0 0.329861 0.576172 0.031944 0.014844
0 0.440278 0.551172 0.030556 0.014844
0 0.500000 0.325000 0.030556 0.014063
0 0.529861 0.322656 0.031944 0.012500
0 0.960417 0.602344 0.037500 0.023438