0 0.500694 0.216797 0.040278 0.030469
0 0.290278 0.372656 0.033333 0.023438
0 0.322222 0.375000 0.041667 0.018750
0 0.652083 0.409375 0.043056 0.025000
0 0.708333 0.442969 0.050000 0.023438
0 0.600694 0.414453 0.034722 0.024219
0 0.638194 0.420703 0.037500 0.022656
0 0.544444 0.447266 0.036111 0.024219
0 0.500694 0.468750 0.043056 0.021875
0 0.319444 0.448437 0.050000 0.029687
0 0.325000 0.476172 0.041667 0.022656
0 0.266667 0.563281 0.033333 0.020313
0 0.305556 0.618750 0.038889 0.025000
0 0.287500 0.673047 0.044444 0.024219
0 0.628472 0.692969 0.015278 0.018750
0 0.170833 0.458594 0.041667 0.023438
0 0.899306 0.573828 0.020833 0.007031
0 0.792361 0.680859 0.020833 0.019531
0 0.463889 0.390234 0.016667 0.010156
0 0.231944 0.465234 0.030556 0.021094
0 0.310417 0.564063 0.054167 0.020313
0 0.068750 0.559375 0.037500 0.015625
0 0.101389 0.554688 0.033333 0.026562
0 0.263194 0.636719 0.056944 0.028125
0 0.675000 0.628125 0.025000 0.023438
0 0.497917 0.751953 0.045833 0.016406
0 0.889583 0.678516 0.040278 0.022656
0 0.931944 0.670703 0.030556 0.013281
0 0.939583 0.691797 0.029167 0.019531
0 0.863889 0.643750 0.044444 0.014063