0 0.227778 0.017188 0.052778 0.026562
0 0.313194 0.042188 0.059722 0.042188
0 0.225000 0.115625 0.052778 0.035937
0 0.101389 0.120313 0.052778 0.034375
0 0.113194 0.151172 0.034722 0.016406
0 0.071528 0.176172 0.020833 0.019531
0 0.168056 0.160156 0.022222 0.012500
0 0.212500 0.172266 0.033333 0.011719
0 0.123611 0.191797 0.019444 0.011719
0 0.077083 0.207031 0.054167 0.032813
0 0.262500 0.247266 0.030556 0.027344
0 0.060417 0.238672 0.048611 0.030469
0 0.090278 0.287109 0.041667 0.021094
0 0.116667 0.304297 0.033333 0.019531
0 0.042361 0.335156 0.029167 0.017188
0 0.103472 0.403125 0.023611 0.010937
0 0.055556 0.455078 0.036111 0.024219
0 0.133333 0.440625 0.047222 0.026562
0 0.270833 0.419141 0.052778 0.032031
0 0.259722 0.364453 0.050000 0.032031
0 0.286806 0.338281 0.029167 0.010937
0 0.345139 0.426563 0.048611 0.028125
0 0.281250 0.438672 0.059722 0.019531
0 0.322917 0.476172 0.062500 0.028906
0 0.244444 0.470313 0.041667 0.020313
0 0.079861 0.493359 0.034722 0.021094
0 0.929861 0.478125 0.034722 0.017188
0 0.993750 0.553516 0.009722 0.019531
0 0.935417 0.614453 0.026389 0.014844
0 0.334722 0.561328 0.047222 0.030469
0 0.377778 0.560547 0.041667 0.028906
0 0.025000 0.525391 0.027778 0.032031
0 0.119444 0.548828 0.050000 0.028906
0 0.172917 0.541406 0.029167 0.023438
0 0.138889 0.593359 0.033333 0.014844
0 0.143750 0.612109 0.043056 0.021094
0 0.290278 0.582422 0.041667 0.016406
0 0.422917 0.556250 0.040278 0.017188
0 0.504861 0.523828 0.034722 0.022656
0 0.472222 0.510156 0.052778 0.026562
0 0.359722 0.607812 0.036111 0.029687
0 0.221528 0.700781 0.043056 0.028125
0 0.388889 0.709375 0.055556 0.029687
0 0.391667 0.626172 0.052778 0.022656
0 0.533333 0.544531 0.038889 0.017188
0 0.565972 0.546875 0.031944 0.017188
0 0.367361 0.778516 0.040278 0.032031
0 0.473611 0.810547 0.041667 0.022656
0 0.533333 0.778906 0.038889 0.020313
0 0.563194 0.774219 0.020833 0.010937
0 0.530556 0.735156 0.033333 0.017188
0 0.855556 0.764453 0.050000 0.027344
0 0.940972 0.695703 0.048611 0.022656
0 0.987500 0.689453 0.019444 0.019531