0 0.513889 0.024219 0.041667 0.026562
0 0.545833 0.036719 0.036111 0.029687
0 0.517361 0.050391 0.040278 0.021094
0 0.481250 0.059375 0.048611 0.023438
0 0.431250 0.076563 0.026389 0.026562
0 0.497917 0.103906 0.043056 0.028125
0 0.427083 0.150391 0.040278 0.030469
0 0.484028 0.180469 0.045833 0.029687
0 0.524306 0.105469 0.023611 0.026562
0 0.543056 0.146094 0.033333 0.021875
0 0.518750 0.162891 0.043056 0.027344
0 0.475694 0.130078 0.029167 0.030469
0 0.561806 0.192188 0.034722 0.020313
0 0.631250 0.256250 0.034722 0.023438
0 0.693750 0.285547 0.037500 0.021094
0 0.708333 0.301172 0.033333 0.017969
0 0.393750 0.246484 0.037500 0.025781
0 0.561806 0.279297 0.043056 0.017969
0 0.547222 0.298047 0.027778 0.017969
0 0.514583 0.340234 0.048611 0.027344
0 0.518056 0.294531 0.027778 0.014063
0 0.242361 0.337500 0.023611 0.015625
0 0.433333 0.203516 0.030556 0.017969
0 0.540972 0.219531 0.037500 0.028125
0 0.375000 0.257031 0.030556 0.014063
0 0.667361 0.387891 0.037500 0.024219
0 0.722222 0.403516 0.036111 0.022656
0 0.638889 0.409375 0.041667 0.031250
0 0.549306 0.446875 0.045833 0.020313
0 0.565278 0.466797 0.038889 0.024219
0 0.570139 0.504297 0.029167 0.019531
0 0.608333 0.491016 0.033333 0.016406
0 0.402083 0.409375 0.043056 0.023438
0 0.367361 0.468359 0.040278 0.030469
0 0.322917 0.461328 0.054167 0.024219
0 0.381250 0.533594 0.045833 0.026562
0 0.529861 0.606250 0.054167 0.025000
0 0.400000 0.548047 0.038889 0.021094
0 0.546528 0.528516 0.037500 0.016406
0 0.554167 0.588281 0.030556 0.018750
0 0.581944 0.594141 0.027778 0.016406
0 0.331250 0.564453 0.034722 0.016406
0 0.526389 0.677344 0.047222 0.026562
0 0.550000 0.723047 0.036111 0.033594
0 0.613889 0.798828 0.041667 0.027344
0 0.543056 0.319922 0.025000 0.017969
0 0.453472 0.098828 0.045833 0.027344
0 0.675694 0.410156 0.034722 0.031250
0 0.338194 0.430859 0.054167 0.024219
0 0.415972 0.391016 0.026389 0.021094
0 0.422222 0.520312 0.016667 0.009375
0 0.605556 0.676953 0.016667 0.011719
0 0.631944 0.661328 0.016667 0.014844
0 0.965972 0.755859 0.059722 0.019531
0 0.653472 0.798047 0.045833 0.027344
0 0.452778 0.722656 0.033333 0.017188
0 0.571528 0.701953 0.029167 0.011719
0 0.276389 0.532813 0.033333 0.018750
0 0.272917 0.574609 0.031944 0.013281