0 0.018056 0.030078 0.033333 0.025781
0 0.082639 0.053125 0.031944 0.028125
0 0.063889 0.076563 0.044444 0.028125
0 0.022222 0.110937 0.044444 0.028125
0 0.040278 0.135937 0.041667 0.023438
0 0.085417 0.135547 0.040278 0.022656
0 0.103472 0.103125 0.037500 0.021875
0 0.128472 0.050781 0.045833 0.020313
0 0.163889 0.058203 0.044444 0.024219
0 0.042361 0.187109 0.026389 0.016406
0 0.147222 0.214844 0.041667 0.018750
0 0.206944 0.160547 0.033333 0.024219
0 0.029861 0.249219 0.045833 0.023438
0 0.053472 0.285547 0.040278 0.022656
0 0.117361 0.314063 0.034722 0.021875
0 0.162500 0.341406 0.016667 0.010937
0 0.015278 0.425391 0.030556 0.019531
0 0.020833 0.437109 0.041667 0.016406
0 0.226389 0.564844 0.019444 0.018750
0 0.226389 0.630469 0.030556 0.015625
0 0.134028 0.677344 0.054167 0.028125
0 0.061806 0.733594 0.034722 0.015625
0 0.084722 0.818359 0.047222 0.028906
0 0.273611 0.715625 0.050000 0.028125
0 0.393056 0.526953 0.013889 0.007031
0 0.405556 0.607422 0.030556 0.017969
0 0.514583 0.618359 0.037500 0.025781
0 0.520139 0.666797 0.054167 0.033594
0 0.588194 0.692187 0.056944 0.031250
0 0.640278 0.711719 0.069444 0.028125
0 0.573611 0.717187 0.047222 0.018750
0 0.598611 0.735547 0.044444 0.039844
0 0.538194 0.783984 0.059722 0.033594
0 0.466667 0.780078 0.047222 0.035156
0 0.472917 0.743359 0.045833 0.027344
0 0.762500 0.733203 0.044444 0.024219
0 0.813194 0.689453 0.065278 0.039844
0 0.950000 0.601953 0.044444 0.019531
0 0.129861 0.267188 0.037500 0.026562
0 0.172917 0.285547 0.031944 0.014844
0 0.207639 0.279297 0.045833 0.028906
0 0.238889 0.224219 0.058333 0.031250
0 0.286111 0.226172 0.044444 0.028906
0 0.375694 0.274609 0.059722 0.033594
0 0.431250 0.226953 0.056944 0.030469
0 0.486806 0.281250 0.043056 0.025000
0 0.451389 0.282031 0.038889 0.026562
0 0.519444 0.291797 0.036111 0.019531
0 0.821528 0.440234 0.026389 0.010156
0 0.886111 0.431641 0.033333 0.019531
0 0.774306 0.513672 0.020833 0.013281
0 0.466667 0.141406 0.038889 0.034375
0 0.326389 0.078906 0.052778 0.034375
0 0.388194 0.064844 0.034722 0.018750
0 0.342361 0.154297 0.054167 0.032031
0 0.506250 0.150391 0.054167 0.036719
0 0.573611 0.160547 0.036111 0.017969
0 0.512500 0.093359 0.061111 0.035156
0 0.575694 0.043359 0.034722 0.022656
0 0.595139 0.030859 0.045833 0.024219
0 0.630556 0.034766 0.013889 0.024219
0 0.631250 0.155469 0.029167 0.017188
0 0.724306 0.137891 0.037500 0.019531
0 0.693056 0.161719 0.033333 0.017188
0 0.727083 0.162891 0.031944 0.016406
0 0.632639 0.173437 0.026389 0.014063
0 0.659722 0.177734 0.027778 0.016406
0 0.725694 0.011328 0.037500 0.022656
0 0.797917 0.009375 0.045833 0.018750
0 0.890278 0.011328 0.041667 0.021094
0 0.758333 0.020703 0.022222 0.019531
0 0.713194 0.042188 0.043056 0.028125
0 0.754861 0.050391 0.043056 0.027344
0 0.725000 0.066406 0.038889 0.020313
0 0.692361 0.081641 0.034722 0.014844
0 0.745833 0.096484 0.036111 0.016406
0 0.790278 0.075781 0.041667 0.025000
0 0.952083 0.043359 0.037500 0.022656
0 0.926389 0.079297 0.041667 0.025781
0 0.924306 0.108203 0.037500 0.019531
0 0.806944 0.180078 0.041667 0.019531
0 0.982639 0.170313 0.031944 0.028125
0 0.756944 0.256250 0.033333 0.023438
0 0.852083 0.282422 0.029167 0.017969
0 0.847222 0.317578 0.047222 0.030469
0 0.815972 0.345703 0.048611 0.019531
0 0.836806 0.374609 0.029167 0.016406
0 0.931250 0.291406 0.056944 0.031250
0 0.956250 0.317188 0.059722 0.029687
0 0.976389 0.341797 0.041667 0.028906
0 0.967361 0.382031 0.012500 0.014063
0 0.982639 0.467969 0.029167 0.017188
0 0.009028 0.139063 0.018056 0.021875
0 0.149306 0.006641 0.031944 0.010156
0 0.543750 0.172266 0.034722 0.010156
0 0.984028 0.125781 0.023611 0.017188
0 0.527083 0.534766 0.029167 0.011719
0 0.671528 0.623828 0.018056 0.011719