0 0.373611 0.176563 0.036111 0.026562
0 0.819444 0.296094 0.044444 0.023438
0 0.747222 0.314844 0.033333 0.021875
0 0.263194 0.351953 0.040278 0.022656
0 0.206944 0.413672 0.038889 0.022656
0 0.582639 0.585938 0.034722 0.020313
0 0.945833 0.588281 0.038889 0.017188
0 0.627083 0.593359 0.023611 0.013281
0 0.435417 0.507031 0.015278 0.015625
0 0.459722 0.423047 0.030556 0.016406
0 0.367361 0.559766 0.029167 0.016406
0 0.538194 0.005859 0.037500 0.011719
0 0.456250 0.028906 0.012500 0.010937
0 0.385417 0.202734 0.023611 0.013281
0 0.382639 0.057031 0.012500 0.012500
0 0.860417 0.351953 0.034722 0.025781
0 0.006250 0.401172 0.012500 0.011719
0 0.960417 0.451953 0.051389 0.024219
0 0.680556 0.606250 0.022222 0.014063
0 0.761111 0.585547 0.038889 0.030469
0 0.825000 0.525781 0.038889 0.014063
0 0.763194 0.563281 0.034722 0.014063
0 0.973611 0.163281 0.019444 0.014063
0 0.922917 0.187500 0.018056 0.018750