0 0.358333 0.071484 0.044444 0.019531
0 0.412500 0.073438 0.033333 0.029687
0 0.340278 0.102344 0.055556 0.032813
0 0.410417 0.105469 0.040278 0.029687
0 0.218750 0.134375 0.054167 0.021875
0 0.234722 0.173437 0.050000 0.035937
0 0.254861 0.214453 0.054167 0.030469
0 0.254167 0.235547 0.033333 0.016406
0 0.213194 0.240625 0.056944 0.025000
0 0.429167 0.180859 0.038889 0.028906
0 0.335417 0.265234 0.045833 0.021094
0 0.453472 0.287500 0.043056 0.031250
0 0.492361 0.295703 0.051389 0.028906
0 0.861111 0.250000 0.044444 0.023438
0 0.870139 0.271484 0.045833 0.022656
0 0.911111 0.280469 0.041667 0.017188
0 0.054167 0.399219 0.063889 0.029687
0 0.111806 0.449219 0.054167 0.031250
0 0.204167 0.460156 0.050000 0.026562
0 0.170139 0.480859 0.037500 0.021094
0 0.208333 0.486328 0.041667 0.019531
0 0.317361 0.395313 0.043056 0.028125
0 0.359028 0.402734 0.045833 0.021094
0 0.311111 0.457813 0.050000 0.023438
0 0.344444 0.476172 0.055556 0.030469
0 0.387500 0.483203 0.050000 0.022656
0 0.422917 0.488672 0.051389 0.028906
0 0.377083 0.498828 0.037500 0.013281
0 0.255556 0.536328 0.055556 0.027344
0 0.502778 0.494922 0.036111 0.022656
0 0.527083 0.488281 0.037500 0.023438
0 0.876389 0.399219 0.052778 0.029687
0 0.918056 0.418359 0.052778 0.028906
0 0.967361 0.416406 0.043056 0.018750
0 0.975000 0.535937 0.047222 0.028125
0 0.599306 0.540234 0.031944 0.011719
0 0.344444 0.606250 0.055556 0.031250
0 0.198611 0.573438 0.050000 0.028125
0 0.113194 0.649219 0.045833 0.023438
0 0.304167 0.617188 0.069444 0.028125
0 0.193056 0.590625 0.047222 0.021875
0 0.239583 0.581641 0.026389 0.019531
0 0.400000 0.734375 0.058333 0.035937
0 0.431944 0.791016 0.061111 0.027344
0 0.390972 0.134375 0.023611 0.015625
0 0.068056 0.423828 0.044444 0.013281
0 0.858333 0.289453 0.027778 0.013281