0 0.194444 0.463281 0.036111 0.018750
0 0.441667 0.312891 0.033333 0.016406
0 0.419444 0.329688 0.022222 0.017188
0 0.436111 0.334375 0.027778 0.010937
0 0.177778 0.453516 0.027778 0.014844
0 0.865972 0.374609 0.043056 0.024219
0 0.156944 0.324609 0.025000 0.019531
0 0.817361 0.361328 0.040278 0.022656
0 0.985417 0.451953 0.026389 0.016406
0 0.955556 0.460156 0.019444 0.012500
0 0.837500 0.382422 0.025000 0.019531
0 0.222917 0.458984 0.029167 0.014844
0 0.319444 0.392188 0.030556 0.018750
0 0.299306 0.391016 0.018056 0.014844