0 0.459722 0.407031 0.044444 0.025000
0 0.502083 0.413281 0.045833 0.025000
0 0.455556 0.391797 0.030556 0.011719
0 0.543750 0.391406 0.043056 0.025000
0 0.593750 0.390234 0.048611 0.032031
0 0.463889 0.528516 0.038889 0.024219
0 0.599306 0.492969 0.045833 0.020313
0 0.756944 0.534766 0.047222 0.022656
0 0.796528 0.538672 0.040278 0.022656
0 0.835417 0.542578 0.048611 0.027344
0 0.880556 0.540625 0.033333 0.025000
0 0.846528 0.518750 0.018056 0.009375
0 0.661806 0.577344 0.045833 0.020313
0 0.631944 0.571875 0.022222 0.007812
0 0.492361 0.634375 0.026389 0.015625
0 0.456944 0.651563 0.016667 0.017188
0 0.379861 0.691016 0.043056 0.024219
0 0.306250 0.681641 0.040278 0.021094
0 0.337500 0.659766 0.011111 0.010156
0 0.283333 0.666406 0.027778 0.012500
0 0.261111 0.680078 0.044444 0.022656
0 0.260417 0.698438 0.040278 0.014063
0 0.660417 0.698828 0.043056 0.019531
0 0.694444 0.712500 0.041667 0.021875
0 0.955556 0.614453 0.030556 0.022656
0 0.721528 0.699609 0.029167 0.017969