0 0.511806 0.571875 0.043056 0.031250
0 0.572917 0.567578 0.043056 0.019531
0 0.602083 0.586719 0.056944 0.028125
0 0.647222 0.596484 0.055556 0.022656
0 0.601389 0.627344 0.050000 0.021875
0 0.495139 0.709375 0.051389 0.028125
0 0.531944 0.728516 0.055556 0.027344
0 0.613194 0.723828 0.031944 0.025781
0 0.703472 0.737109 0.040278 0.016406
0 0.609722 0.745703 0.019444 0.017969
0 0.563889 0.772266 0.033333 0.017969
0 0.383333 0.784375 0.044444 0.025000
0 0.784722 0.792969 0.044444 0.026562
0 0.677778 0.844531 0.050000 0.025000
0 0.024306 0.526172 0.045833 0.028906
0 0.056944 0.540234 0.038889 0.027344
0 0.122917 0.564063 0.037500 0.017188
0 0.082639 0.560547 0.040278 0.013281
0 0.100000 0.714844 0.030556 0.017188
0 0.136806 0.710938 0.029167 0.017188
0 0.455556 0.717969 0.036111 0.021875
0 0.788889 0.902344 0.055556 0.028125
0 0.852778 0.891797 0.052778 0.024219
0 0.014583 0.716406 0.026389 0.017188
0 0.022917 0.751172 0.034722 0.030469
0 0.059722 0.789062 0.041667 0.028125
0 0.020833 0.794141 0.036111 0.019531