0 0.470833 0.284766 0.047222 0.033594
0 0.594444 0.305859 0.033333 0.021094
0 0.612500 0.293359 0.033333 0.021094
0 0.737500 0.391797 0.041667 0.021094
0 0.965972 0.428125 0.040278 0.021875
0 0.843056 0.530859 0.061111 0.038281
0 0.893750 0.714844 0.070833 0.035937
0 0.557639 0.350781 0.018056 0.018750
0 0.238194 0.379688 0.037500 0.017188
0 0.325694 0.380859 0.026389 0.021094
0 0.206250 0.473047 0.029167 0.017969
0 0.708333 0.604688 0.025000 0.010937
0 0.922917 0.671094 0.026389 0.010937
0 0.746528 0.518359 0.034722 0.013281
0 0.768750 0.498047 0.020833 0.013281
0 0.770139 0.439453 0.026389 0.011719
0 0.794444 0.434766 0.022222 0.010156
0 0.611111 0.526563 0.030556 0.014063