0 0.267361 0.726562 0.059722 0.037500
0 0.227083 0.696875 0.051389 0.032813
0 0.373611 0.654297 0.052778 0.030469
0 0.264583 0.551172 0.043056 0.027344
0 0.310417 0.556250 0.043056 0.026562
0 0.241667 0.379688 0.033333 0.023438
0 0.411111 0.441406 0.050000 0.026562
0 0.454167 0.417187 0.052778 0.028125
0 0.384722 0.303125 0.041667 0.028125
0 0.446528 0.296875 0.031944 0.026562
0 0.486111 0.285156 0.050000 0.031250
0 0.467361 0.260937 0.051389 0.020313
0 0.434722 0.230859 0.052778 0.033594
0 0.432639 0.201953 0.040278 0.016406
0 0.481250 0.207422 0.048611 0.021094
0 0.482639 0.183203 0.048611 0.027344
0 0.520833 0.069141 0.044444 0.033594
0 0.373611 0.471875 0.041667 0.015625
0 0.393056 0.416797 0.025000 0.014844
0 0.676389 0.342187 0.019444 0.012500
0 0.577083 0.388672 0.045833 0.022656
0 0.687500 0.394922 0.066667 0.025781
0 0.690278 0.437891 0.047222 0.025781
0 0.627778 0.502734 0.052778 0.030469
0 0.682639 0.507031 0.048611 0.028125
0 0.622222 0.181641 0.030556 0.021094
0 0.708333 0.234375 0.036111 0.026562
0 0.486111 0.228125 0.052778 0.032813
0 0.584722 0.148438 0.030556 0.015625
0 0.414583 0.362891 0.026389 0.014844
0 0.545139 0.462891 0.045833 0.022656
0 0.649306 0.372656 0.020833 0.017188
0 0.599306 0.518359 0.029167 0.014844
0 0.547222 0.533984 0.036111 0.013281
0 0.486111 0.007031 0.038889 0.010937
0 0.356250 0.280078 0.029167 0.008594
0 0.400694 0.279297 0.026389 0.010156
0 0.620833 0.296875 0.041667 0.025000
0 0.649306 0.317578 0.029167 0.022656
0 0.890278 0.428125 0.025000 0.012500
0 0.648611 0.446094 0.041667 0.021875
0 0.854167 0.794922 0.047222 0.019531