0 0.045833 0.136328 0.069444 0.039844
0 0.101389 0.133203 0.058333 0.035156
0 0.135417 0.121094 0.023611 0.021875
0 0.279861 0.170703 0.062500 0.035156
0 0.229167 0.165234 0.052778 0.032031
0 0.199306 0.125391 0.048611 0.033594
0 0.228472 0.137891 0.051389 0.022656
0 0.238194 0.248047 0.048611 0.038281
0 0.188194 0.247656 0.056944 0.034375
0 0.388194 0.279687 0.062500 0.035937
0 0.313194 0.308594 0.048611 0.029687
0 0.237500 0.330469 0.069444 0.037500
0 0.955556 0.026562 0.069444 0.037500
0 0.970833 0.195312 0.047222 0.018750
0 0.963194 0.217969 0.065278 0.031250
0 0.970833 0.246875 0.052778 0.037500
0 0.950000 0.293359 0.061111 0.021094
0 0.934722 0.330078 0.052778 0.033594
0 0.073611 0.333984 0.055556 0.038281
0 0.331944 0.373047 0.066667 0.033594
0 0.331944 0.425781 0.044444 0.023438
0 0.378472 0.460547 0.045833 0.028906
0 0.371528 0.506250 0.062500 0.039062
0 0.281250 0.455859 0.043056 0.030469
0 0.270139 0.491016 0.054167 0.028906
0 0.036111 0.343359 0.063889 0.032031
0 0.074306 0.403906 0.048611 0.029687
0 0.037500 0.397656 0.030556 0.026562
0 0.014583 0.405859 0.026389 0.027344
0 0.037500 0.422656 0.050000 0.023438
0 0.014583 0.429297 0.026389 0.021094
0 0.371528 0.378906 0.020833 0.025000
0 0.191667 0.464844 0.038889 0.031250
0 0.240278 0.536328 0.058333 0.030469
0 0.235417 0.513281 0.040278 0.018750
0 0.384722 0.543359 0.050000 0.030469
0 0.308333 0.494141 0.047222 0.028906
0 0.411111 0.588281 0.066667 0.034375
0 0.927083 0.721875 0.056944 0.042188
0 0.879167 0.742188 0.066667 0.051562
0 0.740278 0.466797 0.061111 0.028906
0 0.282639 0.213281 0.043056 0.014063
0 0.213889 0.223047 0.030556 0.011719
0 0.143750 0.240234 0.029167 0.014844
0 0.983333 0.277344 0.022222 0.023438
0 0.295833 0.374219 0.038889 0.031250
0 0.095833 0.389062 0.041667 0.025000
0 0.084028 0.371484 0.018056 0.013281
0 0.159722 0.506641 0.047222 0.024219
0 0.285417 0.519141 0.031944 0.010156
0 0.338194 0.736328 0.031944 0.032031
0 0.354861 0.773047 0.045833 0.035156
0 0.910417 0.771094 0.054167 0.023438
0 0.865278 0.776563 0.027778 0.026562