0 0.070139 0.099609 0.040278 0.027344
0 0.088194 0.080078 0.031944 0.019531
0 0.282639 0.239453 0.043056 0.024219
0 0.306250 0.256641 0.045833 0.028906
0 0.283333 0.314063 0.047222 0.018750
0 0.186111 0.081641 0.022222 0.016406
0 0.181250 0.413672 0.062500 0.036719
0 0.137500 0.499609 0.044444 0.030469
0 0.111806 0.505859 0.037500 0.028906
0 0.259028 0.503125 0.043056 0.025000
0 0.230556 0.517188 0.025000 0.020313
0 0.334722 0.455469 0.047222 0.031250
0 0.088889 0.622266 0.052778 0.027344
0 0.255556 0.632031 0.050000 0.021875
0 0.340278 0.536328 0.050000 0.027344
0 0.338889 0.484375 0.036111 0.028125
0 0.249306 0.427344 0.048611 0.017188
0 0.307639 0.426563 0.026389 0.020313
0 0.361111 0.445312 0.019444 0.012500
0 0.949306 0.527344 0.020833 0.010937
0 0.993750 0.505859 0.009722 0.014844
0 0.992361 0.470313 0.012500 0.009375