0 0.165972 0.499219 0.059722 0.028125
0 0.381250 0.442969 0.029167 0.021875
0 0.490972 0.515625 0.045833 0.020313
0 0.628472 0.666016 0.034722 0.025781
0 0.918750 0.602734 0.043056 0.019531
0 0.893750 0.582422 0.037500 0.019531
0 0.790972 0.528516 0.040278 0.021094
0 0.580556 0.548047 0.050000 0.022656
0 0.602778 0.383203 0.038889 0.024219
0 0.722222 0.357812 0.033333 0.017188
0 0.792361 0.358984 0.029167 0.016406
0 0.774306 0.397656 0.031944 0.014063
0 0.599306 0.360547 0.029167 0.016406
0 0.525694 0.270313 0.029167 0.020313
0 0.709722 0.125391 0.030556 0.017969
0 0.744444 0.123438 0.022222 0.014063
0 0.483333 0.109375 0.030556 0.017188
0 0.447917 0.146094 0.037500 0.017188
0 0.366667 0.058984 0.033333 0.021094
0 0.378472 0.116016 0.026389 0.016406
0 0.425000 0.161719 0.027778 0.015625
0 0.341667 0.185156 0.025000 0.014063
0 0.232639 0.246094 0.034722 0.017188
0 0.177778 0.449219 0.047222 0.034375
0 0.047917 0.457422 0.043056 0.019531
0 0.095833 0.449609 0.030556 0.022656
0 0.895139 0.266016 0.040278 0.019531
0 0.768056 0.306641 0.036111 0.019531
0 0.919444 0.172656 0.038889 0.025000
0 0.833333 0.221875 0.038889 0.012500
0 0.714583 0.260937 0.037500 0.017188
0 0.673611 0.141016 0.027778 0.013281
0 0.637500 0.139063 0.033333 0.017188
0 0.607639 0.163672 0.026389 0.019531
0 0.569444 0.151953 0.030556 0.021094
0 0.831250 0.204297 0.026389 0.017969
0 0.161111 0.289844 0.030556 0.015625
0 0.216667 0.269141 0.025000 0.016406
0 0.365278 0.216016 0.027778 0.014844
0 0.271528 0.483984 0.034722 0.014844
0 0.594444 0.340625 0.038889 0.023438
0 0.870833 0.378125 0.027778 0.017188
0 0.261111 0.435937 0.041667 0.025000
0 0.418750 0.391016 0.029167 0.014844
0 0.573611 0.391797 0.033333 0.021094
0 0.256250 0.231250 0.029167 0.018750
0 0.385417 0.283594 0.037500 0.020313
0 0.241667 0.334375 0.027778 0.010937
0 0.241667 0.206641 0.025000 0.010156
0 0.360417 0.190625 0.018056 0.014063
0 0.320139 0.186328 0.031944 0.019531
0 0.393056 0.132812 0.027778 0.017188
0 0.436111 0.109375 0.027778 0.021875
0 0.470139 0.100781 0.031944 0.015625
0 0.499306 0.094922 0.015278 0.013281
0 0.381250 0.067969 0.023611 0.017188
0 0.893750 0.237109 0.015278 0.016406
0 0.577083 0.250781 0.020833 0.015625
0 0.509028 0.233984 0.023611 0.011719
0 0.505556 0.207422 0.030556 0.014844
0 0.239583 0.343750 0.026389 0.012500
0 0.377778 0.321094 0.019444 0.015625
0 0.467361 0.295312 0.029167 0.014063
0 0.278472 0.280469 0.029167 0.014063
0 0.301389 0.273438 0.030556 0.015625
0 0.183333 0.312500 0.016667 0.010937
0 0.214583 0.391016 0.023611 0.011719
0 0.261111 0.374609 0.022222 0.010156
0 0.387500 0.361719 0.027778 0.010937
0 0.155556 0.458203 0.044444 0.022656
0 0.134028 0.444141 0.018056 0.016406
0 0.121528 0.474219 0.045833 0.031250
0 0.961806 0.354687 0.031944 0.017188
0 0.681944 0.349609 0.022222 0.011719
0 0.586806 0.287109 0.031944 0.017969
0 0.435417 0.404297 0.026389 0.010156
0 0.764583 0.383594 0.037500 0.018750
0 0.822917 0.423828 0.026389 0.008594
0 0.899306 0.449609 0.034722 0.021094
0 0.929167 0.461719 0.030556 0.018750
0 0.992361 0.443359 0.012500 0.014844
0 0.959722 0.402344 0.025000 0.014063
0 0.739583 0.431250 0.026389 0.014063
0 0.770139 0.422656 0.031944 0.015625
0 0.022222 0.512891 0.038889 0.014844
0 0.077083 0.391797 0.020833 0.013281
0 0.256944 0.469141 0.025000 0.019531
0 0.288194 0.464062 0.026389 0.014063
0 0.312500 0.448047 0.027778 0.021094
0 0.416667 0.433984 0.038889 0.014844
0 0.399306 0.456641 0.023611 0.021094
0 0.373611 0.483203 0.027778 0.013281
0 0.248611 0.489063 0.025000 0.018750
0 0.239583 0.503516 0.029167 0.011719
0 0.261111 0.510547 0.025000 0.013281
0 0.236806 0.517969 0.026389 0.014063
0 0.350000 0.498828 0.025000 0.014844
0 0.485417 0.487109 0.037500 0.013281
0 0.558333 0.489063 0.061111 0.020313
0 0.645139 0.566406 0.037500 0.023438
0 0.688194 0.622266 0.026389 0.021094
0 0.657639 0.656250 0.031944 0.018750
0 0.612500 0.644141 0.022222 0.013281
0 0.699306 0.478516 0.031944 0.019531
0 0.848611 0.532422 0.027778 0.022656
0 0.825000 0.541016 0.030556 0.014844
0 0.779167 0.546094 0.033333 0.014063
0 0.783333 0.557422 0.025000 0.008594
0 0.758333 0.550391 0.016667 0.011719
0 0.977778 0.549219 0.033333 0.017188
0 0.971528 0.559766 0.040278 0.013281
0 0.279861 0.312500 0.029167 0.017188
0 0.059028 0.312891 0.026389 0.011719