0 0.538889 0.618359 0.041667 0.032031
0 0.590278 0.613672 0.030556 0.021094
0 0.629167 0.626953 0.052778 0.027344
0 0.671528 0.638672 0.045833 0.022656
0 0.623611 0.671875 0.038889 0.020313
0 0.639583 0.768750 0.026389 0.025000
0 0.515972 0.757812 0.040278 0.025000
0 0.556944 0.771875 0.041667 0.018750
0 0.728472 0.777734 0.031944 0.019531
0 0.635417 0.787500 0.018056 0.026562
0 0.403472 0.829688 0.043056 0.025000
0 0.588889 0.817187 0.025000 0.020313
0 0.803472 0.833984 0.037500 0.025781
0 0.702778 0.889844 0.047222 0.023438
0 0.813194 0.942187 0.040278 0.023438
0 0.880556 0.930859 0.036111 0.021094
0 0.039583 0.575781 0.056944 0.031250
0 0.068056 0.588281 0.044444 0.025000
0 0.098611 0.607812 0.038889 0.014063
0 0.139583 0.609766 0.037500 0.017969
0 0.479167 0.682031 0.027778 0.018750
0 0.475694 0.762109 0.040278 0.021094
0 0.068750 0.838672 0.062500 0.030469
0 0.050694 0.800000 0.031944 0.021875
0 0.099306 0.764453 0.020833 0.014844
0 0.147917 0.760547 0.029167 0.022656