0 0.513889 0.080078 0.047222 0.019531
0 0.544444 0.135547 0.050000 0.030469
0 0.505556 0.244141 0.047222 0.024219
0 0.465972 0.262500 0.040278 0.017188
0 0.508333 0.265625 0.041667 0.020313
0 0.472222 0.286719 0.052778 0.029687
0 0.716667 0.291016 0.038889 0.027344
0 0.501389 0.312891 0.041667 0.011719
0 0.512500 0.339062 0.050000 0.031250
0 0.474306 0.350000 0.034722 0.023438
0 0.423611 0.358984 0.033333 0.025781
0 0.636806 0.345313 0.034722 0.018750
0 0.723611 0.415234 0.013889 0.019531
0 0.675000 0.437891 0.047222 0.027344
0 0.587500 0.432812 0.041667 0.020313
0 0.471528 0.458594 0.048611 0.028125
0 0.434028 0.482812 0.043056 0.025000
0 0.657639 0.485938 0.040278 0.021875
0 0.622222 0.540234 0.050000 0.028906
0 0.673611 0.545703 0.044444 0.022656
0 0.331250 0.589844 0.037500 0.021875
0 0.290278 0.581641 0.036111 0.027344
0 0.380556 0.680078 0.050000 0.024219
0 0.240972 0.717578 0.054167 0.030469
0 0.270139 0.746875 0.054167 0.029687
0 0.338194 0.753125 0.034722 0.020313
0 0.311111 0.758203 0.033333 0.014844
0 0.390278 0.333984 0.033333 0.007031
0 0.430556 0.332031 0.022222 0.007812
0 0.476389 0.317578 0.036111 0.007031
0 0.637500 0.244531 0.036111 0.023438
0 0.603472 0.212891 0.026389 0.013281
0 0.284722 0.423047 0.033333 0.025781
0 0.415278 0.455859 0.027778 0.010156
0 0.400000 0.511719 0.033333 0.015625
0 0.703472 0.579297 0.029167 0.014844
0 0.684722 0.480469 0.019444 0.023438
0 0.693056 0.393359 0.033333 0.025781
0 0.550000 0.501563 0.027778 0.017188
0 0.632639 0.673438 0.020833 0.015625
0 0.982639 0.782422 0.031944 0.032031
0 0.836806 0.822656 0.037500 0.021875
0 0.515972 0.280859 0.040278 0.019531
0 0.009722 0.629687 0.019444 0.023438
0 0.017361 0.675781 0.034722 0.023438
0 0.780556 0.730078 0.030556 0.013281
0 0.789583 0.635938 0.020833 0.012500
0 0.611111 0.568359 0.044444 0.024219
0 0.629167 0.507422 0.030556 0.013281
0 0.627083 0.367969 0.043056 0.025000
0 0.660417 0.371875 0.029167 0.020313
0 0.647917 0.398828 0.040278 0.025781