0 0.042361 0.306250 0.048611 0.026562
0 0.085417 0.271094 0.054167 0.026562
0 0.575000 0.215234 0.044444 0.025781
0 0.622917 0.200781 0.043056 0.026562
0 0.650000 0.212109 0.025000 0.016406
0 0.727083 0.224219 0.048611 0.025000
0 0.682639 0.206250 0.029167 0.021875
0 0.697917 0.236328 0.045833 0.024219
0 0.663889 0.251172 0.041667 0.024219
0 0.640972 0.229687 0.029167 0.015625
0 0.597917 0.248828 0.045833 0.024219
0 0.768056 0.246094 0.052778 0.028125
0 0.558333 0.275781 0.036111 0.021875
0 0.530556 0.273828 0.025000 0.022656
0 0.549306 0.292578 0.040278 0.019531
0 0.579167 0.302734 0.047222 0.022656
0 0.477083 0.307812 0.043056 0.014063
0 0.456944 0.346875 0.033333 0.014063
0 0.450694 0.387891 0.037500 0.019531
0 0.412500 0.400781 0.036111 0.014063
0 0.417361 0.448437 0.040278 0.026562
0 0.439583 0.462500 0.043056 0.026562
0 0.480556 0.459375 0.044444 0.020313
0 0.502083 0.431641 0.026389 0.017969
0 0.538194 0.429688 0.037500 0.023438
0 0.557639 0.461328 0.040278 0.019531
0 0.607639 0.433594 0.043056 0.015625
0 0.598611 0.414844 0.044444 0.025000
0 0.570139 0.396094 0.031944 0.021875
0 0.631944 0.354687 0.047222 0.029687
0 0.667361 0.320703 0.048611 0.021094
0 0.698611 0.310937 0.038889 0.017188
0 0.741667 0.314453 0.038889 0.022656
0 0.778472 0.296094 0.031944 0.021875
0 0.813194 0.303125 0.040278 0.018750
0 0.790278 0.314844 0.038889 0.018750
0 0.779167 0.352734 0.050000 0.024219
0 0.748611 0.366016 0.038889 0.027344
0 0.729167 0.344922 0.027778 0.017969
0 0.709722 0.352344 0.030556 0.023438
0 0.662500 0.375391 0.052778 0.030469
0 0.832639 0.403516 0.043056 0.024219
0 0.780556 0.432031 0.044444 0.023438
0 0.736806 0.428125 0.034722 0.023438
0 0.563889 0.509766 0.027778 0.016406
0 0.306250 0.566016 0.037500 0.025781
0 0.030556 0.536719 0.061111 0.035937
0 0.077778 0.582812 0.069444 0.032813
0 0.270139 0.572656 0.037500 0.018750
0 0.262500 0.583203 0.047222 0.019531
0 0.327083 0.592578 0.043056 0.024219
0 0.424306 0.583594 0.040278 0.012500
0 0.970139 0.462500 0.043056 0.020313
0 0.844444 0.557422 0.050000 0.025781
0 0.882639 0.584766 0.040278 0.021094
0 0.940972 0.631250 0.051389 0.021875
0 0.020139 0.676953 0.037500 0.033594
0 0.148611 0.716797 0.058333 0.022656
0 0.167361 0.779687 0.043056 0.026562
0 0.126389 0.800781 0.055556 0.026562
0 0.137500 0.823828 0.063889 0.030469
0 0.757639 0.625391 0.043056 0.022656
0 0.725694 0.626953 0.031944 0.013281
0 0.562500 0.617188 0.036111 0.020313
0 0.542361 0.628516 0.040278 0.022656
0 0.666667 0.662109 0.058333 0.021094
0 0.700000 0.642188 0.027778 0.014063
0 0.889583 0.716797 0.043056 0.017969
0 0.411806 0.765625 0.040278 0.020313
0 0.300000 0.668750 0.038889 0.015625
0 0.428472 0.634375 0.029167 0.018750
0 0.495139 0.650781 0.023611 0.014063
0 0.327083 0.620703 0.051389 0.022656
0 0.255556 0.640625 0.036111 0.015625
0 0.210417 0.661328 0.048611 0.021094
0 0.670833 0.438672 0.033333 0.019531
0 0.659722 0.107031 0.022222 0.018750
0 0.622917 0.148438 0.020833 0.018750
0 0.122222 0.628125 0.019444 0.015625
0 0.697917 0.604297 0.020833 0.014844
0 0.014583 0.455078 0.020833 0.019531