0 0.124306 0.709375 0.031944 0.021875
0 0.569444 0.534766 0.036111 0.011719
0 0.558333 0.523438 0.036111 0.007812
0 0.028472 0.577344 0.034722 0.017188
0 0.070139 0.481250 0.045833 0.025000
0 0.032639 0.494531 0.031944 0.010937
0 0.062500 0.436719 0.036111 0.015625
0 0.050694 0.398047 0.034722 0.021094
0 0.050694 0.298828 0.040278 0.024219
0 0.541667 0.300391 0.033333 0.025781
0 0.577083 0.308984 0.048611 0.025781
0 0.530556 0.232422 0.027778 0.019531
0 0.408333 0.164062 0.044444 0.029687
0 0.380556 0.182422 0.044444 0.022656
0 0.336806 0.180859 0.043056 0.024219
0 0.392361 0.210547 0.034722 0.025781
0 0.351389 0.154688 0.052778 0.017188
0 0.056944 0.418750 0.063889 0.023438
0 0.300000 0.767969 0.044444 0.028125
0 0.145139 0.803516 0.054167 0.030469
0 0.950694 0.690234 0.026389 0.014844
0 0.972222 0.621094 0.019444 0.014063