0 0.342361 0.074219 0.059722 0.037500
0 0.312500 0.081250 0.033333 0.026562
0 0.367361 0.106641 0.054167 0.038281
0 0.417361 0.105078 0.051389 0.035156
0 0.314583 0.133594 0.056944 0.020313
0 0.271528 0.154688 0.065278 0.032813
0 0.457639 0.136328 0.045833 0.025781
0 0.179861 0.176953 0.068056 0.033594
0 0.546528 0.201172 0.045833 0.028906
0 0.479167 0.253906 0.044444 0.023438
0 0.527778 0.247656 0.038889 0.026562
0 0.138194 0.204297 0.020833 0.014844
0 0.241667 0.223047 0.050000 0.030469
0 0.287500 0.300000 0.066667 0.042188
0 0.242361 0.301172 0.048611 0.039844
0 0.364583 0.323828 0.059722 0.038281
0 0.500000 0.325000 0.044444 0.028125
0 0.329861 0.351953 0.068056 0.024219
0 0.443056 0.323437 0.044444 0.023438
0 0.581250 0.401172 0.059722 0.025781
0 0.293750 0.400781 0.070833 0.042188
0 0.364583 0.417969 0.070833 0.040625
0 0.309722 0.435156 0.047222 0.034375
0 0.251389 0.443359 0.072222 0.039844
0 0.097222 0.373828 0.069444 0.028906
0 0.123611 0.419922 0.055556 0.035156
0 0.231250 0.473438 0.043056 0.029687
0 0.395833 0.448047 0.063889 0.032031
0 0.515278 0.448047 0.050000 0.027344
0 0.742361 0.510547 0.043056 0.027344
0 0.777778 0.519922 0.044444 0.027344
0 0.364583 0.496094 0.068056 0.039062
0 0.329167 0.485547 0.038889 0.025781
0 0.341667 0.522266 0.077778 0.032031
0 0.386806 0.599609 0.068056 0.044531
0 0.390278 0.756641 0.069444 0.038281
0 0.243750 0.827344 0.051389 0.037500
0 0.219444 0.766016 0.097222 0.038281
0 0.063194 0.674609 0.065278 0.032031
0 0.223611 0.667188 0.047222 0.017188
0 0.096528 0.574609 0.031944 0.030469
0 0.472222 0.617578 0.061111 0.028906
0 0.452778 0.448047 0.052778 0.024219
0 0.184028 0.789844 0.065278 0.032813
0 0.169444 0.846875 0.044444 0.023438
0 0.109722 0.814844 0.025000 0.010937