0 0.130556 0.754687 0.027778 0.021875
0 0.048611 0.616016 0.030556 0.014844
0 0.593056 0.579297 0.038889 0.013281
0 0.577083 0.567578 0.031944 0.011719
0 0.095139 0.519141 0.040278 0.021094
0 0.066667 0.526563 0.019444 0.015625
0 0.090972 0.474609 0.037500 0.019531
0 0.062500 0.458984 0.038889 0.019531
0 0.012500 0.459766 0.022222 0.022656
0 0.020833 0.471484 0.016667 0.008594
0 0.082639 0.437109 0.031944 0.021094
0 0.014583 0.390625 0.029167 0.014063
0 0.013889 0.412109 0.025000 0.017969
0 0.083333 0.338281 0.038889 0.023438
0 0.006944 0.295312 0.011111 0.020313
0 0.621528 0.350000 0.037500 0.021875
0 0.580556 0.342969 0.041667 0.023438
0 0.567361 0.275000 0.029167 0.018750
0 0.440972 0.209766 0.045833 0.030469
0 0.372222 0.226953 0.044444 0.022656
0 0.415278 0.226562 0.047222 0.018750
0 0.430556 0.254688 0.038889 0.017188
0 0.095139 0.453906 0.026389 0.017188
0 0.094444 0.768359 0.019444 0.013281
0 0.390278 0.196484 0.016667 0.022656
0 0.368750 0.195703 0.023611 0.010156
0 0.036111 0.439453 0.030556 0.016406
0 0.144444 0.848047 0.050000 0.032031
0 0.313889 0.814844 0.047222 0.026562
0 0.988889 0.743359 0.016667 0.014844