0 0.381250 0.467578 0.037500 0.019531
0 0.718750 0.558594 0.034722 0.021875
0 0.868750 0.461719 0.034722 0.020313
0 0.075694 0.478906 0.040278 0.023438
0 0.900000 0.359375 0.030556 0.020313
0 0.897222 0.412891 0.030556 0.017969
0 0.727083 0.498828 0.031944 0.014844
0 0.722917 0.472656 0.029167 0.014063
0 0.654861 0.499219 0.037500 0.017188
0 0.127778 0.455469 0.038889 0.020313
0 0.138194 0.370703 0.031944 0.021094
0 0.122222 0.322266 0.033333 0.019531
0 0.510417 0.332813 0.031944 0.018750
0 0.190278 0.157422 0.030556 0.017969
0 0.159722 0.175781 0.025000 0.018750
0 0.101389 0.189062 0.036111 0.017188
0 0.118750 0.172266 0.037500 0.019531
0 0.065972 0.113281 0.029167 0.017188
0 0.011111 0.153125 0.019444 0.018750
0 0.061806 0.146484 0.026389 0.011719
0 0.311111 0.132812 0.030556 0.021875
0 0.333333 0.157031 0.027778 0.015625
0 0.275000 0.158594 0.027778 0.018750
0 0.165972 0.135547 0.031944 0.017969
0 0.166667 0.115625 0.030556 0.014063
0 0.175694 0.300781 0.040278 0.020313
0 0.576389 0.287891 0.038889 0.017969
0 0.777778 0.467578 0.030556 0.019531
0 0.868056 0.433594 0.033333 0.014063
0 0.908333 0.434375 0.036111 0.020313
0 0.189583 0.337109 0.029167 0.017969
0 0.251389 0.280078 0.033333 0.013281
0 0.279861 0.141406 0.023611 0.017188
0 0.263194 0.207813 0.037500 0.012500
0 0.456944 0.242188 0.033333 0.020313
0 0.259722 0.267188 0.033333 0.015625
0 0.489583 0.193750 0.031944 0.017188
0 0.263194 0.187500 0.023611 0.017188
0 0.023611 0.274219 0.030556 0.018750
0 0.039583 0.471484 0.034722 0.021094
0 0.011111 0.479297 0.016667 0.013281
0 0.136111 0.178516 0.025000 0.017969
0 0.151389 0.158984 0.019444 0.014844
0 0.066667 0.192188 0.030556 0.012500
0 0.020139 0.194141 0.026389 0.021094
0 0.070139 0.169922 0.023611 0.011719
0 0.088194 0.173437 0.023611 0.017188
0 0.234028 0.203516 0.029167 0.013281
0 0.250000 0.174609 0.027778 0.016406
0 0.211111 0.162891 0.027778 0.016406
0 0.184028 0.171094 0.023611 0.015625
0 0.340972 0.183984 0.037500 0.011719
0 0.313194 0.251953 0.040278 0.021094
0 0.202083 0.320312 0.023611 0.021875
0 0.359028 0.357031 0.026389 0.018750
0 0.227083 0.435937 0.034722 0.017188
0 0.699306 0.554688 0.020833 0.015625
0 0.807639 0.467187 0.018056 0.015625
0 0.981250 0.503125 0.034722 0.020313
0 0.884028 0.382422 0.020833 0.014844
0 0.672222 0.361328 0.019444 0.011719
0 0.596528 0.306641 0.026389 0.013281
0 0.625694 0.311328 0.020833 0.011719
0 0.269444 0.350391 0.022222 0.013281
0 0.265972 0.307812 0.015278 0.010937
0 0.560417 0.246484 0.020833 0.010156
0 0.472917 0.215234 0.031944 0.016406
0 0.406250 0.195312 0.023611 0.018750