0 0.958333 0.781250 0.044444 0.026562
0 0.309028 0.750000 0.023611 0.021875
0 0.277778 0.750391 0.044444 0.024219
0 0.217361 0.743750 0.048611 0.029687
0 0.330556 0.678516 0.047222 0.022656
0 0.571528 0.621875 0.012500 0.012500
0 0.655556 0.579297 0.027778 0.016406
0 0.240972 0.584375 0.037500 0.025000
0 0.275000 0.591797 0.038889 0.022656
0 0.563889 0.567969 0.038889 0.023438
0 0.568750 0.541016 0.048611 0.032031
0 0.386806 0.484375 0.040278 0.020313
0 0.422222 0.460938 0.047222 0.026562
0 0.365972 0.459375 0.023611 0.006250
0 0.538194 0.434375 0.040278 0.017188
0 0.616667 0.439063 0.047222 0.026562
0 0.233333 0.428906 0.027778 0.017188
0 0.649306 0.416797 0.034722 0.027344
0 0.601389 0.403125 0.027778 0.017188
0 0.570833 0.369922 0.038889 0.021094
0 0.608333 0.373047 0.033333 0.021094
0 0.588889 0.350391 0.038889 0.017969
0 0.343056 0.339844 0.027778 0.010937
0 0.372222 0.361328 0.025000 0.016406
0 0.422917 0.352734 0.031944 0.021094
0 0.456944 0.340234 0.047222 0.022656
0 0.453472 0.316797 0.037500 0.011719
0 0.423611 0.293359 0.050000 0.028906
0 0.421528 0.267188 0.040278 0.018750
0 0.454861 0.249609 0.051389 0.022656
0 0.461806 0.271484 0.037500 0.019531
0 0.669444 0.292187 0.030556 0.025000
0 0.495833 0.149219 0.047222 0.029687
0 0.452083 0.087891 0.048611 0.019531
0 0.618750 0.489844 0.020833 0.015625
0 0.608333 0.506250 0.025000 0.020313
0 0.571528 0.517188 0.020833 0.017188
0 0.618056 0.562109 0.019444 0.013281
0 0.628472 0.694141 0.018056 0.021094
0 0.765972 0.696094 0.006944 0.010937
0 0.732639 0.726562 0.045833 0.018750
0 0.789583 0.820703 0.018056 0.021094
0 0.584028 0.248828 0.023611 0.025781
0 0.652778 0.394141 0.036111 0.027344
0 0.350000 0.514844 0.055556 0.018750
0 0.622222 0.543750 0.044444 0.023438
0 0.742361 0.633984 0.026389 0.013281
0 0.184722 0.718359 0.058333 0.030469