0 0.257639 0.753516 0.054167 0.030469
0 0.218750 0.730859 0.043056 0.022656
0 0.312500 0.760938 0.038889 0.021875
0 0.345139 0.759766 0.029167 0.019531
0 0.361111 0.687500 0.041667 0.023438
0 0.274306 0.593359 0.037500 0.024219
0 0.313194 0.599609 0.040278 0.024219
0 0.617361 0.358594 0.040278 0.021875
0 0.526389 0.155078 0.041667 0.025781
0 0.484028 0.260547 0.045833 0.024219
0 0.452778 0.275391 0.036111 0.016406
0 0.491667 0.280469 0.036111 0.021875
0 0.458333 0.303516 0.050000 0.024219
0 0.374306 0.350000 0.031944 0.010937
0 0.404861 0.370703 0.026389 0.021094
0 0.457639 0.360938 0.029167 0.021875
0 0.487500 0.323828 0.038889 0.010156
0 0.490972 0.348438 0.045833 0.025000
0 0.378472 0.521875 0.048611 0.017188
0 0.415972 0.492188 0.043056 0.023438
0 0.402083 0.467578 0.031944 0.007031
0 0.449306 0.471875 0.051389 0.029687
0 0.602083 0.378906 0.034722 0.018750
0 0.636111 0.377734 0.033333 0.017969
0 0.569444 0.442188 0.041667 0.020313
0 0.649306 0.447266 0.045833 0.025781
0 0.634028 0.410938 0.034722 0.018750
0 0.682639 0.421094 0.037500 0.034375
0 0.700000 0.302734 0.036111 0.027344
0 0.619444 0.256641 0.041667 0.025781
0 0.599306 0.547656 0.048611 0.029687
0 0.593750 0.573047 0.037500 0.021094
0 0.650000 0.551953 0.050000 0.022656
0 0.577778 0.228125 0.016667 0.014063
0 0.686111 0.404297 0.033333 0.019531
0 0.270139 0.436719 0.029167 0.021875
0 0.636111 0.510547 0.027778 0.019531
0 0.673611 0.496484 0.055556 0.019531
0 0.687500 0.584766 0.030556 0.017969
0 0.665972 0.699609 0.020833 0.017969
0 0.004861 0.640234 0.009722 0.021094
0 0.011806 0.683594 0.020833 0.025000
0 0.821528 0.826172 0.023611 0.021094
0 0.982639 0.787500 0.031944 0.026562