0 0.017361 0.511719 0.031944 0.021875
0 0.007639 0.472656 0.009722 0.012500
0 0.011111 0.551953 0.019444 0.022656
0 0.113194 0.748437 0.070833 0.034375
0 0.145139 0.728125 0.023611 0.009375
0 0.059722 0.760547 0.025000 0.022656
0 0.120139 0.772656 0.026389 0.014063
0 0.125694 0.843359 0.059722 0.032031
0 0.869444 0.607812 0.041667 0.021875
0 0.900000 0.598437 0.038889 0.025000
0 0.866667 0.585547 0.038889 0.019531
0 0.713194 0.476562 0.045833 0.020313
0 0.844444 0.391406 0.044444 0.018750
0 0.895139 0.344531 0.037500 0.021875