0 0.686111 0.037109 0.033333 0.028906
0 0.734028 0.042578 0.054167 0.030469
0 0.743750 0.023047 0.037500 0.010156
0 0.622917 0.117578 0.048611 0.032031
0 0.515278 0.226562 0.050000 0.029687
0 0.560417 0.231641 0.023611 0.025781
0 0.567361 0.212891 0.048611 0.019531
0 0.435417 0.271094 0.048611 0.025000
0 0.463194 0.318359 0.056944 0.030469
0 0.496528 0.325781 0.043056 0.031250
0 0.568056 0.313672 0.041667 0.030469
0 0.610417 0.312109 0.054167 0.030469
0 0.602083 0.283984 0.029167 0.014844
0 0.658333 0.308203 0.022222 0.016406
0 0.529167 0.346094 0.047222 0.029687
0 0.545139 0.356641 0.034722 0.016406
0 0.597917 0.378516 0.051389 0.027344
0 0.438889 0.399609 0.055556 0.032031
0 0.508333 0.419922 0.044444 0.025781
0 0.531250 0.408203 0.023611 0.016406
0 0.687500 0.428906 0.025000 0.012500
0 0.739583 0.437109 0.029167 0.021094
0 0.535417 0.479687 0.029167 0.026562
0 0.463194 0.472656 0.040278 0.039062
0 0.374306 0.482812 0.043056 0.020313
0 0.229167 0.541406 0.044444 0.026562
0 0.442361 0.544531 0.054167 0.023438
0 0.483333 0.535937 0.038889 0.020313
0 0.555556 0.515625 0.022222 0.020313
0 0.505556 0.555469 0.044444 0.025000
0 0.644444 0.547656 0.047222 0.026562
0 0.696528 0.518359 0.040278 0.025781
0 0.727083 0.501172 0.045833 0.027344
0 0.471528 0.575000 0.037500 0.031250
0 0.313194 0.692969 0.031944 0.017188
0 0.463194 0.639062 0.043056 0.028125
0 0.328472 0.716406 0.037500 0.018750
0 0.683333 0.652734 0.025000 0.019531
0 0.718056 0.647266 0.044444 0.021094
0 0.690278 0.676953 0.022222 0.017969
0 0.757639 0.698828 0.043056 0.021094
0 0.973611 0.732812 0.050000 0.035937
0 0.973611 0.774609 0.050000 0.024219
0 0.603472 0.828516 0.059722 0.042969
0 0.670139 0.009766 0.034722 0.016406