0 0.261111 0.664844 0.061111 0.037500
0 0.879861 0.690234 0.034722 0.022656
0 0.890972 0.635938 0.043056 0.018750
0 0.688889 0.630859 0.041667 0.027344
0 0.679861 0.597656 0.045833 0.029687
0 0.302083 0.663672 0.023611 0.021094
0 0.479861 0.551953 0.029167 0.008594
0 0.436111 0.539062 0.033333 0.015625
0 0.445139 0.518750 0.034722 0.018750
0 0.482639 0.513672 0.037500 0.019531
0 0.118056 0.571094 0.038889 0.023438
0 0.094444 0.553906 0.019444 0.014063
0 0.900000 0.505859 0.041667 0.017969
0 0.884722 0.483984 0.027778 0.013281
0 0.921528 0.436719 0.034722 0.017188
0 0.752778 0.506250 0.030556 0.014063
0 0.240278 0.399609 0.041667 0.022656
0 0.204167 0.409375 0.030556 0.017188
0 0.250694 0.421094 0.045833 0.021875
0 0.257639 0.435156 0.020833 0.009375
0 0.209722 0.441797 0.011111 0.021094
0 0.409028 0.416797 0.040278 0.022656
0 0.466667 0.392188 0.036111 0.020313
0 0.490278 0.370703 0.036111 0.019531
0 0.496528 0.383984 0.026389 0.010156
0 0.129167 0.346875 0.027778 0.015625
0 0.213889 0.333203 0.027778 0.013281
0 0.297222 0.348047 0.055556 0.041406
0 0.388194 0.333984 0.015278 0.008594
0 0.196528 0.266016 0.048611 0.027344
0 0.263889 0.283984 0.055556 0.021094
0 0.375000 0.274219 0.022222 0.020313
0 0.347917 0.246484 0.037500 0.021094
0 0.321528 0.242188 0.031944 0.014063
0 0.314583 0.215234 0.048611 0.027344
0 0.209722 0.181641 0.055556 0.028906
0 0.250000 0.187500 0.044444 0.031250
0 0.380556 0.176953 0.050000 0.027344
0 0.337500 0.180469 0.038889 0.025000
0 0.184722 0.132812 0.044444 0.021875
0 0.269444 0.090625 0.047222 0.026562
0 0.307639 0.094141 0.029167 0.025781
0 0.332639 0.097656 0.020833 0.025000
0 0.386806 0.139844 0.020833 0.018750
0 0.449306 0.214844 0.009722 0.018750
0 0.481250 0.194531 0.018056 0.012500
0 0.422917 0.176953 0.029167 0.013281
0 0.409028 0.370703 0.031944 0.011719
0 0.031250 0.411719 0.054167 0.025000
0 0.221528 0.499219 0.029167 0.014063
0 0.665972 0.643750 0.029167 0.017188
0 0.952778 0.328906 0.025000 0.014063
0 0.984028 0.332422 0.026389 0.013281
0 0.968056 0.398438 0.025000 0.012500
0 0.870833 0.406641 0.027778 0.011719
0 0.838194 0.425000 0.031944 0.015625
0 0.836111 0.565234 0.036111 0.013281
0 0.819444 0.605859 0.025000 0.013281
0 0.858333 0.624609 0.027778 0.021094