0 0.618056 0.122656 0.044444 0.012500
0 0.635417 0.146875 0.045833 0.029687
0 0.660417 0.181250 0.037500 0.029687
0 0.620833 0.172656 0.044444 0.014063
0 0.580556 0.203906 0.061111 0.034375
0 0.506944 0.225391 0.058333 0.032031
0 0.488889 0.249219 0.061111 0.028125
0 0.534028 0.287500 0.048611 0.026562
0 0.571528 0.342187 0.043056 0.032813
0 0.622917 0.338672 0.062500 0.030469
0 0.687500 0.355078 0.052778 0.019531
0 0.394444 0.406641 0.069444 0.021094
0 0.631250 0.431641 0.056944 0.035156
0 0.547222 0.366016 0.036111 0.021094
0 0.573611 0.501172 0.041667 0.021094
0 0.608333 0.475000 0.063889 0.034375
0 0.686806 0.448047 0.045833 0.030469
0 0.654167 0.452734 0.025000 0.022656
0 0.640972 0.546484 0.045833 0.024219
0 0.713889 0.468750 0.038889 0.020313
0 0.688194 0.517969 0.048611 0.021875
0 0.709722 0.615625 0.047222 0.032813
0 0.420139 0.603906 0.040278 0.017188
0 0.335417 0.705469 0.062500 0.034375
0 0.448611 0.686719 0.047222 0.025000
0 0.230556 0.613672 0.025000 0.014844
0 0.230556 0.647656 0.019444 0.015625
0 0.572222 0.791797 0.038889 0.033594
0 0.772917 0.767578 0.070833 0.021094
0 0.620833 0.298047 0.027778 0.011719
0 0.437500 0.457422 0.055556 0.028906
0 0.972222 0.526953 0.050000 0.024219
0 0.759028 0.470313 0.040278 0.021875
0 0.140972 0.700781 0.034722 0.014063