0 0.020833 0.091406 0.038889 0.035937
0 0.016667 0.123438 0.033333 0.028125
0 0.074306 0.125391 0.043056 0.035156
0 0.040972 0.141016 0.062500 0.038281
0 0.061806 0.176563 0.040278 0.028125
0 0.239583 0.306641 0.045833 0.028906
0 0.072222 0.436719 0.038889 0.015625
0 0.044444 0.466797 0.050000 0.028906
0 0.072917 0.466406 0.029167 0.025000
0 0.226389 0.480078 0.075000 0.041406
0 0.328472 0.692969 0.090278 0.045312
0 0.322917 0.767188 0.076389 0.042188
0 0.685417 0.228516 0.051389 0.032031
0 0.640278 0.235547 0.044444 0.027344
0 0.726389 0.220703 0.038889 0.028906
0 0.704167 0.264062 0.047222 0.025000
0 0.777778 0.219531 0.030556 0.031250
0 0.788194 0.228125 0.004167 0.003125
0 0.809722 0.264453 0.044444 0.030469
0 0.854861 0.260156 0.043056 0.034375
0 0.904861 0.262891 0.059722 0.032031
0 0.729861 0.315625 0.031944 0.028125
0 0.761111 0.314844 0.030556 0.026562
0 0.806250 0.342187 0.056944 0.031250
0 0.855556 0.343359 0.047222 0.032031
0 0.696528 0.389844 0.054167 0.025000
0 0.666667 0.408203 0.027778 0.017969
0 0.607639 0.432812 0.056944 0.028125
0 0.567361 0.445703 0.034722 0.027344
0 0.652778 0.471875 0.066667 0.034375
0 0.604167 0.487500 0.038889 0.031250
0 0.643056 0.495312 0.050000 0.023438
0 0.581944 0.513281 0.050000 0.028125
0 0.550694 0.495312 0.051389 0.028125
0 0.539583 0.516797 0.037500 0.022656
0 0.842361 0.389453 0.048611 0.021094
0 0.876389 0.413281 0.058333 0.031250
0 0.795833 0.392578 0.025000 0.025781
0 0.907639 0.451172 0.045833 0.030469
0 0.868750 0.460156 0.040278 0.031250
0 0.905556 0.468359 0.033333 0.011719
0 0.979167 0.460156 0.038889 0.028125
0 0.863889 0.510547 0.050000 0.030469
0 0.860417 0.540625 0.045833 0.029687
0 0.815278 0.507422 0.036111 0.024219
0 0.827778 0.554297 0.052778 0.022656
0 0.845139 0.580078 0.051389 0.027344
0 0.963194 0.591016 0.065278 0.036719
0 0.900000 0.623437 0.058333 0.034375
0 0.879167 0.601562 0.044444 0.025000
0 0.686806 0.596875 0.051389 0.028125
0 0.646528 0.578125 0.051389 0.032813
0 0.674306 0.764062 0.054167 0.031250
0 0.788889 0.235156 0.027778 0.021875
0 0.934722 0.465234 0.019444 0.021094
0 0.927083 0.574609 0.020833 0.022656
0 0.863194 0.483203 0.034722 0.019531
0 0.121528 0.274609 0.031944 0.014844
0 0.727778 0.250391 0.030556 0.025781
0 0.871528 0.316016 0.020833 0.014844
0 0.061111 0.482812 0.030556 0.014063
0 0.797917 0.469141 0.018056 0.014844
0 0.668056 0.427734 0.019444 0.016406
0 0.404167 0.747266 0.027778 0.021094
0 0.857639 0.873047 0.040278 0.024219
0 0.947917 0.864844 0.059722 0.032813
0 0.924306 0.602344 0.018056 0.014063