0 0.204167 0.516406 0.041667 0.025000
0 0.171528 0.507422 0.031944 0.017969
0 0.127083 0.512500 0.037500 0.020313
0 0.250000 0.486719 0.044444 0.018750
0 0.341667 0.462891 0.038889 0.016406
0 0.299306 0.395703 0.037500 0.027344
0 0.290278 0.346484 0.038889 0.022656
0 0.422222 0.374609 0.030556 0.016406
0 0.366667 0.421875 0.025000 0.014063
0 0.565278 0.500000 0.044444 0.025000
0 0.876389 0.587109 0.033333 0.021094
0 0.802083 0.528516 0.040278 0.014844
0 0.871528 0.526172 0.040278 0.017969
0 0.925694 0.487891 0.037500 0.019531
0 0.637500 0.350781 0.033333 0.017188
0 0.627083 0.316016 0.031944 0.019531
0 0.723611 0.300781 0.022222 0.015625
0 0.345833 0.321094 0.041667 0.023438
0 0.460417 0.334766 0.029167 0.017969
0 0.465972 0.263672 0.031944 0.025781
0 0.300694 0.164453 0.040278 0.021094
0 0.211806 0.198437 0.040278 0.021875
0 0.134028 0.119531 0.026389 0.018750
0 0.079167 0.159375 0.036111 0.020313
0 0.099306 0.203125 0.023611 0.018750
0 0.138889 0.150000 0.030556 0.015625
0 0.408333 0.141016 0.030556 0.022656
0 0.438194 0.164062 0.034722 0.021875
0 0.443750 0.191016 0.034722 0.021094
0 0.336806 0.218359 0.037500 0.011719
0 0.291667 0.211328 0.036111 0.019531
0 0.272222 0.137500 0.027778 0.017188
0 0.239583 0.113672 0.026389 0.014844
0 0.374306 0.150000 0.034722 0.021875
0 0.867361 0.496484 0.029167 0.017969
0 0.631944 0.407813 0.030556 0.010937
0 0.597917 0.227344 0.020833 0.018750
0 0.337500 0.197656 0.036111 0.014063
0 0.329861 0.183984 0.037500 0.017969
0 0.056944 0.236719 0.025000 0.014063
0 0.056250 0.172656 0.037500 0.012500
0 0.080556 0.287891 0.027778 0.016406
0 0.250694 0.097656 0.023611 0.014063
0 0.152778 0.206641 0.025000 0.021094
0 0.617361 0.205469 0.029167 0.018750
0 0.222222 0.124609 0.030556 0.014844
0 0.229167 0.181250 0.036111 0.021875
0 0.250000 0.167969 0.030556 0.020313
0 0.253472 0.185547 0.018056 0.016406
0 0.192361 0.156641 0.020833 0.008594
0 0.125694 0.188672 0.029167 0.013281
0 0.047222 0.285156 0.030556 0.018750
0 0.195139 0.296484 0.026389 0.014844
0 0.221528 0.361328 0.026389 0.019531
0 0.353472 0.359375 0.029167 0.020313
0 0.289583 0.283594 0.026389 0.021875
0 0.490278 0.209375 0.027778 0.017188
0 0.535417 0.205859 0.029167 0.024219
0 0.465972 0.206641 0.031944 0.017969
0 0.534028 0.240234 0.015278 0.016406
0 0.536111 0.291797 0.019444 0.011719
0 0.581250 0.310156 0.031944 0.017188
0 0.584722 0.253906 0.027778 0.018750
0 0.685417 0.260937 0.018056 0.014063
0 0.289583 0.428906 0.026389 0.014063
0 0.095139 0.428906 0.023611 0.018750
0 0.037500 0.418359 0.027778 0.017969
0 0.868056 0.567578 0.019444 0.016406
0 0.790278 0.571875 0.013889 0.012500
0 0.848611 0.587109 0.019444 0.013281
0 0.992361 0.493359 0.012500 0.017969
0 0.990972 0.457422 0.015278 0.011719
0 0.951389 0.495703 0.041667 0.021094
0 0.627083 0.506250 0.020833 0.012500
0 0.175694 0.200391 0.029167 0.017969
0 0.196528 0.186328 0.023611 0.011719
0 0.170833 0.169922 0.027778 0.010156