0 0.334722 0.727344 0.066667 0.039062
0 0.376389 0.725781 0.030556 0.029687
0 0.159028 0.610938 0.026389 0.015625
0 0.177778 0.627344 0.027778 0.023438
0 0.767361 0.684375 0.043056 0.025000
0 0.742361 0.699219 0.026389 0.012500
0 0.756944 0.650000 0.047222 0.029687
0 0.981944 0.692187 0.030556 0.017188
0 0.513194 0.573438 0.031944 0.017188
0 0.508333 0.591016 0.025000 0.011719
0 0.547222 0.566016 0.033333 0.017969
0 0.283333 0.556250 0.027778 0.010937
0 0.470139 0.470703 0.040278 0.021094
0 0.554861 0.424219 0.040278 0.023438
0 0.528472 0.445312 0.040278 0.017188
0 0.317361 0.477344 0.043056 0.021875
0 0.326389 0.494531 0.022222 0.010937
0 0.270139 0.467578 0.026389 0.019531
0 0.310417 0.457813 0.031944 0.021875
0 0.196528 0.405859 0.026389 0.013281
0 0.350000 0.405859 0.038889 0.022656
0 0.277083 0.389453 0.029167 0.013281
0 0.447222 0.389453 0.019444 0.010156
0 0.258333 0.327344 0.055556 0.028125
0 0.406944 0.304297 0.038889 0.019531
0 0.379167 0.300781 0.030556 0.015625
0 0.372222 0.273047 0.044444 0.025781
0 0.438194 0.237891 0.045833 0.027344
0 0.393750 0.240625 0.040278 0.025000
0 0.311111 0.251172 0.044444 0.028906
0 0.272222 0.244922 0.044444 0.027344
0 0.243056 0.198047 0.041667 0.022656
0 0.327083 0.154688 0.040278 0.025000
0 0.360417 0.157812 0.034722 0.023438
0 0.387500 0.158594 0.022222 0.025000
0 0.439583 0.201563 0.023611 0.017188
0 0.451389 0.042188 0.041667 0.026562
0 0.472917 0.047656 0.029167 0.020313
0 0.427778 0.051953 0.027778 0.011719
0 0.329861 0.340625 0.043056 0.020313
0 0.435417 0.332031 0.029167 0.023438
0 0.477778 0.235547 0.030556 0.013281
0 0.534722 0.253125 0.027778 0.014063
0 0.507639 0.269531 0.012500 0.012500
0 0.470833 0.425000 0.030556 0.012500
0 0.077778 0.473438 0.036111 0.021875
0 0.107639 0.468359 0.026389 0.017969
0 0.548611 0.613281 0.038889 0.031250
0 0.953472 0.680469 0.029167 0.029687
0 0.970139 0.749609 0.037500 0.025781
0 0.819444 0.556250 0.030556 0.018750
0 0.906250 0.474219 0.029167 0.017188
0 0.982639 0.483984 0.031944 0.019531
0 0.957639 0.534766 0.031944 0.016406
0 0.972917 0.555859 0.045833 0.019531
0 0.909028 0.614453 0.037500 0.011719