0 0.691667 0.007812 0.030556 0.015625
0 0.669444 0.018750 0.036111 0.018750
0 0.664583 0.007422 0.026389 0.014844
0 0.772917 0.023047 0.040278 0.017969
0 0.706250 0.042969 0.043056 0.025000
0 0.716667 0.053516 0.041667 0.021094
0 0.743750 0.075781 0.043056 0.021875
0 0.675694 0.093359 0.034722 0.025781
0 0.798611 0.096484 0.047222 0.027344
0 0.699306 0.106250 0.040278 0.031250
0 0.775000 0.139063 0.038889 0.029687
0 0.729167 0.136328 0.041667 0.025781
0 0.712500 0.152734 0.036111 0.025781
0 0.641667 0.142578 0.016667 0.019531
0 0.672222 0.159375 0.041667 0.021875
0 0.696528 0.185156 0.029167 0.020313
0 0.772222 0.107813 0.033333 0.026562
0 0.634722 0.198047 0.041667 0.022656
0 0.584722 0.192188 0.038889 0.026562
0 0.496528 0.233594 0.048611 0.031250
0 0.793056 0.207031 0.030556 0.023438
0 0.816667 0.212891 0.033333 0.019531
0 0.718056 0.227734 0.016667 0.017969
0 0.719444 0.246875 0.025000 0.018750
0 0.662500 0.242969 0.027778 0.014063
0 0.639583 0.235937 0.031944 0.020313
0 0.672917 0.286328 0.015278 0.011719
0 0.666667 0.318359 0.022222 0.008594
0 0.687500 0.350000 0.019444 0.012500
0 0.685417 0.359375 0.015278 0.006250
0 0.564583 0.344531 0.045833 0.018750
0 0.496528 0.348438 0.031944 0.025000
0 0.834722 0.339062 0.041667 0.025000
0 0.833333 0.358984 0.041667 0.021094
0 0.613889 0.304297 0.019444 0.013281
0 0.906250 0.376563 0.051389 0.031250
0 0.888194 0.367188 0.045833 0.023438
0 0.854167 0.375000 0.030556 0.023438
0 0.890278 0.396875 0.030556 0.020313
0 0.639583 0.400000 0.029167 0.023438
0 0.565278 0.451172 0.044444 0.027344
0 0.599306 0.450781 0.023611 0.017188
0 0.706944 0.460547 0.047222 0.024219
0 0.843750 0.405859 0.029167 0.019531
0 0.836806 0.423438 0.040278 0.020313
0 0.802083 0.445703 0.043056 0.014844
0 0.792361 0.466016 0.031944 0.016406
0 0.805556 0.496484 0.050000 0.027344
0 0.913194 0.516406 0.040278 0.018750
0 0.819444 0.573438 0.036111 0.032813
0 0.814583 0.606250 0.029167 0.012500
0 0.788194 0.619141 0.020833 0.021094
0 0.691667 0.617188 0.036111 0.021875
0 0.602778 0.603125 0.044444 0.018750
0 0.813889 0.675391 0.038889 0.022656
0 0.771528 0.677344 0.045833 0.025000
0 0.232639 0.664062 0.034722 0.020313
0 0.275694 0.671484 0.040278 0.025781
0 0.015278 0.125000 0.030556 0.023438
0 0.008333 0.178906 0.016667 0.018750
0 0.054167 0.276172 0.044444 0.024219
0 0.025000 0.440234 0.047222 0.024219
0 0.226389 0.424219 0.052778 0.015625
0 0.025000 0.165625 0.044444 0.018750
0 0.771528 0.050781 0.023611 0.015625
0 0.656944 0.163281 0.033333 0.025000
0 0.946528 0.279687 0.029167 0.014063
0 0.929861 0.394922 0.040278 0.025781