0 0.609028 0.192578 0.045833 0.024219
0 0.747222 0.132812 0.061111 0.023438
0 0.800694 0.134375 0.043056 0.026562
0 0.806944 0.161328 0.050000 0.028906
0 0.752778 0.164844 0.061111 0.037500
0 0.629861 0.216406 0.045833 0.010937
0 0.750000 0.233984 0.038889 0.025781
0 0.554167 0.253125 0.033333 0.015625
0 0.065972 0.301953 0.040278 0.022656
0 0.042361 0.294922 0.031944 0.016406
0 0.054167 0.314453 0.038889 0.016406
0 0.023611 0.426172 0.044444 0.025781
0 0.564583 0.442578 0.059722 0.025781
0 0.620833 0.275391 0.033333 0.028906
0 0.585417 0.289453 0.048611 0.032031
0 0.672917 0.308594 0.048611 0.026562
0 0.800694 0.297266 0.034722 0.017969
0 0.811111 0.332031 0.050000 0.028125
0 0.846528 0.341016 0.048611 0.027344
0 0.609028 0.347266 0.023611 0.013281
0 0.720139 0.442188 0.034722 0.020313
0 0.543750 0.488281 0.045833 0.028125
0 0.647917 0.512891 0.040278 0.022656
0 0.674306 0.498828 0.059722 0.028906
0 0.745139 0.531250 0.034722 0.021875
0 0.794444 0.517969 0.047222 0.023438
0 0.836806 0.528125 0.051389 0.020313
0 0.796528 0.535156 0.048611 0.021875
0 0.656944 0.530469 0.044444 0.018750
0 0.543056 0.525000 0.030556 0.015625
0 0.614583 0.571094 0.045833 0.026562
0 0.704861 0.567578 0.037500 0.016406
0 0.723611 0.649219 0.038889 0.029687
0 0.767361 0.638672 0.051389 0.032031
0 0.829861 0.562891 0.031944 0.024219
0 0.100694 0.588672 0.034722 0.022656
0 0.102778 0.637500 0.052778 0.028125
0 0.118750 0.664844 0.018056 0.018750
0 0.163889 0.695312 0.052778 0.025000
0 0.506250 0.599609 0.037500 0.019531
0 0.580556 0.615234 0.036111 0.036719
0 0.585417 0.578906 0.056944 0.017188
0 0.681250 0.646484 0.056944 0.032031
0 0.509028 0.683984 0.043056 0.024219
0 0.450694 0.620313 0.048611 0.020313
0 0.557639 0.624609 0.026389 0.017969
0 0.486111 0.629687 0.036111 0.014063
0 0.165972 0.762109 0.051389 0.028906
0 0.242361 0.792578 0.034722 0.024219
0 0.197917 0.884375 0.040278 0.023438
0 0.185417 0.867969 0.034722 0.018750
0 0.312500 0.860547 0.027778 0.019531
0 0.850000 0.762500 0.055556 0.034375
0 0.904167 0.812891 0.058333 0.030469
0 0.750694 0.664453 0.048611 0.019531
0 0.677083 0.437891 0.048611 0.025781
0 0.404167 0.567969 0.022222 0.014063
0 0.370139 0.492969 0.015278 0.015625
0 0.075694 0.797266 0.040278 0.021094
0 0.072917 0.857422 0.012500 0.017969