0 0.593750 0.458203 0.034722 0.022656
0 0.654861 0.488281 0.048611 0.028125
0 0.593056 0.491797 0.038889 0.017969
0 0.554861 0.519922 0.034722 0.027344
0 0.529861 0.577734 0.048611 0.017969
0 0.614583 0.596875 0.048611 0.025000
0 0.504861 0.605469 0.015278 0.009375
0 0.427778 0.614062 0.019444 0.018750
0 0.500694 0.630859 0.023611 0.017969
0 0.946528 0.628906 0.037500 0.018750
0 0.909722 0.657813 0.047222 0.023438
0 0.872917 0.687891 0.029167 0.017969
0 0.734028 0.651563 0.043056 0.018750
0 0.547917 0.626563 0.026389 0.014063
0 0.633333 0.639844 0.047222 0.028125
0 0.656250 0.560937 0.023611 0.017188