0 0.359722 0.084766 0.044444 0.019531
0 0.412500 0.086719 0.033333 0.029687
0 0.340278 0.116406 0.055556 0.032813
0 0.410417 0.120313 0.040278 0.029687
0 0.218750 0.148438 0.054167 0.021875
0 0.236111 0.186719 0.050000 0.035937
0 0.254861 0.229297 0.054167 0.030469
0 0.252778 0.249609 0.033333 0.016406
0 0.211806 0.252344 0.056944 0.025000
0 0.429167 0.180859 0.038889 0.028906
0 0.335417 0.279297 0.045833 0.021094
0 0.453472 0.298438 0.043056 0.031250
0 0.492361 0.307422 0.051389 0.028906
0 0.855556 0.261719 0.044444 0.023438
0 0.860417 0.283203 0.045833 0.022656
0 0.901389 0.292187 0.041667 0.017188
0 0.059722 0.413281 0.063889 0.029687
0 0.200000 0.471875 0.050000 0.026562
0 0.162500 0.494141 0.038889 0.021094
0 0.201389 0.500391 0.041667 0.019531
0 0.313194 0.407813 0.043056 0.028125
0 0.359028 0.416797 0.045833 0.021094
0 0.308333 0.469531 0.050000 0.023438
0 0.341667 0.488672 0.055556 0.030469
0 0.384722 0.497266 0.050000 0.022656
0 0.420139 0.499609 0.051389 0.028906
0 0.367361 0.512109 0.037500 0.013281
0 0.254167 0.550391 0.055556 0.027344
0 0.497222 0.506641 0.036111 0.022656
0 0.517361 0.496875 0.037500 0.023438
0 0.866667 0.408594 0.052778 0.029687
0 0.909722 0.427734 0.052778 0.028906
0 0.959028 0.428125 0.043056 0.018750
0 0.973611 0.545312 0.047222 0.028125
0 0.588194 0.550391 0.031944 0.011719
0 0.340278 0.620313 0.055556 0.031250
0 0.193056 0.588672 0.050000 0.027344
0 0.107639 0.664062 0.045833 0.023438
0 0.300000 0.631250 0.069444 0.028125
0 0.187500 0.604688 0.047222 0.021875
0 0.232639 0.594141 0.026389 0.019531
0 0.400000 0.750781 0.058333 0.035937
0 0.431944 0.808203 0.061111 0.027344
0 0.390972 0.147656 0.023611 0.015625
0 0.062500 0.436328 0.044444 0.013281
0 0.840278 0.301172 0.027778 0.013281
0 0.144444 0.215234 0.036111 0.025781
0 0.095833 0.466797 0.038889 0.019531
0 0.122917 0.457031 0.031944 0.018750
0 0.453472 0.406250 0.026389 0.012500