0 0.746528 0.676562 0.048611 0.026562
0 0.784722 0.675000 0.038889 0.023438
0 0.752778 0.620313 0.022222 0.020313
0 0.781250 0.605859 0.031944 0.014844
0 0.659028 0.616406 0.048611 0.018750
0 0.571528 0.605469 0.034722 0.018750
0 0.541667 0.644141 0.030556 0.016406
0 0.247917 0.670312 0.040278 0.023438
0 0.209028 0.664062 0.034722 0.026562
0 0.781250 0.570703 0.034722 0.025781
0 0.777083 0.497266 0.056944 0.032031
0 0.673611 0.463672 0.055556 0.028906
0 0.538194 0.451562 0.048611 0.026562
0 0.566667 0.450000 0.025000 0.015625
0 0.607639 0.401562 0.031944 0.023438
0 0.533333 0.346875 0.044444 0.021875
0 0.463194 0.349609 0.031944 0.022656
0 0.659028 0.351172 0.015278 0.011719
0 0.660417 0.360156 0.018056 0.009375
0 0.590278 0.306641 0.041667 0.017969
0 0.636111 0.288281 0.019444 0.009375
0 0.464583 0.234766 0.043056 0.030469
0 0.547222 0.194141 0.041667 0.025781
0 0.600694 0.201563 0.040278 0.025000
0 0.605556 0.235937 0.030556 0.021875
0 0.626389 0.246875 0.027778 0.018750
0 0.681250 0.244922 0.026389 0.027344
0 0.684722 0.228906 0.013889 0.015625
0 0.777778 0.216016 0.036111 0.021094
0 0.756944 0.209375 0.036111 0.025000
0 0.869444 0.378516 0.055556 0.030469
0 0.844444 0.367969 0.041667 0.028125
0 0.815972 0.374219 0.029167 0.026562
0 0.851389 0.396094 0.030556 0.021875
0 0.808333 0.407422 0.033333 0.019531
0 0.804167 0.425000 0.047222 0.023438
0 0.759722 0.445312 0.022222 0.015625
0 0.758333 0.466406 0.027778 0.015625
0 0.795833 0.339453 0.050000 0.027344
0 0.793056 0.358984 0.044444 0.027344
0 0.913889 0.284766 0.033333 0.017969
0 0.192361 0.423438 0.056944 0.015625
0 0.661806 0.189453 0.031944 0.021094
0 0.638889 0.161328 0.038889 0.022656
0 0.679167 0.155469 0.033333 0.023438
0 0.611111 0.142187 0.027778 0.023438
0 0.662500 0.109375 0.047222 0.032813
0 0.634722 0.094141 0.033333 0.024219
0 0.686111 0.138672 0.041667 0.025781
0 0.740972 0.138672 0.040278 0.027344
0 0.760417 0.099609 0.054167 0.027344
0 0.705556 0.079297 0.047222 0.024219
0 0.680556 0.057813 0.044444 0.021875
0 0.668750 0.044141 0.040278 0.027344
0 0.729861 0.033594 0.051389 0.031250
0 0.654861 0.008594 0.029167 0.017188
0 0.629861 0.007812 0.026389 0.014063
0 0.635417 0.022266 0.037500 0.016406
0 0.732639 0.114062 0.026389 0.020313
0 0.887500 0.515625 0.047222 0.018750
0 0.024306 0.276172 0.045833 0.027344
0 0.010417 0.442188 0.020833 0.017188
0 0.618056 0.165625 0.036111 0.026562
0 0.730556 0.053125 0.025000 0.017188
0 0.714583 0.006641 0.015278 0.013281
0 0.504861 0.350781 0.015278 0.021875
0 0.717361 0.466797 0.029167 0.011719
0 0.893056 0.396875 0.030556 0.026562