0 0.304861 0.516406 0.015278 0.006250
0 0.284722 0.558984 0.011111 0.007031
0 0.231250 0.573438 0.023611 0.010937
0 0.087500 0.627734 0.027778 0.010156
0 0.250000 0.619922 0.022222 0.008594
0 0.176389 0.646484 0.011111 0.005469
0 0.179861 0.657031 0.012500 0.004687
0 0.337500 0.664062 0.013889 0.009375
0 0.391667 0.657422 0.025000 0.022656
0 0.409722 0.627344 0.025000 0.014063
0 0.350694 0.605078 0.009722 0.016406
0 0.492361 0.570312 0.012500 0.009375
0 0.497917 0.577734 0.012500 0.007031
0 0.503472 0.557813 0.018056 0.007812
0 0.531250 0.537109 0.023611 0.010156
0 0.502083 0.547656 0.009722 0.006250
0 0.519444 0.514844 0.030556 0.017188
0 0.551389 0.509766 0.011111 0.005469
0 0.523611 0.486719 0.022222 0.012500
0 0.572222 0.414844 0.016667 0.010937
0 0.622917 0.589063 0.012500 0.010937
0 0.585417 0.602734 0.031944 0.019531
0 0.561806 0.591406 0.031944 0.010937
0 0.507639 0.631250 0.023611 0.015625
0 0.611806 0.480078 0.015278 0.008594
0 0.500000 0.478516 0.005556 0.005469
0 0.515972 0.472656 0.006944 0.004687
0 0.637500 0.425391 0.016667 0.011719
0 0.665278 0.421875 0.022222 0.007812
0 0.653472 0.362891 0.020833 0.014844
0 0.644444 0.342187 0.011111 0.007812
0 0.561111 0.319141 0.022222 0.014844
0 0.540278 0.364844 0.027778 0.017188
0 0.453472 0.333594 0.023611 0.014063
0 0.414583 0.344141 0.015278 0.011719
0 0.441667 0.349219 0.027778 0.015625
0 0.790278 0.355469 0.016667 0.014063
0 0.913889 0.350391 0.019444 0.010156
0 0.936111 0.315234 0.022222 0.011719
0 0.755556 0.257031 0.011111 0.007812
0 0.825694 0.247656 0.026389 0.014063
0 0.852778 0.244922 0.019444 0.008594
0 0.848611 0.219922 0.027778 0.024219
0 0.819444 0.193359 0.025000 0.014844
0 0.797222 0.230469 0.025000 0.017188
0 0.740278 0.215625 0.027778 0.014063
0 0.754861 0.171875 0.009722 0.009375
0 0.695833 0.155469 0.025000 0.012500
0 0.728472 0.180469 0.015278 0.015625
0 0.705556 0.204687 0.019444 0.009375
0 0.833333 0.533203 0.030556 0.011719
0 0.927778 0.553516 0.016667 0.013281
0 0.810417 0.560937 0.018056 0.010937
0 0.743056 0.547656 0.013889 0.010937
0 0.759722 0.554297 0.008333 0.007031
0 0.815278 0.615234 0.013889 0.005469
0 0.843056 0.612109 0.022222 0.007031
0 0.861806 0.621875 0.029167 0.015625
0 0.877083 0.640625 0.012500 0.012500
0 0.948611 0.659375 0.011111 0.009375
0 0.995139 0.684375 0.006944 0.010937
0 0.875000 0.688672 0.016667 0.008594
0 0.895833 0.694531 0.011111 0.006250
0 0.983333 0.712500 0.005556 0.006250
0 0.418056 0.328125 0.019444 0.015625
0 0.628472 0.318359 0.031944 0.014844
0 0.707639 0.384375 0.029167 0.018750
0 0.720139 0.367188 0.040278 0.023438
0 0.710417 0.222266 0.018056 0.014844
0 0.629861 0.226953 0.029167 0.016406
0 0.659028 0.229297 0.029167 0.017969
0 0.640278 0.211719 0.016667 0.010937
0 0.102778 0.655078 0.033333 0.022656
0 0.825694 0.646484 0.043056 0.014844
0 0.940972 0.686719 0.051389 0.018750
0 0.990278 0.649609 0.016667 0.016406