0 0.465278 0.065625 0.063889 0.034375
0 0.472222 0.094922 0.058333 0.032031
0 0.495833 0.130078 0.055556 0.033594
0 0.447222 0.125000 0.050000 0.031250
0 0.544444 0.189062 0.055556 0.031250
0 0.506250 0.192188 0.029167 0.025000
0 0.376389 0.168750 0.063889 0.037500
0 0.365972 0.227344 0.056944 0.031250
0 0.413194 0.235156 0.056944 0.035937
0 0.472222 0.231250 0.027778 0.026562
0 0.521528 0.263281 0.065278 0.032813
0 0.625694 0.292187 0.068056 0.035937
0 0.181250 0.308594 0.059722 0.032813
0 0.121528 0.327344 0.059722 0.028125
0 0.497222 0.317188 0.061111 0.031250
0 0.647917 0.317578 0.056944 0.032031
0 0.581250 0.349609 0.054167 0.030469
0 0.527778 0.339844 0.063889 0.035937
0 0.550000 0.425781 0.052778 0.029687
0 0.501389 0.457422 0.055556 0.030469
0 0.406250 0.485547 0.068056 0.036719
0 0.466667 0.439453 0.041667 0.021094
0 0.670139 0.425391 0.056944 0.028906
0 0.148611 0.579688 0.058333 0.025000
0 0.166667 0.640234 0.033333 0.017969
0 0.759722 0.483984 0.041667 0.017969
0 0.393056 0.659766 0.041667 0.025781
0 0.135417 0.773438 0.045833 0.023438
0 0.947917 0.676953 0.034722 0.021094
0 0.984028 0.682422 0.020833 0.021094
0 0.501389 0.813672 0.055556 0.032031
0 0.438889 0.823047 0.052778 0.032031
0 0.978472 0.971875 0.040278 0.034375
0 0.882639 0.962891 0.034722 0.016406
0 0.040278 0.855859 0.072222 0.044531
0 0.397222 0.122656 0.016667 0.029687
0 0.602778 0.316016 0.033333 0.025781
0 0.982639 0.438672 0.031944 0.027344
0 0.984722 0.483594 0.027778 0.012500
0 0.620139 0.426563 0.029167 0.025000
0 0.338889 0.581250 0.041667 0.032813
0 0.222222 0.718750 0.061111 0.035937
0 0.868056 0.667578 0.050000 0.024219
0 0.612500 0.629687 0.044444 0.031250
0 0.598611 0.592578 0.041667 0.013281
0 0.437500 0.588281 0.041667 0.018750
0 0.650000 0.492969 0.050000 0.020313
0 0.572917 0.563672 0.037500 0.017969