0 0.131944 0.287109 0.038889 0.027344
0 0.345833 0.284375 0.036111 0.025000
0 0.174306 0.313281 0.045833 0.021875
0 0.222222 0.335938 0.047222 0.028125
0 0.113194 0.413281 0.037500 0.023438
0 0.045833 0.393750 0.044444 0.023438
0 0.055556 0.423438 0.044444 0.026562
0 0.863194 0.625781 0.043056 0.035937
0 0.037500 0.241797 0.061111 0.032031
0 0.182639 0.339844 0.051389 0.029687
0 0.143750 0.322266 0.029167 0.016406
0 0.278472 0.290234 0.043056 0.021094
0 0.181250 0.279297 0.045833 0.025781
0 0.151389 0.400391 0.050000 0.014844
0 0.089583 0.443750 0.051389 0.023438
0 0.119444 0.469922 0.038889 0.011719
0 0.010417 0.507812 0.015278 0.010937
0 0.336806 0.440234 0.012500 0.014844
0 0.981250 0.425391 0.034722 0.027344
0 0.353472 0.630859 0.043056 0.019531
0 0.261111 0.643750 0.036111 0.021875
0 0.990972 0.531250 0.015278 0.014063
0 0.991667 0.553125 0.011111 0.009375
0 0.375694 0.683594 0.037500 0.028125
0 0.235417 0.682031 0.045833 0.025000
0 0.238194 0.658203 0.040278 0.019531
0 0.207639 0.694922 0.037500 0.019531
0 0.329167 0.616797 0.022222 0.017969
0 0.922222 0.622266 0.030556 0.011719
0 0.334028 0.672266 0.037500 0.021094