0 0.011806 0.167969 0.020833 0.015625
0 0.029861 0.177344 0.026389 0.012500
0 0.049306 0.156250 0.029167 0.020313
0 0.079861 0.156250 0.029167 0.015625
0 0.077778 0.172656 0.027778 0.012500
0 0.082639 0.216797 0.026389 0.014844
0 0.113194 0.198047 0.034722 0.016406
0 0.229167 0.087109 0.027778 0.016406
0 0.230556 0.103125 0.033333 0.015625
0 0.282639 0.104688 0.018056 0.012500
0 0.255556 0.152344 0.027778 0.012500
0 0.363194 0.116406 0.029167 0.020313
0 0.368750 0.134766 0.031944 0.017969
0 0.380556 0.149609 0.033333 0.016406
0 0.168750 0.227344 0.043056 0.026562
0 0.215278 0.219141 0.047222 0.025781
0 0.209722 0.245703 0.038889 0.024219
0 0.014583 0.296094 0.029167 0.020313
0 0.023611 0.309766 0.027778 0.017969
0 0.047222 0.313672 0.030556 0.016406
0 0.084722 0.297656 0.030556 0.020313
0 0.118056 0.276562 0.041667 0.025000
0 0.160417 0.281250 0.040278 0.029687
0 0.132639 0.327344 0.029167 0.017188
0 0.218056 0.282422 0.038889 0.024219
0 0.259722 0.290234 0.036111 0.022656
0 0.207639 0.307812 0.043056 0.025000
0 0.220833 0.322656 0.047222 0.021875
0 0.262500 0.330078 0.036111 0.019531
0 0.299306 0.348438 0.034722 0.018750
0 0.090972 0.424219 0.054167 0.026562
0 0.004861 0.468750 0.006944 0.020313
0 0.133333 0.454297 0.052778 0.028906
0 0.089583 0.520703 0.040278 0.021094
0 0.193750 0.539844 0.043056 0.028125
0 0.277083 0.459766 0.034722 0.017969
0 0.275694 0.534375 0.040278 0.021875
0 0.320833 0.565625 0.044444 0.021875
0 0.352083 0.593359 0.037500 0.021094
0 0.342361 0.614844 0.031944 0.015625
0 0.440278 0.530469 0.041667 0.021875
0 0.406944 0.551172 0.036111 0.019531
0 0.427778 0.564844 0.041667 0.025000
0 0.495139 0.638281 0.037500 0.020313
0 0.285417 0.228516 0.031944 0.022656
0 0.371528 0.244922 0.048611 0.030469
0 0.392361 0.736719 0.023611 0.018750
0 0.450000 0.722656 0.027778 0.017188
0 0.616667 0.597656 0.027778 0.014063
0 0.695833 0.624219 0.027778 0.018750
0 0.567361 0.674609 0.018056 0.007031
0 0.495139 0.182812 0.026389 0.018750
0 0.659028 0.210156 0.020833 0.017188
0 0.729861 0.218750 0.029167 0.015625
0 0.889583 0.271094 0.034722 0.020313
0 0.854167 0.290234 0.041667 0.024219
0 0.816667 0.297656 0.030556 0.012500
0 0.915278 0.308203 0.030556 0.019531
0 0.883333 0.300391 0.027778 0.017969
0 0.591667 0.271875 0.036111 0.020313
0 0.552778 0.275000 0.030556 0.021875
0 0.554167 0.298828 0.047222 0.022656
0 0.486111 0.310547 0.044444 0.022656
0 0.459722 0.351172 0.044444 0.024219
0 0.460417 0.369141 0.034722 0.013281
0 0.552778 0.372656 0.044444 0.021875
0 0.781944 0.511719 0.041667 0.023438
0 0.795139 0.530078 0.043056 0.017969
0 0.707639 0.537891 0.034722 0.016406
0 0.811806 0.572266 0.031944 0.017969
0 0.784028 0.588672 0.031944 0.019531
0 0.631944 0.388281 0.030556 0.020313
0 0.216667 0.619141 0.027778 0.016406
0 0.241667 0.639844 0.016667 0.017188
0 0.523611 0.188672 0.025000 0.019531
0 0.140972 0.248438 0.040278 0.029687
0 0.250694 0.178516 0.023611 0.007031
0 0.184722 0.180078 0.019444 0.016406
0 0.081250 0.308984 0.031944 0.016406
0 0.289583 0.318359 0.029167 0.019531
0 0.063889 0.438281 0.027778 0.014063
0 0.022222 0.430078 0.022222 0.025781
0 0.028472 0.553125 0.040278 0.023438
0 0.147917 0.520703 0.026389 0.017969
0 0.210417 0.493750 0.018056 0.017188
0 0.299306 0.510156 0.029167 0.010937
0 0.392361 0.479687 0.031944 0.014063
0 0.946528 0.621484 0.037500 0.021094
0 0.331944 0.660156 0.025000 0.018750
0 0.405556 0.751563 0.036111 0.014063
0 0.918750 0.678516 0.031944 0.016406
0 0.890278 0.679688 0.025000 0.010937
0 0.848611 0.563672 0.022222 0.011719
0 0.418750 0.153906 0.020833 0.012500