0 0.604167 0.313672 0.063889 0.035156
0 0.958333 0.324609 0.072222 0.028906
0 0.936806 0.367188 0.045833 0.032813
0 0.854167 0.410547 0.058333 0.017969
0 0.946528 0.468359 0.043056 0.019531
0 0.876389 0.511719 0.061111 0.028125
0 0.932639 0.520703 0.045833 0.028906
0 0.841667 0.526172 0.027778 0.019531
0 0.893750 0.593750 0.056944 0.029687
0 0.829167 0.609375 0.047222 0.021875
0 0.990972 0.370312 0.015278 0.026562
0 0.985417 0.426172 0.026389 0.017969
0 0.911806 0.473828 0.029167 0.021094
0 0.871528 0.577344 0.037500 0.015625