0 0.584722 0.200781 0.055556 0.032813
0 0.475000 0.199609 0.058333 0.030469
0 0.495833 0.150781 0.052778 0.039062
0 0.484028 0.307422 0.048611 0.025781
0 0.484028 0.279297 0.051389 0.022656
0 0.725000 0.277734 0.047222 0.027344
0 0.557639 0.186328 0.051389 0.035156
0 0.615278 0.194922 0.025000 0.013281
0 0.586806 0.339844 0.054167 0.028125
0 0.295833 0.394531 0.044444 0.029687
0 0.322222 0.379297 0.027778 0.025781
0 0.470833 0.401172 0.052778 0.032031
0 0.320833 0.426563 0.044444 0.025000
0 0.415278 0.453516 0.055556 0.030469
0 0.625000 0.323047 0.052778 0.027344
0 0.579861 0.323828 0.045833 0.016406
0 0.558333 0.306641 0.036111 0.017969
0 0.509722 0.395703 0.038889 0.017969
0 0.228472 0.521484 0.056944 0.030469
0 0.066667 0.529687 0.047222 0.026562
0 0.308333 0.529687 0.050000 0.031250
0 0.334028 0.586719 0.054167 0.031250
0 0.411806 0.473047 0.043056 0.025781
0 0.399306 0.591406 0.051389 0.031250
0 0.438194 0.592969 0.029167 0.025000
0 0.447917 0.464062 0.031944 0.021875
0 0.484028 0.473828 0.051389 0.032031
0 0.484028 0.505859 0.054167 0.027344
0 0.591667 0.453125 0.058333 0.031250
0 0.703472 0.534375 0.045833 0.023438
0 0.542361 0.610156 0.051389 0.026562
0 0.943056 0.469141 0.044444 0.021094
0 0.985417 0.456641 0.026389 0.016406
0 0.855556 0.491016 0.033333 0.022656
0 0.961111 0.501953 0.047222 0.022656
0 0.654167 0.569922 0.055556 0.032031
0 0.710417 0.597656 0.054167 0.029687
0 0.609028 0.636328 0.051389 0.022656
0 0.579861 0.682813 0.062500 0.032813
0 0.738889 0.694531 0.066667 0.035937
0 0.307639 0.800000 0.048611 0.035937
0 0.194444 0.751172 0.041667 0.014844
0 0.236806 0.752344 0.023611 0.010937
0 0.637500 0.810937 0.063889 0.034375
0 0.699306 0.788672 0.043056 0.025781
0 0.859028 0.802734 0.062500 0.028906
0 0.761806 0.743750 0.045833 0.037500
0 0.815278 0.507422 0.033333 0.014844