0 0.373611 0.061328 0.036111 0.019531
0 0.402083 0.116797 0.043056 0.022656
0 0.427083 0.150391 0.040278 0.022656
0 0.356250 0.185156 0.043056 0.031250
0 0.322222 0.185938 0.033333 0.026562
0 0.300000 0.226562 0.050000 0.025000
0 0.390278 0.228906 0.047222 0.021875
0 0.438889 0.239844 0.036111 0.017188
0 0.520139 0.330859 0.051389 0.025781
0 0.590278 0.280078 0.016667 0.010156
0 0.431944 0.330078 0.025000 0.019531
0 0.497917 0.311328 0.020833 0.005469
0 0.373611 0.255469 0.025000 0.017188
0 0.256250 0.276953 0.023611 0.010156
0 0.209722 0.266406 0.008333 0.009375
0 0.173611 0.291797 0.022222 0.016406
0 0.206944 0.339062 0.013889 0.012500
0 0.190278 0.364844 0.019444 0.012500
0 0.342361 0.355859 0.037500 0.025781
0 0.434722 0.380469 0.033333 0.023438
0 0.521528 0.390234 0.034722 0.022656
0 0.478472 0.354297 0.012500 0.010156
0 0.600694 0.369531 0.018056 0.015625
0 0.631944 0.432422 0.044444 0.022656
0 0.685417 0.455469 0.048611 0.023438
0 0.304861 0.429688 0.045833 0.028125
0 0.226389 0.446484 0.052778 0.028906
0 0.195139 0.468359 0.051389 0.022656
0 0.129167 0.530469 0.025000 0.020313
0 0.276389 0.518359 0.050000 0.027344
0 0.344444 0.482812 0.030556 0.029687
0 0.214583 0.485156 0.018056 0.015625
0 0.270833 0.533984 0.038889 0.025781
0 0.238889 0.548438 0.050000 0.028125
0 0.192361 0.583594 0.048611 0.025000
0 0.381944 0.567578 0.047222 0.025781
0 0.381250 0.550781 0.015278 0.004687
0 0.157639 0.601953 0.048611 0.024219
0 0.252778 0.657813 0.041667 0.020313
0 0.170139 0.725000 0.070833 0.039062
0 0.768750 0.854297 0.034722 0.025781
0 0.704167 0.853516 0.027778 0.025781
0 0.749306 0.833203 0.043056 0.019531
0 0.895139 0.794141 0.054167 0.028906
0 0.961806 0.745313 0.043056 0.020313
0 0.511806 0.742969 0.045833 0.031250
0 0.517361 0.711719 0.043056 0.035937
0 0.371528 0.642578 0.045833 0.025781
0 0.516667 0.626172 0.041667 0.025781
0 0.647222 0.619922 0.033333 0.024219
0 0.641667 0.655078 0.038889 0.027344
0 0.688194 0.663672 0.043056 0.024219
0 0.497917 0.496875 0.045833 0.029687
0 0.557639 0.481641 0.045833 0.021094
0 0.626389 0.458984 0.036111 0.011719
0 0.625000 0.491406 0.016667 0.018750
0 0.886806 0.497656 0.031944 0.014063
0 0.980556 0.519922 0.033333 0.016406
0 0.991667 0.466406 0.013889 0.014063
0 0.861806 0.559766 0.018056 0.013281
0 0.847917 0.595703 0.031944 0.014844
0 0.930556 0.508203 0.022222 0.007031
0 0.711806 0.550000 0.029167 0.010937
0 0.304861 0.385547 0.020833 0.013281