0 0.317361 0.356250 0.031944 0.017188
0 0.346528 0.358984 0.040278 0.014844
0 0.134028 0.491016 0.026389 0.021094
0 0.130556 0.522266 0.022222 0.011719
0 0.288194 0.545312 0.031944 0.012500
0 0.322917 0.548438 0.040278 0.017188
0 0.325694 0.604297 0.045833 0.027344
0 0.281944 0.617969 0.058333 0.026562
0 0.303472 0.653906 0.043056 0.025000
0 0.343056 0.428906 0.047222 0.025000
0 0.352083 0.458203 0.040278 0.019531
0 0.523611 0.452734 0.041667 0.022656
0 0.534028 0.196875 0.045833 0.028125
0 0.923611 0.561328 0.027778 0.011719
0 0.731944 0.427734 0.041667 0.028906
0 0.677778 0.395313 0.033333 0.021875
0 0.622917 0.395313 0.029167 0.010937
0 0.566667 0.431641 0.027778 0.021094
0 0.659028 0.407031 0.020833 0.014063
0 0.093056 0.538281 0.033333 0.015625
0 0.811806 0.668359 0.034722 0.016406
0 0.256250 0.448828 0.029167 0.025781
0 0.195139 0.444922 0.023611 0.013281
0 0.515278 0.735547 0.047222 0.014844
0 0.641667 0.679688 0.016667 0.018750
0 0.693750 0.614453 0.018056 0.022656
0 0.906944 0.667578 0.041667 0.019531
0 0.950694 0.658594 0.034722 0.014063
0 0.884028 0.632422 0.040278 0.013281
0 0.832639 0.622266 0.020833 0.013281
0 0.954167 0.679297 0.025000 0.021094