0 0.039583 0.131250 0.040278 0.023438
0 0.060417 0.172266 0.031944 0.022656
0 0.027083 0.167187 0.034722 0.015625
0 0.022917 0.185547 0.040278 0.017969
0 0.078472 0.282031 0.043056 0.028125
0 0.018750 0.399219 0.029167 0.023438
0 0.047917 0.445703 0.048611 0.027344
0 0.262500 0.667969 0.036111 0.026562
0 0.298611 0.674219 0.041667 0.028125
0 0.239583 0.428125 0.045833 0.009375
0 0.006250 0.253906 0.012500 0.014063
0 0.719444 0.013672 0.027778 0.019531
0 0.695833 0.008594 0.030556 0.017188
0 0.693056 0.023438 0.041667 0.023438
0 0.782639 0.008984 0.015278 0.017969
0 0.801389 0.032031 0.038889 0.018750
0 0.735417 0.049219 0.037500 0.025000
0 0.744444 0.062891 0.047222 0.022656
0 0.772222 0.085547 0.038889 0.022656
0 0.699306 0.098047 0.031944 0.022656
0 0.724306 0.109766 0.040278 0.024219
0 0.725694 0.123438 0.037500 0.017188
0 0.826389 0.104297 0.044444 0.025781
0 0.802083 0.116406 0.031944 0.023438
0 0.802083 0.143750 0.037500 0.025000
0 0.756250 0.142969 0.034722 0.028125
0 0.744444 0.160938 0.025000 0.020313
0 0.700694 0.164453 0.034722 0.019531
0 0.668750 0.148828 0.018056 0.021094
0 0.727778 0.192578 0.019444 0.021094
0 0.815278 0.214844 0.033333 0.021875
0 0.840278 0.221094 0.030556 0.018750
0 0.609722 0.199609 0.038889 0.025781
0 0.522917 0.239453 0.043056 0.028906
0 0.588889 0.350781 0.044444 0.020313
0 0.519444 0.355078 0.027778 0.022656
0 0.663194 0.408203 0.026389 0.017969
0 0.591667 0.456250 0.041667 0.026562
0 0.624306 0.454688 0.029167 0.017188
0 0.734028 0.466016 0.043056 0.024219
0 0.860417 0.344141 0.043056 0.025781
0 0.857639 0.364453 0.045833 0.021094
0 0.931944 0.383203 0.050000 0.028906
0 0.913889 0.373437 0.041667 0.020313
0 0.882639 0.381641 0.034722 0.024219
0 0.919444 0.401172 0.027778 0.016406
0 0.867361 0.413281 0.026389 0.020313
0 0.861806 0.432812 0.034722 0.017188
0 0.813889 0.452734 0.019444 0.013281
0 0.813889 0.472266 0.019444 0.013281
0 0.846528 0.580469 0.037500 0.031250
0 0.843750 0.612891 0.023611 0.013281
0 0.815278 0.626953 0.016667 0.019531
0 0.832639 0.501953 0.048611 0.024219
0 0.943750 0.521094 0.034722 0.018750
0 0.616667 0.610938 0.033333 0.017188
0 0.711111 0.623828 0.036111 0.014844
0 0.843056 0.685156 0.038889 0.021875
0 0.796528 0.685937 0.045833 0.026562
0 0.690278 0.249609 0.027778 0.014844
0 0.670139 0.237500 0.029167 0.017188
0 0.746528 0.247266 0.018056 0.019531
0 0.746528 0.235937 0.012500 0.012500
0 0.957639 0.403125 0.051389 0.026562
0 0.972917 0.289453 0.034722 0.014844
0 0.665278 0.209766 0.025000 0.016406
0 0.690278 0.170313 0.050000 0.029687
0 0.810417 0.156641 0.018056 0.013281
0 0.788194 0.053516 0.040278 0.032031
0 0.804861 0.400781 0.015278 0.017188
0 0.636111 0.308984 0.016667 0.021094
0 0.561806 0.356250 0.015278 0.025000
0 0.583333 0.654297 0.025000 0.011719
0 0.861111 0.496094 0.022222 0.021875