0 0.505556 0.208203 0.047222 0.028906
0 0.294444 0.363672 0.030556 0.021094
0 0.330556 0.367578 0.036111 0.013281
0 0.319444 0.437891 0.041667 0.024219
0 0.329861 0.469922 0.040278 0.021094
0 0.174306 0.455078 0.023611 0.011719
0 0.272222 0.552734 0.027778 0.022656
0 0.077778 0.549219 0.038889 0.015625
0 0.106250 0.535547 0.029167 0.014844
0 0.308333 0.611719 0.033333 0.020313
0 0.264583 0.625781 0.054167 0.029687
0 0.286806 0.664844 0.043056 0.023438
0 0.504167 0.460938 0.044444 0.021875
0 0.708333 0.435937 0.041667 0.026562
0 0.654167 0.400781 0.030556 0.017188
0 0.900694 0.564453 0.020833 0.008594
0 0.796528 0.671484 0.031944 0.017969
0 0.235417 0.454688 0.031944 0.021875
0 0.545833 0.441016 0.025000 0.016406
0 0.607639 0.405078 0.023611 0.021094
0 0.634722 0.414844 0.038889 0.014063
0 0.113194 0.512109 0.023611 0.027344
0 0.312500 0.554688 0.055556 0.020313
0 0.497917 0.743750 0.048611 0.015625
0 0.627778 0.685937 0.013889 0.017188
0 0.672222 0.623047 0.016667 0.011719
0 0.865972 0.637891 0.037500 0.016406
0 0.887500 0.669922 0.041667 0.025781
0 0.929861 0.664062 0.034722 0.014063
0 0.935417 0.684766 0.029167 0.021094