0 0.213889 0.199609 0.050000 0.030469
0 0.379167 0.183203 0.016667 0.016406
0 0.407639 0.182031 0.026389 0.026562
0 0.193056 0.273828 0.055556 0.035156
0 0.411111 0.222266 0.050000 0.024219
0 0.972222 0.166406 0.044444 0.023438
0 0.931250 0.209766 0.048611 0.028906
0 0.143056 0.296484 0.047222 0.022656
0 0.839583 0.263672 0.037500 0.032031
0 0.867361 0.369922 0.056944 0.032031
0 0.936806 0.337500 0.062500 0.029687
0 0.552083 0.528906 0.062500 0.032813
0 0.817361 0.417578 0.045833 0.022656
0 0.825000 0.435547 0.044444 0.022656
0 0.868056 0.423047 0.058333 0.027344
0 0.865972 0.399219 0.059722 0.028125
0 0.930556 0.405469 0.025000 0.026562
0 0.959028 0.441016 0.048611 0.021094
0 0.874306 0.441797 0.065278 0.017969
0 0.235417 0.530078 0.037500 0.017969
0 0.834722 0.610547 0.058333 0.033594
0 0.920833 0.584766 0.044444 0.027344
0 0.961111 0.596094 0.052778 0.025000
0 0.838889 0.519922 0.041667 0.036719
0 0.904861 0.528125 0.043056 0.031250
0 0.936111 0.530469 0.038889 0.026562
0 0.982639 0.516797 0.031944 0.025781
0 0.886806 0.558203 0.018056 0.021094
0 0.972917 0.719531 0.051389 0.039062
0 0.953472 0.858594 0.056944 0.023438
0 0.838889 0.364063 0.025000 0.020313
0 0.695833 0.718750 0.027778 0.020313
0 0.725694 0.742578 0.051389 0.028906
0 0.756250 0.821875 0.018056 0.020313
0 0.183333 0.855469 0.019444 0.018750
0 0.959722 0.903906 0.025000 0.026562
0 0.826389 0.957422 0.041667 0.028906
0 0.697222 0.979688 0.052778 0.034375