0 0.781250 0.422656 0.037500 0.021875
0 0.544444 0.359375 0.036111 0.020313
0 0.643750 0.381250 0.031944 0.017188
0 0.193750 0.508594 0.034722 0.020313
0 0.377778 0.596484 0.041667 0.022656
0 0.333333 0.604297 0.030556 0.024219
0 0.453472 0.441016 0.026389 0.019531
0 0.495833 0.457031 0.027778 0.015625
0 0.292361 0.423828 0.026389 0.017969
0 0.208333 0.456250 0.033333 0.015625
0 0.140972 0.456250 0.037500 0.014063
0 0.339583 0.382031 0.023611 0.014063
0 0.346528 0.399219 0.020833 0.014063
0 0.065278 0.264844 0.033333 0.018750
0 0.064583 0.232813 0.023611 0.012500
0 0.872222 0.610156 0.036111 0.023438
0 0.939583 0.619531 0.023611 0.026562
0 0.866667 0.475000 0.030556 0.010937
0 0.936111 0.473438 0.025000 0.010937
0 0.903472 0.402734 0.026389 0.014844
0 0.934722 0.406641 0.027778 0.011719
0 0.987500 0.380859 0.022222 0.014844
0 0.136111 0.330859 0.030556 0.013281
0 0.185417 0.490625 0.018056 0.017188
0 0.118056 0.402734 0.022222 0.016406
0 0.347917 0.253125 0.026389 0.018750
0 0.068750 0.292969 0.012500 0.009375
0 0.354167 0.337891 0.025000 0.011719
0 0.300694 0.398438 0.026389 0.010937
0 0.214583 0.434766 0.020833 0.014844
0 0.473611 0.448828 0.019444 0.014844
0 0.605556 0.405469 0.038889 0.015625
0 0.876389 0.372656 0.022222 0.023438
0 0.900000 0.285547 0.047222 0.021094
0 0.381944 0.558594 0.041667 0.023438