0 0.474306 0.155469 0.040278 0.026562
0 0.497222 0.141016 0.033333 0.022656
0 0.640972 0.284766 0.040278 0.022656
0 0.655556 0.298828 0.041667 0.021094
0 0.646528 0.351562 0.034722 0.010937
0 0.600000 0.427344 0.019444 0.007812
0 0.677083 0.456641 0.029167 0.013281
0 0.788194 0.468359 0.043056 0.028906
0 0.710417 0.503125 0.034722 0.028125
0 0.718056 0.553125 0.052778 0.025000
0 0.644444 0.519922 0.041667 0.024219
0 0.615278 0.533984 0.044444 0.024219
0 0.531250 0.518359 0.056944 0.027344
0 0.503472 0.524219 0.034722 0.025000
0 0.372222 0.546484 0.047222 0.028906
0 0.493750 0.628516 0.048611 0.025781
0 0.629167 0.640234 0.044444 0.022656
0 0.352083 0.616016 0.054167 0.030469
0 0.368750 0.585938 0.023611 0.012500
0 0.056250 0.495703 0.040278 0.024219
0 0.234028 0.450781 0.031944 0.018750
0 0.259028 0.466797 0.023611 0.014844
0 0.322917 0.525391 0.029167 0.019531