0 0.547222 0.167578 0.036111 0.024219
0 0.025000 0.206641 0.038889 0.027344
0 0.040278 0.291016 0.030556 0.016406
0 0.084722 0.384766 0.036111 0.022656
0 0.039583 0.387109 0.034722 0.016406
0 0.106250 0.416406 0.034722 0.018750
0 0.041667 0.410156 0.027778 0.017188
0 0.585417 0.426563 0.026389 0.015625
0 0.013194 0.460156 0.023611 0.017188
0 0.105556 0.516797 0.022222 0.019531
0 0.530556 0.533203 0.033333 0.011719
0 0.150000 0.576562 0.038889 0.021875
0 0.165972 0.590234 0.023611 0.014844
0 0.320139 0.580469 0.026389 0.015625
0 0.536111 0.626953 0.055556 0.032031
0 0.187500 0.626563 0.019444 0.010937
0 0.465972 0.760156 0.037500 0.028125
0 0.163194 0.805859 0.023611 0.017969
0 0.455556 0.834766 0.036111 0.035156
0 0.775000 0.806641 0.019444 0.013281
0 0.805556 0.802344 0.050000 0.020313
0 0.931250 0.761328 0.043056 0.022656
0 0.660417 0.908984 0.048611 0.021094
0 0.368056 0.900781 0.066667 0.034375
0 0.009722 0.382422 0.016667 0.019531
0 0.326389 0.631641 0.041667 0.022656
0 0.623611 0.770312 0.025000 0.012500
0 0.597222 0.902734 0.036111 0.017969
0 0.545833 0.183984 0.047222 0.021094