0 0.021528 0.086328 0.040278 0.022656
0 0.059028 0.087500 0.034722 0.021875
0 0.067361 0.105859 0.034722 0.013281
0 0.105556 0.113672 0.022222 0.016406
0 0.055556 0.132422 0.033333 0.021094
0 0.092361 0.141797 0.037500 0.019531
0 0.113889 0.137891 0.022222 0.014844
0 0.073611 0.153125 0.036111 0.015625
0 0.079861 0.166406 0.026389 0.010937
0 0.154167 0.156641 0.036111 0.016406
0 0.131944 0.173437 0.013889 0.014063
0 0.103472 0.214453 0.034722 0.011719
0 0.093056 0.257031 0.047222 0.023438
0 0.078472 0.317578 0.031944 0.022656
0 0.022222 0.351562 0.041667 0.026562
0 0.050000 0.373047 0.041667 0.024219
0 0.227083 0.105078 0.034722 0.022656
0 0.279861 0.130469 0.029167 0.015625
0 0.250694 0.161328 0.029167 0.016406
0 0.235417 0.190234 0.031944 0.017969
0 0.279861 0.207422 0.023611 0.014844
0 0.218750 0.251172 0.048611 0.017969
0 0.202778 0.277734 0.044444 0.024219
0 0.152083 0.311328 0.031944 0.022656
0 0.106250 0.295312 0.020833 0.010937
0 0.116667 0.388281 0.041667 0.023438
0 0.016667 0.491797 0.011111 0.008594
0 0.112500 0.487500 0.033333 0.023438
0 0.097917 0.539062 0.023611 0.012500
0 0.083333 0.593750 0.027778 0.020313
0 0.014583 0.712109 0.026389 0.022656
0 0.188194 0.715234 0.070833 0.036719
0 0.202083 0.585547 0.059722 0.033594
0 0.325694 0.580469 0.029167 0.020313
0 0.407639 0.588281 0.051389 0.026562
0 0.517361 0.655078 0.031944 0.014844
0 0.556250 0.681250 0.026389 0.017188
0 0.320833 0.150391 0.038889 0.025781
0 0.377778 0.098437 0.050000 0.025000
0 0.343056 0.105859 0.022222 0.021094
0 0.395833 0.135547 0.044444 0.028906
0 0.363889 0.133594 0.022222 0.023438
0 0.331250 0.238672 0.031944 0.016406
0 0.261806 0.244531 0.009722 0.012500
0 0.294444 0.264062 0.030556 0.014063
0 0.390278 0.205469 0.013889 0.012500
0 0.364583 0.207813 0.023611 0.018750
0 0.440972 0.241797 0.031944 0.021094
0 0.300000 0.424609 0.038889 0.022656
0 0.259722 0.453125 0.033333 0.018750
0 0.283333 0.502344 0.016667 0.017188
0 0.633333 0.652344 0.016667 0.015625
0 0.657639 0.654687 0.029167 0.014063
0 0.653472 0.593750 0.034722 0.017188
0 0.806250 0.682422 0.034722 0.014844
0 0.801389 0.664062 0.036111 0.015625
0 0.433333 0.093750 0.030556 0.018750
0 0.492361 0.131641 0.037500 0.024219
0 0.505556 0.114453 0.022222 0.017969
0 0.504167 0.143750 0.027778 0.020313
0 0.520139 0.164453 0.040278 0.025781
0 0.552778 0.237500 0.044444 0.029687
0 0.571528 0.293359 0.051389 0.028906
0 0.518056 0.339844 0.044444 0.012500
0 0.488889 0.380859 0.033333 0.021094
0 0.457639 0.385547 0.034722 0.021094
0 0.438889 0.420312 0.044444 0.029687
0 0.523611 0.429297 0.036111 0.021094
0 0.665278 0.357422 0.050000 0.027344
0 0.695139 0.373828 0.034722 0.013281
0 0.724306 0.409766 0.031944 0.013281
0 0.746528 0.452734 0.026389 0.014844
0 0.795139 0.637891 0.031944 0.019531
0 0.874306 0.628906 0.054167 0.026562
0 0.982639 0.623828 0.031944 0.030469
0 0.979861 0.677344 0.023611 0.014063
0 0.936806 0.554297 0.023611 0.014844
0 0.775000 0.555078 0.033333 0.024219
0 0.813194 0.563281 0.054167 0.023438
0 0.983333 0.164844 0.030556 0.025000
0 0.987500 0.202344 0.019444 0.018750
0 0.873611 0.185938 0.041667 0.021875
0 0.753472 0.213672 0.023611 0.019531
0 0.936111 0.255078 0.027778 0.013281
0 0.868056 0.262500 0.038889 0.017188
0 0.697917 0.253516 0.037500 0.022656
0 0.732639 0.257031 0.029167 0.021875
0 0.759028 0.266797 0.029167 0.014844
0 0.725000 0.278125 0.030556 0.012500
0 0.668750 0.282813 0.026389 0.007812
0 0.794444 0.337500 0.033333 0.017188
0 0.813889 0.427344 0.025000 0.009375
0 0.831250 0.434375 0.020833 0.014063
0 0.829167 0.455469 0.030556 0.014063
0 0.888889 0.443750 0.027778 0.014063
0 0.862500 0.451562 0.030556 0.020313
0 0.984028 0.424609 0.026389 0.014844
0 0.906944 0.472266 0.033333 0.010156
0 0.790278 0.612891 0.027778 0.024219
0 0.822222 0.599609 0.025000 0.011719
0 0.331250 0.128906 0.031944 0.023438
0 0.226389 0.228125 0.025000 0.010937
0 0.898611 0.216016 0.025000 0.014844
0 0.337500 0.434375 0.030556 0.021875
0 0.381944 0.441406 0.050000 0.021875
0 0.128472 0.542188 0.031944 0.025000
0 0.156250 0.594531 0.037500 0.032813
0 0.743750 0.728516 0.026389 0.017969
0 0.988194 0.517969 0.020833 0.018750
0 0.991667 0.481641 0.013889 0.013281
0 0.886806 0.407031 0.023611 0.012500
0 0.879861 0.418359 0.018056 0.010156
0 0.767361 0.394141 0.029167 0.013281
0 0.445833 0.364453 0.025000 0.014844
0 0.375000 0.308984 0.022222 0.013281
0 0.380556 0.161328 0.033333 0.024219