0 0.792361 0.571875 0.048611 0.025000
0 0.472917 0.471484 0.043056 0.022656
0 0.459722 0.488672 0.033333 0.019531
0 0.400000 0.655469 0.041667 0.023438
0 0.874306 0.359375 0.045833 0.023438
0 0.964583 0.387500 0.048611 0.026562
0 0.809722 0.403516 0.033333 0.017969
0 0.190278 0.445703 0.038889 0.021094
0 0.193750 0.471484 0.034722 0.017969
0 0.222222 0.475391 0.027778 0.014844
0 0.354167 0.306641 0.050000 0.022656
0 0.434722 0.209375 0.047222 0.028125
0 0.587500 0.216797 0.044444 0.028906
0 0.613194 0.234766 0.045833 0.028906
0 0.513194 0.254297 0.029167 0.017969
0 0.547222 0.257031 0.036111 0.025000
0 0.534028 0.277344 0.040278 0.018750
0 0.565972 0.271484 0.034722 0.021094
0 0.725000 0.111328 0.041667 0.024219
0 0.686806 0.155859 0.040278 0.024219
0 0.729861 0.156250 0.037500 0.020313
0 0.815972 0.199609 0.045833 0.022656
0 0.755556 0.232813 0.044444 0.023438
0 0.866667 0.241406 0.038889 0.025000
0 0.823611 0.257031 0.030556 0.021875
0 0.884722 0.298047 0.030556 0.017969
0 0.915972 0.351953 0.040278 0.025781
0 0.964583 0.343359 0.043056 0.030469
0 0.854861 0.289844 0.043056 0.023438
0 0.639583 0.268359 0.043056 0.024219
0 0.284722 0.310156 0.038889 0.026562
0 0.506944 0.538281 0.050000 0.023438
0 0.472917 0.368750 0.031944 0.021875
0 0.440278 0.349609 0.052778 0.022656
0 0.226389 0.416797 0.033333 0.014844
0 0.469444 0.575781 0.033333 0.015625
0 0.231250 0.383984 0.031944 0.022656
0 0.244444 0.323437 0.041667 0.017188
0 0.598611 0.252734 0.027778 0.014844
0 0.479861 0.164062 0.031944 0.021875
0 0.467361 0.186328 0.029167 0.027344
0 0.482639 0.189453 0.026389 0.022656
0 0.728472 0.208594 0.015278 0.009375
0 0.754861 0.146875 0.043056 0.020313
0 0.804861 0.076563 0.040278 0.021875
0 0.575000 0.256641 0.022222 0.014844
0 0.828472 0.295312 0.026389 0.020313
0 0.990278 0.358203 0.016667 0.016406
0 0.859722 0.341406 0.044444 0.023438
0 0.886806 0.326562 0.034722 0.009375
0 0.875000 0.390625 0.041667 0.020313
0 0.931250 0.425781 0.048611 0.015625
0 0.286806 0.295312 0.037500 0.015625
0 0.337500 0.330469 0.041667 0.018750
0 0.386806 0.329688 0.026389 0.025000
0 0.321528 0.364453 0.026389 0.019531
0 0.277083 0.370312 0.031944 0.012500
0 0.185417 0.395313 0.026389 0.014063
0 0.496528 0.363672 0.043056 0.017969
0 0.536111 0.355078 0.033333 0.014844
0 0.462500 0.437500 0.036111 0.015625
0 0.498611 0.437891 0.038889 0.021094
0 0.401389 0.494531 0.030556 0.015625
0 0.038889 0.396484 0.025000 0.011719
0 0.028472 0.412109 0.026389 0.017969
0 0.006944 0.400781 0.011111 0.014063
0 0.900000 0.520312 0.041667 0.026562
0 0.287500 0.608203 0.022222 0.022656
0 0.279861 0.564063 0.029167 0.025000
0 0.811806 0.650781 0.029167 0.006250
0 0.805556 0.677344 0.063889 0.028125
0 0.860417 0.676172 0.048611 0.032031
0 0.226389 0.460938 0.030556 0.015625
0 0.563889 0.485547 0.030556 0.011719