0 0.552778 0.253906 0.050000 0.020313
0 0.593056 0.258203 0.038889 0.025781
0 0.645139 0.263281 0.043056 0.021875
0 0.556944 0.329297 0.041667 0.022656
0 0.600000 0.343359 0.055556 0.025781
0 0.584722 0.372266 0.044444 0.017969
0 0.596528 0.406250 0.026389 0.017188
0 0.643750 0.400391 0.037500 0.024219
0 0.629167 0.545703 0.033333 0.017969
0 0.663194 0.544531 0.031944 0.017188
0 0.781250 0.576172 0.043056 0.022656
0 0.795139 0.594922 0.040278 0.022656
0 0.847917 0.616797 0.045833 0.021094
0 0.306944 0.445312 0.047222 0.031250
0 0.393750 0.482031 0.029167 0.020313
0 0.477778 0.598828 0.030556 0.013281
0 0.238194 0.472656 0.054167 0.028125
0 0.070139 0.514844 0.023611 0.017188
0 0.421528 0.578125 0.059722 0.029687
0 0.011806 0.493359 0.020833 0.024219
0 0.017361 0.511328 0.020833 0.017969
0 0.377083 0.466406 0.040278 0.014063