0 0.042361 0.058594 0.029167 0.017188
0 0.107639 0.058984 0.048611 0.022656
0 0.115278 0.075781 0.027778 0.009375
0 0.121528 0.095703 0.045833 0.028906
0 0.090278 0.093359 0.013889 0.019531
0 0.076389 0.106250 0.036111 0.020313
0 0.102778 0.124609 0.025000 0.016406
0 0.038194 0.143359 0.031944 0.014844
0 0.076389 0.159766 0.027778 0.013281
0 0.019444 0.180469 0.033333 0.012500
0 0.052778 0.197266 0.022222 0.016406
0 0.115278 0.192969 0.033333 0.015625
0 0.090278 0.217188 0.030556 0.014063
0 0.263889 0.201563 0.047222 0.029687
0 0.177778 0.061719 0.030556 0.020313
0 0.195833 0.075391 0.025000 0.016406
0 0.195139 0.130078 0.043056 0.021094
0 0.240972 0.095312 0.037500 0.028125
0 0.263194 0.107031 0.034722 0.020313
0 0.279167 0.126953 0.041667 0.027344
0 0.261806 0.081641 0.029167 0.024219
0 0.095833 0.371875 0.052778 0.031250
0 0.124306 0.344531 0.048611 0.029687
0 0.157639 0.338281 0.023611 0.017188
0 0.079861 0.393359 0.037500 0.013281
0 0.200000 0.399219 0.038889 0.023438
0 0.230556 0.387109 0.038889 0.022656
0 0.006944 0.523438 0.013889 0.017188
0 0.079167 0.534766 0.052778 0.022656
0 0.294444 0.605469 0.027778 0.015625
0 0.332639 0.635156 0.029167 0.017188
0 0.431944 0.612109 0.025000 0.011719
0 0.497222 0.683984 0.016667 0.013281
0 0.222222 0.305859 0.047222 0.027344
0 0.310417 0.360547 0.043056 0.013281
0 0.281250 0.258203 0.045833 0.025781
0 0.385417 0.322656 0.048611 0.026562
0 0.418056 0.337891 0.027778 0.013281
0 0.432639 0.364063 0.023611 0.015625
0 0.478472 0.593359 0.040278 0.019531
0 0.475000 0.568750 0.030556 0.020313
0 0.471528 0.515234 0.020833 0.016406
0 0.497222 0.522656 0.052778 0.023438
0 0.547222 0.587109 0.050000 0.027344
0 0.508333 0.608594 0.030556 0.012500
0 0.554167 0.624219 0.038889 0.012500
0 0.561111 0.640625 0.038889 0.015625
0 0.647917 0.583594 0.051389 0.026562
0 0.736806 0.556641 0.048611 0.027344
0 0.719444 0.596875 0.019444 0.012500
0 0.735417 0.643359 0.020833 0.013281
0 0.385417 0.219141 0.020833 0.014844
0 0.418750 0.230078 0.031944 0.019531
0 0.437500 0.255469 0.030556 0.015625
0 0.440278 0.273047 0.022222 0.008594
0 0.469444 0.224219 0.033333 0.021875
0 0.497917 0.251563 0.031944 0.020313
0 0.505556 0.225781 0.027778 0.020313
0 0.532639 0.239844 0.020833 0.015625
0 0.527778 0.186719 0.022222 0.014063
0 0.619444 0.238281 0.033333 0.017188
0 0.645139 0.250781 0.026389 0.017188
0 0.556250 0.308203 0.029167 0.016406
0 0.510417 0.377734 0.029167 0.014844
0 0.545139 0.358203 0.018056 0.013281
0 0.580556 0.366406 0.022222 0.015625
0 0.536806 0.419531 0.023611 0.012500
0 0.820833 0.614062 0.047222 0.025000
0 0.806944 0.644141 0.055556 0.032031
0 0.845139 0.703906 0.056944 0.025000
0 0.915972 0.657031 0.020833 0.017188
0 0.879861 0.573828 0.065278 0.033594
0 0.938194 0.548438 0.040278 0.021875
0 0.759722 0.485938 0.041667 0.018750
0 0.825000 0.493750 0.044444 0.021875
0 0.899306 0.489063 0.026389 0.012500
0 0.986806 0.466797 0.023611 0.027344
0 0.991667 0.492969 0.011111 0.021875
0 0.635417 0.162500 0.043056 0.018750
0 0.663194 0.189453 0.020833 0.019531
0 0.727083 0.233203 0.031944 0.014844
0 0.729167 0.145703 0.041667 0.025781
0 0.745139 0.183203 0.020833 0.024219
0 0.775694 0.204297 0.031944 0.021094
0 0.803472 0.239063 0.031944 0.018750
0 0.802083 0.214062 0.026389 0.015625
0 0.840278 0.185547 0.041667 0.025781
0 0.827083 0.202344 0.031944 0.017188
0 0.845833 0.221484 0.036111 0.016406
0 0.863889 0.194922 0.027778 0.017969
0 0.903472 0.211328 0.031944 0.019531
0 0.926389 0.187500 0.036111 0.018750
0 0.974306 0.164453 0.031944 0.024219
0 0.991667 0.178906 0.011111 0.020313
0 0.913194 0.307812 0.020833 0.012500
0 0.934028 0.319922 0.020833 0.010156
0 0.951389 0.350391 0.027778 0.008594
0 0.994444 0.282422 0.008333 0.016406
0 0.638194 0.397266 0.018056 0.014844
0 0.654167 0.408203 0.019444 0.011719
0 0.649306 0.424609 0.026389 0.014844
0 0.681250 0.425000 0.029167 0.018750
0 0.709028 0.416406 0.023611 0.014063
0 0.637500 0.464062 0.025000 0.010937
0 0.719444 0.443359 0.025000 0.013281
0 0.889583 0.421875 0.023611 0.015625
0 0.791667 0.437891 0.022222 0.011719
0 0.731944 0.393359 0.025000 0.013281
0 0.735417 0.382031 0.026389 0.010937
0 0.901389 0.353516 0.033333 0.014844
0 0.968750 0.185547 0.034722 0.016406
0 0.774306 0.596875 0.020833 0.010937
0 0.518056 0.558984 0.027778 0.016406