0 0.534028 0.021875 0.043056 0.029687
0 0.013889 0.073047 0.027778 0.024219
0 0.031944 0.160938 0.030556 0.015625
0 0.079167 0.263281 0.036111 0.021875
0 0.032639 0.266406 0.031944 0.015625
0 0.104167 0.292969 0.036111 0.018750
0 0.040972 0.289844 0.029167 0.015625
0 0.015972 0.336328 0.026389 0.017969
0 0.576389 0.303906 0.041667 0.026562
0 0.525000 0.409375 0.030556 0.014063
0 0.113194 0.396484 0.023611 0.017969
0 0.156944 0.451172 0.036111 0.016406
0 0.181250 0.469531 0.034722 0.015625
0 0.131944 0.510547 0.025000 0.011719
0 0.531250 0.499219 0.040278 0.029687
0 0.320833 0.454688 0.027778 0.010937
0 0.461111 0.625781 0.027778 0.023438
0 0.788889 0.659766 0.041667 0.017969
0 0.454167 0.688281 0.038889 0.029687
0 0.190278 0.669141 0.019444 0.013281
0 0.377778 0.751953 0.058333 0.028906
0 0.645833 0.759375 0.052778 0.021875
0 0.527778 0.040625 0.047222 0.017188
0 0.333333 0.507812 0.030556 0.020313
0 0.399306 0.493359 0.031944 0.014844
0 0.897222 0.625000 0.036111 0.017188
0 0.618750 0.632422 0.031944 0.019531