0 0.752778 0.757422 0.050000 0.041406
0 0.791667 0.804688 0.041667 0.020313
0 0.693750 0.614844 0.059722 0.034375
0 0.450694 0.705859 0.040278 0.016406
0 0.409722 0.701562 0.038889 0.023438
0 0.344444 0.645312 0.013889 0.012500
0 0.540972 0.696875 0.034722 0.023438
0 0.225000 0.487109 0.038889 0.021094
0 0.244444 0.591797 0.033333 0.014844
0 0.149306 0.746484 0.059722 0.030469
0 0.859722 0.716406 0.091667 0.034375
0 0.744444 0.496484 0.044444 0.021094
0 0.454167 0.591797 0.038889 0.025781
0 0.558333 0.815234 0.044444 0.019531
0 0.756250 0.187109 0.054167 0.033594
0 0.788194 0.195312 0.054167 0.032813
0 0.581944 0.183203 0.055556 0.033594
0 0.561806 0.193750 0.040278 0.018750
0 0.702778 0.300781 0.055556 0.040625
0 0.569444 0.303516 0.041667 0.027344
0 0.536806 0.255078 0.051389 0.027344
0 0.643750 0.335938 0.051389 0.021875
0 0.553472 0.396875 0.062500 0.026562
0 0.536806 0.422266 0.045833 0.028906
0 0.445139 0.429688 0.020833 0.015625
0 0.886111 0.561328 0.044444 0.024219
0 0.861111 0.508594 0.052778 0.021875
0 0.906944 0.503125 0.044444 0.018750
0 0.826389 0.412109 0.050000 0.017969
0 0.815972 0.446484 0.040278 0.017969
0 0.715972 0.441406 0.045833 0.028125
0 0.654167 0.367969 0.036111 0.012500
0 0.617361 0.787500 0.043056 0.025000
0 0.545833 0.583984 0.038889 0.021094
0 0.018750 0.448437 0.037500 0.012500
0 0.572917 0.240625 0.026389 0.018750
0 0.692361 0.544141 0.020833 0.013281
0 0.916667 0.531250 0.027778 0.010937
0 0.953472 0.558984 0.026389 0.016406
0 0.234722 0.514453 0.033333 0.016406
0 0.023611 0.512109 0.047222 0.025781
0 0.200694 0.562500 0.026389 0.015625
0 0.209028 0.794531 0.051389 0.031250
0 0.363194 0.790625 0.031944 0.025000
0 0.598611 0.246875 0.025000 0.025000
0 0.131250 0.290625 0.051389 0.028125
0 0.164583 0.305469 0.023611 0.023438