0 0.377778 0.096094 0.066667 0.045312
0 0.154167 0.263281 0.061111 0.025000
0 0.158333 0.290625 0.052778 0.031250
0 0.183333 0.373828 0.061111 0.033594
0 0.236806 0.440234 0.059722 0.028906
0 0.604167 0.464453 0.055556 0.035156
0 0.650694 0.477344 0.062500 0.034375
0 0.692361 0.514453 0.051389 0.024219
0 0.948611 0.539844 0.063889 0.034375
0 0.333333 0.654297 0.052778 0.030469
0 0.242361 0.569141 0.054167 0.028906
0 0.304861 0.538281 0.054167 0.021875
0 0.206250 0.503125 0.076389 0.039062
0 0.246528 0.485156 0.048611 0.034375
0 0.295139 0.479687 0.054167 0.028125
0 0.183333 0.464062 0.055556 0.031250
0 0.122222 0.289453 0.027778 0.016406
0 0.607639 0.547266 0.054167 0.027344
0 0.637500 0.582812 0.088889 0.042188