0 0.525000 0.539062 0.036111 0.032813
0 0.590278 0.534766 0.050000 0.021094
0 0.622917 0.551172 0.051389 0.033594
0 0.670139 0.561719 0.045833 0.032813
0 0.627083 0.594141 0.043056 0.019531
0 0.414583 0.753125 0.043056 0.026562
0 0.695833 0.817969 0.055556 0.023438
0 0.797222 0.880859 0.055556 0.035156
0 0.806944 0.770703 0.038889 0.025781
0 0.734028 0.705469 0.034722 0.021875
0 0.632639 0.694141 0.034722 0.022656
0 0.631250 0.716797 0.034722 0.024219
0 0.551389 0.697266 0.041667 0.027344
0 0.586111 0.742188 0.027778 0.021875
0 0.515972 0.680859 0.040278 0.025781
0 0.192361 0.679297 0.026389 0.021094
0 0.302083 0.671094 0.026389 0.012500
0 0.478472 0.684766 0.045833 0.025781
0 0.856250 0.876172 0.040278 0.021094
0 0.082639 0.755078 0.045833 0.027344
0 0.052778 0.718750 0.047222 0.025000
0 0.038889 0.758594 0.041667 0.028125
0 0.056944 0.682031 0.025000 0.020313
0 0.088194 0.509375 0.034722 0.021875
0 0.061111 0.494922 0.055556 0.025781
0 0.020139 0.471875 0.031944 0.021875
0 0.011111 0.516406 0.019444 0.018750
0 0.162500 0.530078 0.038889 0.017969
0 0.011111 0.540234 0.019444 0.019531
0 0.013194 0.560156 0.020833 0.020313