0 0.556250 0.149609 0.043056 0.024219
0 0.687500 0.128906 0.038889 0.028125
0 0.610417 0.098828 0.045833 0.025781
0 0.638889 0.089453 0.025000 0.016406
0 0.595139 0.016016 0.037500 0.022656
0 0.659028 0.128516 0.020833 0.022656
0 0.745833 0.106250 0.058333 0.035937
0 0.690278 0.061719 0.036111 0.017188
0 0.513889 0.187109 0.019444 0.016406
0 0.186806 0.274609 0.026389 0.017969
0 0.170833 0.287109 0.033333 0.017969
0 0.524306 0.223828 0.037500 0.019531
0 0.522917 0.240625 0.037500 0.012500
0 0.659722 0.224609 0.033333 0.025781
0 0.598611 0.250781 0.050000 0.028125
0 0.159722 0.326562 0.019444 0.021875
0 0.577083 0.302734 0.034722 0.017969
0 0.600000 0.316797 0.055556 0.025781
0 0.735417 0.208203 0.040278 0.024219
0 0.837500 0.211719 0.044444 0.025000
0 0.652083 0.342578 0.029167 0.019531
0 0.281250 0.397266 0.048611 0.025781
0 0.298611 0.366406 0.036111 0.007812
0 0.518750 0.413281 0.048611 0.026562
0 0.547917 0.383984 0.051389 0.035156
0 0.539583 0.352344 0.043056 0.026562
0 0.820833 0.303906 0.044444 0.025000
0 0.852778 0.312109 0.036111 0.025781
0 0.945833 0.241406 0.038889 0.025000
0 0.869444 0.324219 0.036111 0.014063
0 0.247222 0.490625 0.058333 0.029687
0 0.544444 0.462500 0.027778 0.010937
0 0.944444 0.362891 0.058333 0.028906
0 0.815278 0.400000 0.036111 0.018750
0 0.970833 0.464062 0.050000 0.025000
0 0.450000 0.626563 0.041667 0.018750
0 0.841667 0.622266 0.044444 0.011719
0 0.650000 0.614844 0.036111 0.018750
0 0.874306 0.671875 0.043056 0.018750
0 0.868750 0.687891 0.040278 0.014844
0 0.911111 0.830469 0.038889 0.026562
0 0.176389 0.554688 0.033333 0.014063
0 0.726389 0.038672 0.025000 0.010156
0 0.184722 0.397266 0.022222 0.014844
0 0.488194 0.409375 0.040278 0.014063
0 0.441667 0.463672 0.019444 0.013281
0 0.331944 0.535156 0.027778 0.007812
0 0.693750 0.118359 0.029167 0.021094
0 0.811111 0.092969 0.022222 0.015625
0 0.022917 0.267578 0.043056 0.025781
0 0.991667 0.322266 0.013889 0.016406
0 0.990278 0.503125 0.016667 0.021875
0 0.979861 0.524219 0.034722 0.015625
0 0.424306 0.644922 0.037500 0.024219
0 0.800694 0.653906 0.018056 0.015625