0 0.065278 0.137500 0.038889 0.023438
0 0.089583 0.176953 0.031944 0.019531
0 0.059722 0.191016 0.033333 0.017969
0 0.060417 0.166797 0.026389 0.027344
0 0.113889 0.287109 0.041667 0.025781
0 0.022917 0.256250 0.045833 0.025000
0 0.056944 0.404297 0.033333 0.022656
0 0.086111 0.450781 0.041667 0.025000
0 0.297917 0.670703 0.034722 0.024219
0 0.339583 0.678516 0.043056 0.025781
0 0.277083 0.431250 0.043056 0.012500
0 0.751389 0.014453 0.027778 0.019531
0 0.729861 0.009375 0.029167 0.018750
0 0.726389 0.025391 0.041667 0.022656
0 0.812500 0.010547 0.019444 0.021094
0 0.832639 0.032031 0.040278 0.017188
0 0.768056 0.051172 0.038889 0.025781
0 0.809028 0.086719 0.043056 0.026562
0 0.734028 0.101172 0.031944 0.025781
0 0.757639 0.110156 0.040278 0.025000
0 0.761806 0.123047 0.037500 0.016406
0 0.862500 0.106250 0.044444 0.023438
0 0.834028 0.118750 0.029167 0.023438
0 0.838194 0.145313 0.040278 0.025000
0 0.791667 0.145313 0.027778 0.025000
0 0.781944 0.161719 0.025000 0.021875
0 0.738194 0.167578 0.040278 0.025781
0 0.705556 0.150781 0.019444 0.018750
0 0.763194 0.193359 0.020833 0.021094
0 0.647222 0.201172 0.036111 0.025781
0 0.563889 0.242578 0.047222 0.028906
0 0.852778 0.216797 0.036111 0.024219
0 0.876389 0.221484 0.027778 0.019531
0 0.790278 0.248438 0.011111 0.017188
0 0.703472 0.239844 0.029167 0.015625
0 0.628472 0.354297 0.045833 0.022656
0 0.556944 0.357812 0.030556 0.021875
0 0.681250 0.314063 0.020833 0.015625
0 0.637500 0.459766 0.044444 0.025781
0 0.667361 0.458203 0.020833 0.016406
0 0.702083 0.409375 0.026389 0.015625
0 0.843750 0.401172 0.018056 0.014844
0 0.773611 0.470703 0.041667 0.027344
0 0.900000 0.344531 0.041667 0.025000
0 0.729167 0.249609 0.027778 0.014844
0 0.881944 0.502734 0.050000 0.022656
0 0.898611 0.365234 0.052778 0.022656
0 0.977083 0.384375 0.043056 0.029687
0 0.960417 0.374219 0.040278 0.023438
0 0.927083 0.382031 0.031944 0.025000
0 0.961111 0.398828 0.025000 0.021094
0 0.913194 0.414453 0.023611 0.022656
0 0.905556 0.433594 0.030556 0.014063
0 0.854167 0.452344 0.019444 0.014063
0 0.859722 0.473438 0.027778 0.017188
0 0.898611 0.582812 0.044444 0.031250
0 0.900000 0.614453 0.030556 0.013281
0 0.870139 0.628906 0.023611 0.020313
0 0.847222 0.687109 0.038889 0.027344
0 0.890278 0.683203 0.044444 0.025781
0 0.653472 0.612891 0.034722 0.021094
0 0.681250 0.608984 0.031944 0.019531
0 0.016667 0.398047 0.033333 0.016406
0 0.707639 0.210547 0.023611 0.014844
0 0.718750 0.170703 0.034722 0.021094
0 0.817361 0.055469 0.056944 0.032813
0 0.781250 0.063672 0.048611 0.025781
0 0.828472 0.467578 0.048611 0.024219
0 0.984028 0.521875 0.029167 0.017188
0 0.752778 0.625000 0.047222 0.018750
0 0.702083 0.566016 0.037500 0.014844
0 0.628472 0.654687 0.029167 0.015625