0 0.213194 0.231250 0.037500 0.023438
0 0.018056 0.389844 0.030556 0.018750
0 0.053472 0.393359 0.029167 0.016406
0 0.051389 0.462500 0.044444 0.025000
0 0.063194 0.492578 0.034722 0.016406
0 0.037500 0.578516 0.027778 0.010156
0 0.009722 0.653516 0.016667 0.025781
0 0.022917 0.690625 0.045833 0.025000
0 0.517361 0.615234 0.034722 0.008594
0 0.250000 0.479687 0.033333 0.018750
0 0.278472 0.462109 0.015278 0.008594
0 0.390278 0.416797 0.027778 0.016406
0 0.428472 0.451953 0.037500 0.027344
0 0.338889 0.422266 0.025000 0.019531
0 0.369444 0.433203 0.019444 0.016406
0 0.926389 0.328906 0.027778 0.015625
0 0.879167 0.340234 0.022222 0.014844
0 0.906944 0.345313 0.030556 0.015625
0 0.994444 0.546094 0.008333 0.009375
0 0.954861 0.566406 0.023611 0.009375
0 0.943056 0.581250 0.022222 0.017188
0 0.832639 0.554688 0.006944 0.007812
0 0.813194 0.607422 0.018056 0.017969
0 0.855556 0.660547 0.025000 0.019531
0 0.848611 0.314063 0.025000 0.014063
0 0.853472 0.323828 0.023611 0.008594
0 0.958333 0.478516 0.013889 0.014844
0 0.977778 0.521094 0.027778 0.014063
0 0.993056 0.523438 0.011111 0.015625
0 0.990278 0.489844 0.016667 0.017188
0 0.029861 0.637500 0.031944 0.017188
0 0.007639 0.577734 0.012500 0.022656
0 0.352083 0.701172 0.018056 0.021094
0 0.247917 0.641016 0.034722 0.017969
0 0.410417 0.632422 0.018056 0.024219
0 0.539583 0.640625 0.026389 0.018750
0 0.513889 0.673828 0.016667 0.011719
0 0.596528 0.644531 0.031944 0.012500
0 0.876389 0.632812 0.016667 0.020313
0 0.700000 0.558594 0.025000 0.015625