0 0.956944 0.784375 0.044444 0.026562
0 0.318056 0.750000 0.027778 0.021875
0 0.277778 0.750391 0.044444 0.024219
0 0.227083 0.742188 0.048611 0.029687
0 0.197222 0.723437 0.041667 0.014063
0 0.170833 0.717578 0.013889 0.019531
0 0.334028 0.680078 0.040278 0.019531
0 0.571528 0.621875 0.012500 0.012500
0 0.655556 0.579297 0.027778 0.016406
0 0.246528 0.584375 0.037500 0.025000
0 0.284722 0.589844 0.038889 0.020313
0 0.563889 0.567969 0.038889 0.023438
0 0.624306 0.546484 0.040278 0.017969
0 0.568750 0.541797 0.048611 0.030469
0 0.389583 0.484375 0.040278 0.020313
0 0.425000 0.463672 0.041667 0.024219
0 0.372917 0.458594 0.023611 0.006250
0 0.540972 0.435156 0.040278 0.017188
0 0.618056 0.442188 0.038889 0.026562
0 0.238889 0.428906 0.027778 0.017188
0 0.652083 0.419531 0.034722 0.025000
0 0.604167 0.405469 0.027778 0.017188
0 0.656250 0.398047 0.023611 0.014844
0 0.573611 0.371484 0.033333 0.019531
0 0.608333 0.373828 0.033333 0.021094
0 0.591667 0.351953 0.038889 0.017969
0 0.350000 0.339844 0.027778 0.010937
0 0.376389 0.363672 0.025000 0.016406
0 0.428472 0.354297 0.031944 0.021094
0 0.462500 0.340234 0.047222 0.022656
0 0.457639 0.316797 0.037500 0.011719
0 0.429167 0.293359 0.050000 0.028906
0 0.425694 0.267969 0.040278 0.018750
0 0.459028 0.251172 0.051389 0.022656
0 0.465972 0.272266 0.037500 0.019531
0 0.670833 0.295312 0.030556 0.025000
0 0.588889 0.251563 0.036111 0.020313
0 0.500000 0.147656 0.047222 0.029687
0 0.463194 0.088672 0.048611 0.019531
0 0.339583 0.525391 0.034722 0.010156
0 0.618750 0.489844 0.020833 0.015625
0 0.608333 0.506250 0.025000 0.020313
0 0.571528 0.517188 0.020833 0.017188
0 0.618056 0.561719 0.019444 0.014063
0 0.628472 0.694141 0.018056 0.021094
0 0.750000 0.635547 0.027778 0.010156
0 0.765972 0.696094 0.006944 0.010937
0 0.735417 0.727344 0.045833 0.018750
0 0.789583 0.820703 0.018056 0.021094