0 0.040278 0.215234 0.030556 0.021094
0 0.247222 0.325391 0.033333 0.014844
0 0.169444 0.303906 0.030556 0.012500
0 0.137500 0.327734 0.022222 0.011719
0 0.203472 0.343750 0.026389 0.014063
0 0.187500 0.326562 0.025000 0.010937
0 0.138194 0.230078 0.023611 0.013281
0 0.050000 0.457813 0.038889 0.018750
0 0.236806 0.348438 0.031944 0.017188
0 0.220139 0.292187 0.023611 0.014063
0 0.120833 0.373437 0.025000 0.010937
0 0.015278 0.499609 0.022222 0.013281
0 0.452778 0.409766 0.016667 0.011719
0 0.109722 0.263672 0.022222 0.011719
0 0.468750 0.376563 0.026389 0.010937
0 0.327778 0.350781 0.019444 0.009375
0 0.060417 0.470313 0.029167 0.014063
0 0.011806 0.487500 0.023611 0.012500
0 0.029167 0.502344 0.033333 0.020313
0 0.273611 0.403125 0.022222 0.015625
0 0.368056 0.406641 0.022222 0.008594
0 0.315278 0.455078 0.027778 0.010156
0 0.496528 0.380469 0.031944 0.012500