0 0.504167 0.001953 0.025000 0.003906
0 0.579861 0.005469 0.045833 0.009375
0 0.525000 0.016016 0.047222 0.014844
0 0.493750 0.021484 0.031944 0.011719
0 0.516667 0.060156 0.052778 0.032813
0 0.499306 0.090625 0.054167 0.031250
0 0.470833 0.096094 0.030556 0.025000
0 0.555556 0.114062 0.038889 0.028125
0 0.565972 0.145313 0.048611 0.021875
0 0.504167 0.145703 0.019444 0.013281
0 0.477778 0.195312 0.050000 0.029687
0 0.563194 0.168750 0.051389 0.025000
0 0.595139 0.188672 0.029167 0.024219
0 0.665972 0.098047 0.043056 0.027344
0 0.693056 0.076953 0.050000 0.027344
0 0.757639 0.107813 0.045833 0.028125
0 0.815278 0.110937 0.050000 0.032813
0 0.854167 0.152734 0.058333 0.032031
0 0.656250 0.203906 0.054167 0.032813
0 0.690972 0.183984 0.059722 0.030469
0 0.808333 0.197266 0.030556 0.024219
0 0.845833 0.208594 0.033333 0.018750
0 0.435417 0.254688 0.018056 0.014063
0 0.443056 0.284375 0.030556 0.021875
0 0.472917 0.287500 0.029167 0.015625
0 0.462500 0.308594 0.047222 0.028125
0 0.487500 0.305859 0.022222 0.016406
0 0.683333 0.253516 0.036111 0.017969
0 0.168056 0.365234 0.052778 0.025781
0 0.247222 0.350781 0.041667 0.018750
0 0.604167 0.366797 0.038889 0.024219
0 0.843750 0.292578 0.034722 0.027344
0 0.868056 0.287109 0.022222 0.022656
0 0.257639 0.398828 0.023611 0.014844
0 0.334028 0.507812 0.037500 0.023438
0 0.229167 0.579297 0.047222 0.013281
0 0.438889 0.542969 0.047222 0.028125
0 0.503472 0.557422 0.043056 0.025781
0 0.488194 0.498437 0.043056 0.017188
0 0.397222 0.428516 0.025000 0.013281
0 0.531250 0.416406 0.045833 0.018750
0 0.647222 0.380078 0.033333 0.014844
0 0.709722 0.360156 0.022222 0.017188
0 0.582639 0.337109 0.023611 0.016406
0 0.623611 0.322656 0.025000 0.010937
0 0.882639 0.353125 0.040278 0.028125
0 0.863194 0.363672 0.023611 0.013281
0 0.763889 0.382031 0.038889 0.020313
0 0.715972 0.432812 0.020833 0.015625
0 0.621528 0.458594 0.048611 0.018750
0 0.409722 0.494141 0.025000 0.011719
0 0.820833 0.416797 0.030556 0.019531
0 0.911806 0.405469 0.031944 0.020313
0 0.924306 0.369531 0.043056 0.032813
0 0.158333 0.621094 0.055556 0.018750
0 0.152778 0.645703 0.041667 0.030469
0 0.044444 0.653906 0.033333 0.014063
0 0.007639 0.654297 0.015278 0.010156
0 0.329861 0.648438 0.056944 0.034375
0 0.618750 0.725391 0.040278 0.019531
0 0.640278 0.576953 0.038889 0.021094
0 0.875000 0.555078 0.033333 0.014844
0 0.890278 0.536719 0.027778 0.012500
0 0.888194 0.601172 0.031944 0.014844
0 0.090278 0.396094 0.025000 0.021875