0 0.297917 0.201172 0.043056 0.025781
0 0.093056 0.361719 0.036111 0.020313
0 0.125694 0.362891 0.029167 0.017969
0 0.124306 0.434766 0.045833 0.025781
0 0.139583 0.465625 0.045833 0.018750
0 0.116667 0.553906 0.036111 0.018750
0 0.080556 0.550391 0.033333 0.022656
0 0.106944 0.605859 0.027778 0.013281
0 0.097222 0.665234 0.047222 0.021094
0 0.351389 0.434766 0.022222 0.010156
0 0.318750 0.452734 0.034722 0.019531
0 0.395833 0.462891 0.013889 0.007031
0 0.506250 0.425000 0.034722 0.023438
0 0.463194 0.391797 0.029167 0.017969
0 0.446528 0.407813 0.026389 0.015625
0 0.413194 0.398047 0.023611 0.022656
0 0.313194 0.603906 0.009722 0.007812
0 0.584722 0.596094 0.013889 0.007812
0 0.699306 0.549609 0.006944 0.007031
0 0.722917 0.589453 0.012500 0.007031
0 0.626389 0.266016 0.013889 0.008594
0 0.626389 0.317578 0.025000 0.008594
0 0.644444 0.303906 0.013889 0.007812
0 0.763889 0.368750 0.013889 0.014063
0 0.777083 0.311328 0.009722 0.005469
0 0.775694 0.296875 0.015278 0.006250
0 0.736111 0.335156 0.008333 0.004687
0 0.727778 0.328125 0.008333 0.004687
0 0.716667 0.346484 0.011111 0.007031
0 0.031944 0.455859 0.033333 0.025781
0 0.927083 0.288672 0.029167 0.014844
0 0.930556 0.298438 0.022222 0.006250
0 0.965972 0.317578 0.029167 0.016406
0 0.990278 0.322656 0.016667 0.018750
0 0.068750 0.628516 0.059722 0.030469
0 0.423611 0.676172 0.019444 0.021094
0 0.592361 0.651953 0.026389 0.010156
0 0.665972 0.623047 0.037500 0.017969
0 0.943056 0.642578 0.038889 0.024219
0 0.898611 0.587109 0.036111 0.022656
0 0.478472 0.607422 0.020833 0.016406
0 0.970139 0.615234 0.023611 0.021094
0 0.925694 0.533203 0.020833 0.011719
0 0.856250 0.517578 0.026389 0.013281