0 0.260417 0.726562 0.059722 0.037500
0 0.218750 0.696875 0.051389 0.032813
0 0.368056 0.653516 0.052778 0.030469
0 0.253472 0.549609 0.043056 0.027344
0 0.299306 0.553125 0.043056 0.026562
0 0.232639 0.376563 0.034722 0.023438
0 0.401389 0.437500 0.044444 0.026562
0 0.445833 0.411719 0.052778 0.028125
0 0.370833 0.296875 0.041667 0.028125
0 0.438194 0.289062 0.031944 0.026562
0 0.475000 0.277344 0.050000 0.031250
0 0.459722 0.254688 0.044444 0.020313
0 0.429167 0.223828 0.052778 0.033594
0 0.420139 0.193359 0.040278 0.016406
0 0.467361 0.198828 0.048611 0.022656
0 0.477083 0.173047 0.048611 0.027344
0 0.508333 0.060547 0.044444 0.033594
0 0.366667 0.467969 0.041667 0.015625
0 0.381944 0.412109 0.025000 0.014844
0 0.610417 0.291016 0.037500 0.025781
0 0.634028 0.311719 0.040278 0.017188
0 0.668056 0.336719 0.019444 0.012500
0 0.564583 0.382422 0.045833 0.022656
0 0.680556 0.388672 0.066667 0.025781
0 0.666667 0.433203 0.047222 0.025781
0 0.629861 0.438672 0.045833 0.019531
0 0.619444 0.495703 0.052778 0.030469
0 0.668750 0.500781 0.048611 0.028125
0 0.620833 0.172656 0.036111 0.015625
0 0.697222 0.227344 0.036111 0.029687
0 0.479167 0.218750 0.052778 0.032813
0 0.576389 0.140625 0.030556 0.015625
0 0.378472 0.357422 0.026389 0.014844
0 0.566667 0.347656 0.030556 0.018750
0 0.535417 0.458203 0.045833 0.022656
0 0.638194 0.371094 0.020833 0.020313
0 0.599306 0.518359 0.029167 0.014844
0 0.547222 0.533984 0.036111 0.013281
0 0.982639 0.743359 0.031944 0.027344
0 0.835417 0.789844 0.029167 0.012500