0 0.494444 0.192188 0.041667 0.028125
0 0.277083 0.345703 0.031944 0.024219
0 0.311111 0.352734 0.038889 0.014844
0 0.308333 0.423438 0.047222 0.026562
0 0.316667 0.454297 0.044444 0.022656
0 0.489583 0.446484 0.043056 0.022656
0 0.535417 0.427344 0.031944 0.014063
0 0.593750 0.389453 0.029167 0.017969
0 0.641667 0.387109 0.030556 0.021094
0 0.693750 0.422266 0.040278 0.028906
0 0.888889 0.552344 0.027778 0.012500
0 0.255556 0.536719 0.030556 0.023438
0 0.295833 0.545312 0.047222 0.020313
0 0.256944 0.611328 0.052778 0.028906
0 0.295139 0.594922 0.037500 0.022656
0 0.280556 0.650391 0.047222 0.025781
0 0.060417 0.533594 0.037500 0.018750
0 0.624306 0.402734 0.034722 0.019531
0 0.920139 0.649609 0.018056 0.013281
0 0.783333 0.660156 0.022222 0.012500
0 0.158333 0.439844 0.033333 0.017188
0 0.220833 0.442188 0.033333 0.026562
0 0.093056 0.532031 0.027778 0.034375
0 0.510417 0.596875 0.023611 0.007812
0 0.622917 0.671484 0.018056 0.017969
0 0.500000 0.727734 0.047222 0.016406
0 0.663889 0.607031 0.011111 0.021875
0 0.850694 0.624219 0.034722 0.017188
0 0.879861 0.653516 0.051389 0.027344
0 0.923611 0.670312 0.025000 0.025000