0 0.896528 0.541016 0.073611 0.039844
0 0.936111 0.596484 0.086111 0.038281
0 0.860417 0.587500 0.065278 0.035937
0 0.874306 0.700781 0.073611 0.028125
0 0.646528 0.544922 0.045833 0.019531
0 0.033333 0.522656 0.052778 0.031250
0 0.386111 0.510156 0.036111 0.021875
0 0.752778 0.449609 0.047222 0.025781
0 0.037500 0.219141 0.044444 0.019531
0 0.154861 0.226562 0.037500 0.020313
0 0.105556 0.187891 0.041667 0.021094
0 0.238194 0.315625 0.034722 0.020313
0 0.029861 0.104297 0.040278 0.021094
0 0.085417 0.140234 0.029167 0.019531
0 0.065972 0.109766 0.037500 0.021094
0 0.322917 0.390625 0.037500 0.020313
0 0.416667 0.330859 0.033333 0.017969
0 0.252778 0.358203 0.036111 0.019531
0 0.706250 0.405469 0.034722 0.018750
0 0.837500 0.405859 0.036111 0.013281
0 0.909722 0.407031 0.033333 0.021875
0 0.943750 0.402734 0.034722 0.021094
0 0.185417 0.475781 0.043056 0.020313
0 0.868056 0.659375 0.069444 0.032813
0 0.107639 0.247656 0.026389 0.015625
0 0.041667 0.152344 0.027778 0.021875
0 0.007639 0.149609 0.015278 0.024219
0 0.011806 0.331641 0.020833 0.016406
0 0.165972 0.266797 0.034722 0.021094
0 0.203472 0.276562 0.023611 0.018750
0 0.224306 0.273438 0.029167 0.017188
0 0.265972 0.276953 0.034722 0.017969
0 0.220139 0.306641 0.031944 0.021094
0 0.201389 0.326172 0.038889 0.021094
0 0.185417 0.336328 0.034722 0.019531
0 0.183333 0.377734 0.033333 0.017969
0 0.231944 0.392969 0.027778 0.017188
0 0.323611 0.408594 0.038889 0.020313
0 0.202778 0.486328 0.019444 0.010156
0 0.043056 0.596875 0.033333 0.017188
0 0.018056 0.615625 0.033333 0.018750
0 0.906944 0.627734 0.055556 0.030469
0 0.977083 0.578125 0.031944 0.032813
0 0.722917 0.523438 0.018056 0.010937
0 0.787500 0.473438 0.027778 0.007812
0 0.801389 0.451562 0.033333 0.018750
0 0.873611 0.427734 0.030556 0.011719
0 0.922917 0.435547 0.023611 0.014844
0 0.961806 0.463281 0.029167 0.014063
0 0.312500 0.457031 0.033333 0.012500
0 0.520139 0.392969 0.023611 0.010937
0 0.126389 0.330078 0.008333 0.013281
0 0.015278 0.206250 0.019444 0.014063
0 0.053472 0.198047 0.020833 0.019531