0 0.726389 0.178125 0.050000 0.032813
0 0.754861 0.186719 0.048611 0.034375
0 0.554167 0.176563 0.052778 0.032813
0 0.529167 0.185938 0.019444 0.012500
0 0.670833 0.290234 0.052778 0.036719
0 0.551389 0.298047 0.055556 0.025781
0 0.526389 0.242578 0.055556 0.033594
0 0.118056 0.287109 0.047222 0.024219
0 0.158333 0.302734 0.041667 0.021094
0 0.527778 0.386719 0.061111 0.026562
0 0.493750 0.413672 0.065278 0.030469
0 0.020833 0.508984 0.036111 0.024219
0 0.410417 0.509375 0.031944 0.021875
0 0.218056 0.481250 0.041667 0.021875
0 0.672917 0.427734 0.054167 0.022656
0 0.627778 0.357031 0.027778 0.015625
0 0.793750 0.401953 0.051389 0.022656
0 0.799306 0.437109 0.051389 0.027344
0 0.436806 0.583594 0.031944 0.029687
0 0.704861 0.486328 0.054167 0.027344
0 0.666667 0.539844 0.033333 0.015625
0 0.654167 0.601562 0.050000 0.029687
0 0.849306 0.550391 0.043056 0.028906
0 0.822917 0.496484 0.045833 0.027344
0 0.881944 0.485938 0.030556 0.020313
0 0.913194 0.544922 0.029167 0.021094
0 0.979167 0.587500 0.036111 0.018750
0 0.402778 0.691797 0.080556 0.025781
0 0.513889 0.685156 0.038889 0.025000
0 0.613194 0.603516 0.037500 0.022656
0 0.710417 0.742188 0.054167 0.039062
0 0.798611 0.701953 0.083333 0.036719
0 0.744444 0.799219 0.052778 0.031250
0 0.566667 0.240234 0.025000 0.024219
0 0.011111 0.446484 0.019444 0.021094
0 0.582639 0.769922 0.043056 0.021094
0 0.138889 0.738672 0.055556 0.024219
0 0.565278 0.341016 0.022222 0.013281