0 0.406944 0.192969 0.047222 0.031250
0 0.441667 0.201563 0.047222 0.031250
0 0.265972 0.188281 0.056944 0.028125
0 0.245833 0.247266 0.080556 0.030469
0 0.371528 0.294531 0.059722 0.040625
0 0.256944 0.298047 0.061111 0.030469
0 0.333333 0.180859 0.019444 0.016406
0 0.323611 0.328125 0.050000 0.026562
0 0.322917 0.355859 0.051389 0.021094
0 0.368056 0.420703 0.058333 0.027344
0 0.251389 0.381641 0.036111 0.025781
0 0.431250 0.382422 0.034722 0.022656
0 0.460417 0.412109 0.031944 0.021094
0 0.183333 0.406250 0.038889 0.026562
0 0.390278 0.476953 0.041667 0.027344
0 0.507639 0.485547 0.040278 0.021094
0 0.396528 0.524609 0.051389 0.028906
0 0.163194 0.560547 0.056944 0.032031
0 0.340278 0.578516 0.050000 0.035156
0 0.354861 0.685156 0.034722 0.020313
0 0.486806 0.396484 0.043056 0.019531
0 0.296528 0.434766 0.023611 0.014844
0 0.990278 0.375000 0.016667 0.026562
0 0.559028 0.478906 0.031944 0.015625
0 0.527083 0.531641 0.023611 0.030469
0 0.577083 0.531250 0.029167 0.023438
0 0.972917 0.475000 0.020833 0.023438
0 0.984722 0.470313 0.027778 0.020313
0 0.182639 0.642969 0.031944 0.023438
0 0.234028 0.656641 0.031944 0.019531
0 0.122917 0.659766 0.026389 0.014844
0 0.179167 0.688281 0.027778 0.014063
0 0.279167 0.684766 0.027778 0.028906
0 0.372222 0.730469 0.022222 0.014063
0 0.037500 0.578906 0.025000 0.009375