0 0.462500 0.280859 0.050000 0.030469
0 0.579861 0.419141 0.037500 0.017969
0 0.206944 0.480469 0.047222 0.029687
0 0.238889 0.556250 0.055556 0.029687
0 0.479861 0.515625 0.048611 0.028125
0 0.463194 0.472266 0.031944 0.021094
0 0.529861 0.467578 0.023611 0.014844
0 0.544444 0.528125 0.036111 0.029687
0 0.117361 0.622656 0.062500 0.028125
0 0.581250 0.567578 0.034722 0.022656
0 0.574306 0.532422 0.031944 0.028906
0 0.688194 0.552344 0.031944 0.018750
0 0.430556 0.671875 0.033333 0.025000
0 0.113889 0.737109 0.036111 0.025781
0 0.423611 0.731641 0.050000 0.022656
0 0.401389 0.751172 0.022222 0.021094
0 0.459722 0.705469 0.050000 0.029687
0 0.471528 0.728125 0.045833 0.025000
0 0.505556 0.693359 0.038889 0.027344
0 0.646528 0.667578 0.056944 0.028906
0 0.742361 0.674609 0.040278 0.022656
0 0.678472 0.716406 0.026389 0.020313
0 0.711806 0.714063 0.048611 0.021875
0 0.711111 0.640234 0.050000 0.024219
0 0.677083 0.622266 0.051389 0.017969
0 0.651389 0.605469 0.063889 0.028125
0 0.603472 0.594141 0.043056 0.008594
0 0.706250 0.557813 0.048611 0.018750
0 0.797222 0.629297 0.052778 0.021094
0 0.759722 0.541016 0.047222 0.022656
0 0.726389 0.544141 0.025000 0.014844
0 0.934722 0.537891 0.033333 0.019531
0 0.970139 0.537109 0.037500 0.014844
0 0.441667 0.382031 0.016667 0.012500
0 0.447222 0.432812 0.030556 0.012500
0 0.534722 0.707031 0.025000 0.018750
0 0.640972 0.629687 0.020833 0.020313
0 0.399306 0.608203 0.023611 0.025781