0 0.126389 0.015234 0.072222 0.027344
0 0.168750 0.073828 0.068056 0.030469
0 0.103472 0.101172 0.056944 0.027344
0 0.153472 0.278906 0.081944 0.042188
0 0.327778 0.069531 0.102778 0.065625
0 0.422917 0.078125 0.087500 0.065625
0 0.322917 0.235156 0.059722 0.026562
0 0.178472 0.100000 0.051389 0.023438
0 0.213889 0.107813 0.052778 0.028125
0 0.134028 0.305859 0.076389 0.033594
0 0.032639 0.183203 0.065278 0.033594
0 0.034722 0.291797 0.058333 0.016406
0 0.197222 0.163281 0.050000 0.015625
0 0.209028 0.137109 0.037500 0.024219
0 0.352083 0.268750 0.048611 0.018750
0 0.514583 0.300781 0.087500 0.048438
0 0.673611 0.154688 0.052778 0.025000
0 0.870139 0.156250 0.081944 0.046875
0 0.898611 0.117578 0.086111 0.053906
0 0.540278 0.009766 0.041667 0.017969
0 0.673611 0.226172 0.083333 0.052344
0 0.749306 0.223828 0.081944 0.049219
0 0.810417 0.214453 0.037500 0.022656
0 0.799306 0.245703 0.048611 0.019531
0 0.750694 0.256641 0.043056 0.022656
0 0.780556 0.272266 0.044444 0.027344
0 0.690972 0.330078 0.073611 0.041406
0 0.245833 0.337109 0.088889 0.049219
0 0.386111 0.364453 0.077778 0.047656
0 0.251389 0.383984 0.083333 0.042969
0 0.744444 0.336328 0.044444 0.025781
0 0.929167 0.391797 0.061111 0.032031
0 0.709722 0.376563 0.036111 0.017188
0 0.722917 0.395313 0.026389 0.012500
0 0.254167 0.436719 0.030556 0.017188
0 0.377778 0.436719 0.061111 0.031250
0 0.268056 0.525781 0.063889 0.032813
0 0.123611 0.591797 0.063889 0.016406
0 0.228472 0.536328 0.037500 0.027344
0 0.395139 0.480469 0.062500 0.031250
0 0.429167 0.549609 0.055556 0.032031
0 0.433333 0.528906 0.025000 0.025000
0 0.497917 0.603516 0.034722 0.021094
0 0.168056 0.663672 0.050000 0.033594
0 0.230556 0.655469 0.052778 0.029687
0 0.153472 0.628516 0.031944 0.028906
0 0.379167 0.605469 0.050000 0.025000
0 0.406250 0.643359 0.023611 0.016406
0 0.538194 0.600781 0.045833 0.029687
0 0.550694 0.521094 0.059722 0.029687
0 0.936111 0.574219 0.052778 0.031250
0 0.646528 0.548828 0.048611 0.032031
0 0.441667 0.407813 0.069444 0.042188
0 0.600000 0.464062 0.063889 0.031250
0 0.690278 0.531250 0.047222 0.028125
0 0.738889 0.540234 0.047222 0.025781
0 0.845139 0.471094 0.065278 0.032813
0 0.967361 0.602734 0.031944 0.019531
0 0.903472 0.487891 0.054167 0.028906
0 0.938194 0.419531 0.054167 0.021875
0 0.060417 0.253516 0.062500 0.028906