0 0.305556 0.249609 0.038889 0.024219
0 0.277778 0.256250 0.030556 0.023438
0 0.444444 0.172656 0.033333 0.018750
0 0.468056 0.114062 0.030556 0.021875
0 0.478472 0.157812 0.029167 0.021875
0 0.417361 0.137109 0.018056 0.014844
0 0.395139 0.234766 0.034722 0.014844
0 0.504861 0.270703 0.037500 0.027344
0 0.475694 0.437109 0.045833 0.025781
0 0.449306 0.389453 0.031944 0.022656
0 0.360417 0.391406 0.034722 0.017188
0 0.298611 0.657422 0.027778 0.016406
0 0.665972 0.666797 0.031944 0.021094
0 0.710417 0.672656 0.040278 0.025000
0 0.974306 0.337109 0.034722 0.022656
0 0.991667 0.429688 0.013889 0.023438
0 0.261111 0.578125 0.030556 0.014063
0 0.099306 0.439063 0.029167 0.014063
0 0.125000 0.383984 0.013889 0.016406
0 0.448611 0.146484 0.030556 0.025781
0 0.987500 0.213672 0.019444 0.028906
0 0.037500 0.414844 0.030556 0.015625
0 0.981944 0.647656 0.016667 0.020313