0 0.473611 0.008203 0.041667 0.016406
0 0.530556 0.023828 0.055556 0.032031
0 0.493750 0.031250 0.056944 0.040625
0 0.471528 0.058203 0.040278 0.030469
0 0.481944 0.112500 0.058333 0.034375
0 0.542361 0.116406 0.048611 0.026562
0 0.595139 0.102734 0.040278 0.028906
0 0.447917 0.120313 0.031944 0.014063
0 0.594444 0.158203 0.055556 0.028906
0 0.534722 0.158203 0.038889 0.033594
0 0.574306 0.174219 0.026389 0.035937
0 0.520833 0.177734 0.044444 0.025781
0 0.477778 0.174219 0.055556 0.025000
0 0.476389 0.205859 0.041667 0.022656
0 0.771528 0.241406 0.059722 0.028125
0 0.832639 0.257812 0.045833 0.023438
0 0.498611 0.278516 0.025000 0.019531
0 0.492361 0.295703 0.045833 0.027344
0 0.434722 0.286719 0.036111 0.023438
0 0.334722 0.243750 0.030556 0.007812
0 0.502083 0.353906 0.043056 0.025000
0 0.302778 0.412109 0.030556 0.014844
0 0.109722 0.420312 0.052778 0.023438
0 0.128472 0.441406 0.056944 0.031250
0 0.275694 0.485156 0.043056 0.023438
0 0.402778 0.528516 0.055556 0.032031
0 0.635417 0.514844 0.059722 0.026562
0 0.590972 0.508594 0.045833 0.015625
0 0.560417 0.544922 0.043056 0.024219
0 0.455556 0.562891 0.044444 0.032031
0 0.465278 0.584375 0.050000 0.025000
0 0.415278 0.599609 0.055556 0.035156
0 0.323611 0.590625 0.041667 0.020313
0 0.730556 0.552344 0.038889 0.018750
0 0.772222 0.585547 0.036111 0.016406
0 0.657639 0.414453 0.040278 0.032031
0 0.081250 0.465625 0.034722 0.020313
0 0.780556 0.502344 0.044444 0.015625
0 0.188194 0.541406 0.048611 0.017188
0 0.048611 0.579297 0.041667 0.016406
0 0.067361 0.628516 0.045833 0.021094
0 0.013194 0.685937 0.020833 0.015625
0 0.159028 0.691406 0.043056 0.021875
0 0.362500 0.646484 0.036111 0.017969
0 0.771528 0.763281 0.054167 0.040625
0 0.950000 0.820703 0.055556 0.033594