0 0.032639 0.028906 0.034722 0.025000
0 0.020139 0.051172 0.034722 0.025781
0 0.052778 0.076563 0.036111 0.017188
0 0.033333 0.111328 0.038889 0.021094
0 0.079167 0.027734 0.038889 0.021094
0 0.115278 0.038281 0.050000 0.029687
0 0.142361 0.141016 0.031944 0.021094
0 0.078472 0.191016 0.023611 0.017969
0 0.075694 0.244141 0.043056 0.025781
0 0.176389 0.204297 0.052778 0.032031
0 0.214583 0.210547 0.020833 0.021094
0 0.110417 0.262109 0.023611 0.011719
0 0.145139 0.258984 0.059722 0.032031
0 0.267361 0.062109 0.051389 0.035156
0 0.334722 0.042578 0.019444 0.013281
0 0.269444 0.137109 0.058333 0.035156
0 0.306250 0.255859 0.048611 0.030469
0 0.354167 0.212891 0.063889 0.035156
0 0.396528 0.125391 0.045833 0.032031
0 0.439583 0.082422 0.062500 0.035156
0 0.440278 0.136719 0.050000 0.037500
0 0.476389 0.183594 0.019444 0.007812
0 0.184028 0.601172 0.015278 0.013281
0 0.163194 0.535156 0.020833 0.020313
0 0.275694 0.592969 0.020833 0.009375
0 0.069444 0.646094 0.050000 0.028125
0 0.205556 0.683594 0.050000 0.026562
0 0.023611 0.781250 0.047222 0.032813
0 0.426389 0.264844 0.047222 0.026562
0 0.466667 0.275391 0.038889 0.014844
0 0.391667 0.267188 0.027778 0.020313
0 0.422222 0.593359 0.041667 0.027344
0 0.428472 0.639844 0.059722 0.031250
0 0.373611 0.745703 0.047222 0.032031
0 0.443056 0.753516 0.055556 0.035156
0 0.500000 0.666406 0.055556 0.028125
0 0.484028 0.689063 0.040278 0.018750
0 0.509028 0.707422 0.045833 0.032031
0 0.546528 0.687109 0.059722 0.022656
0 0.680556 0.708984 0.038889 0.024219
0 0.715972 0.668750 0.051389 0.031250
0 0.856250 0.583594 0.040278 0.021875
0 0.523611 0.028516 0.033333 0.022656
0 0.550000 0.014063 0.038889 0.026562
0 0.579167 0.023438 0.019444 0.015625
0 0.661111 0.030469 0.044444 0.026562
0 0.704167 0.039062 0.050000 0.026562
0 0.672222 0.054297 0.041667 0.019531
0 0.838194 0.006250 0.037500 0.010937
0 0.899306 0.036719 0.034722 0.026562
0 0.935417 0.047656 0.023611 0.020313
0 0.874306 0.066406 0.037500 0.023438
0 0.868750 0.098437 0.034722 0.021875
0 0.920139 0.121484 0.034722 0.019531
0 0.906944 0.166016 0.052778 0.032031
0 0.990278 0.175000 0.016667 0.012500
0 0.945139 0.234766 0.051389 0.024219
0 0.982639 0.241797 0.031944 0.019531
0 0.700000 0.082422 0.036111 0.019531
0 0.679167 0.125000 0.030556 0.018750
0 0.526389 0.143750 0.033333 0.018750
0 0.587500 0.138281 0.030556 0.018750
0 0.589583 0.156250 0.023611 0.014063
0 0.616667 0.161328 0.030556 0.016406
0 0.654861 0.145313 0.034722 0.017188
0 0.627083 0.180469 0.023611 0.014063
0 0.748611 0.167969 0.027778 0.018750
0 0.695139 0.243750 0.031944 0.021875
0 0.937500 0.476172 0.016667 0.025781
0 0.834028 0.417969 0.034722 0.015625
0 0.739583 0.066016 0.034722 0.019531
0 0.609722 0.581250 0.025000 0.017188
0 0.738889 0.333984 0.044444 0.017969
0 0.770833 0.308984 0.044444 0.024219
0 0.841667 0.284375 0.055556 0.032813
0 0.861806 0.307812 0.062500 0.031250
0 0.897917 0.333203 0.051389 0.027344
0 0.914583 0.369531 0.018056 0.017188
0 0.095833 0.095312 0.027778 0.023438
0 0.645139 0.066797 0.040278 0.022656
0 0.586806 0.058203 0.023611 0.010156
0 0.497917 0.007031 0.034722 0.014063
0 0.676389 0.005078 0.041667 0.010156
0 0.710417 0.010156 0.026389 0.017188
0 0.943056 0.023438 0.025000 0.014063
0 0.690278 0.148047 0.033333 0.017969
0 0.382639 0.714063 0.054167 0.029687
0 0.981944 0.196094 0.033333 0.015625