0 0.641667 0.008984 0.052778 0.016406
0 0.816667 0.037109 0.055556 0.035156
0 0.873611 0.026562 0.058333 0.034375
0 0.972222 0.009766 0.047222 0.016406
0 0.904167 0.045312 0.038889 0.032813
0 0.761806 0.075781 0.045833 0.032813
0 0.772917 0.106641 0.056944 0.032031
0 0.826389 0.108984 0.050000 0.032031
0 0.862500 0.091406 0.052778 0.026562
0 0.830556 0.068359 0.036111 0.017969
0 0.927083 0.166406 0.054167 0.034375
0 0.980556 0.192578 0.036111 0.030469
0 0.755556 0.169531 0.041667 0.018750
0 0.800694 0.232422 0.054167 0.030469
0 0.920833 0.258594 0.055556 0.032813
0 0.655556 0.219141 0.038889 0.024219
0 0.614583 0.172656 0.043056 0.023438
0 0.676389 0.066016 0.025000 0.021094
0 0.713194 0.067187 0.043056 0.015625
0 0.579861 0.082812 0.043056 0.021875
0 0.520139 0.116797 0.040278 0.021094
0 0.115278 0.107422 0.036111 0.022656
0 0.167361 0.113281 0.029167 0.015625
0 0.200000 0.110156 0.033333 0.015625
0 0.418056 0.123828 0.030556 0.013281
0 0.325694 0.169922 0.026389 0.024219
0 0.502083 0.157812 0.026389 0.031250
0 0.508333 0.132031 0.030556 0.010937
0 0.195139 0.175781 0.029167 0.021875
0 0.227778 0.177344 0.036111 0.014063
0 0.263194 0.177734 0.037500 0.011719
0 0.070139 0.191406 0.023611 0.015625
0 0.015972 0.189453 0.026389 0.017969
0 0.006944 0.259375 0.011111 0.020313
0 0.253472 0.250781 0.043056 0.025000
0 0.293056 0.251953 0.036111 0.025781
0 0.322222 0.258984 0.025000 0.021094
0 0.385417 0.230078 0.023611 0.011719
0 0.472917 0.183984 0.040278 0.021094
0 0.419444 0.250391 0.044444 0.019531
0 0.492361 0.235937 0.037500 0.026562
0 0.120139 0.319531 0.062500 0.017188
0 0.154861 0.329297 0.048611 0.024219
0 0.069444 0.353906 0.058333 0.029687
0 0.077778 0.318750 0.041667 0.020313
0 0.509722 0.250781 0.044444 0.020313
0 0.418750 0.272266 0.043056 0.022656
0 0.388889 0.289453 0.036111 0.025781
0 0.693056 0.230078 0.038889 0.010156
0 0.634028 0.284766 0.029167 0.022656
0 0.556944 0.271484 0.033333 0.017969
0 0.723611 0.266406 0.052778 0.028125
0 0.786806 0.277734 0.054167 0.027344
0 0.107639 0.385547 0.037500 0.025781
0 0.208333 0.413281 0.050000 0.021875
0 0.285417 0.460938 0.045833 0.028125
0 0.040278 0.556641 0.058333 0.028906
0 0.127083 0.526172 0.031944 0.016406
0 0.015278 0.458594 0.025000 0.015625
0 0.629861 0.612891 0.040278 0.019531
0 0.098611 0.639844 0.086111 0.043750
0 0.420139 0.679297 0.070833 0.039844
0 0.485417 0.622656 0.034722 0.018750
0 0.377083 0.568750 0.026389 0.020313
0 0.800000 0.745703 0.080556 0.042969
0 0.840972 0.681641 0.059722 0.027344
0 0.969444 0.611719 0.036111 0.031250
0 0.090278 0.773828 0.041667 0.033594
0 0.163194 0.734375 0.056944 0.021875
0 0.136806 0.835938 0.068056 0.031250
0 0.213889 0.827734 0.086111 0.047656
0 0.206944 0.868750 0.061111 0.032813
0 0.463889 0.799609 0.050000 0.032031
0 0.592361 0.785547 0.026389 0.017969
0 0.541667 0.823828 0.061111 0.036719
0 0.597222 0.823047 0.052778 0.035156
0 0.593056 0.866797 0.022222 0.021094
0 0.761806 0.803906 0.051389 0.023438
0 0.853472 0.784375 0.095833 0.051562
0 0.949306 0.914453 0.054167 0.041406
0 0.843750 0.810547 0.062500 0.016406
0 0.831944 0.348047 0.047222 0.022656
0 0.797917 0.351172 0.020833 0.019531
0 0.767361 0.314844 0.048611 0.025000
0 0.697917 0.317578 0.040278 0.025781
0 0.318056 0.188672 0.033333 0.022656
0 0.077083 0.209375 0.034722 0.012500
0 0.022222 0.343359 0.041667 0.011719
0 0.330556 0.104297 0.019444 0.014844
0 0.425000 0.163281 0.038889 0.014063
0 0.356250 0.389453 0.018056 0.016406
0 0.129861 0.605859 0.026389 0.010156
0 0.336111 0.705859 0.036111 0.033594
0 0.788889 0.557813 0.027778 0.014063