0 0.353472 0.013672 0.062500 0.021094
0 0.292361 0.133984 0.068056 0.039844
0 0.403472 0.102344 0.062500 0.039062
0 0.426389 0.142969 0.047222 0.034375
0 0.479167 0.133984 0.041667 0.030469
0 0.479861 0.176172 0.037500 0.027344
0 0.527083 0.264062 0.056944 0.037500
0 0.302778 0.216406 0.052778 0.035937
0 0.341667 0.284766 0.055556 0.028906
0 0.142361 0.268750 0.068056 0.031250
0 0.146528 0.240234 0.062500 0.022656
0 0.197222 0.278125 0.066667 0.040625
0 0.104167 0.322656 0.052778 0.032813
0 0.440278 0.278906 0.063889 0.032813
0 0.293056 0.253516 0.047222 0.028906
0 0.359028 0.437109 0.043056 0.022656
0 0.267361 0.448828 0.056944 0.030469
0 0.094444 0.471094 0.047222 0.032813
0 0.184722 0.502344 0.069444 0.032813
0 0.495139 0.554297 0.056944 0.032031
0 0.286111 0.616406 0.075000 0.039062
0 0.558333 0.738281 0.050000 0.028125
0 0.868750 0.386328 0.070833 0.041406
0 0.951389 0.397656 0.075000 0.034375
0 0.984722 0.273047 0.025000 0.025781
0 0.634722 0.772266 0.075000 0.033594
0 0.304167 0.348828 0.044444 0.014844
0 0.579167 0.474609 0.058333 0.033594
0 0.377083 0.497656 0.037500 0.021875
0 0.433333 0.469141 0.055556 0.017969
0 0.468750 0.535547 0.043056 0.011719
0 0.506250 0.458984 0.037500 0.013281
0 0.338194 0.647656 0.029167 0.028125
0 0.973611 0.240234 0.050000 0.028906
0 0.953472 0.206250 0.020833 0.010937
0 0.362500 0.225781 0.025000 0.023438
0 0.391667 0.308594 0.016667 0.020313
0 0.170833 0.326172 0.041667 0.021094
0 0.197917 0.311328 0.056944 0.022656
0 0.229167 0.325391 0.019444 0.016406
0 0.507639 0.379688 0.018056 0.017188
0 0.509722 0.347266 0.030556 0.021094
0 0.238889 0.474219 0.019444 0.020313
0 0.372222 0.618750 0.061111 0.031250
0 0.470139 0.576562 0.029167 0.023438
0 0.486806 0.717578 0.059722 0.024219
0 0.289583 0.742969 0.029167 0.015625