0 0.331250 0.108594 0.040278 0.026562
0 0.352083 0.085938 0.034722 0.020313
0 0.437500 0.088281 0.038889 0.015625
0 0.514583 0.242969 0.040278 0.023438
0 0.536111 0.259375 0.041667 0.026562
0 0.432639 0.405469 0.040278 0.029687
0 0.409722 0.416016 0.033333 0.022656
0 0.537500 0.425000 0.033333 0.017188
0 0.609722 0.440234 0.047222 0.030469
0 0.568750 0.481641 0.026389 0.016406
0 0.559722 0.529297 0.047222 0.025781
0 0.488194 0.494531 0.040278 0.028125
0 0.459028 0.505078 0.026389 0.022656
0 0.372222 0.491797 0.050000 0.028906
0 0.346528 0.496484 0.031944 0.025781
0 0.467361 0.619141 0.048611 0.022656
0 0.325694 0.606641 0.048611 0.024219
0 0.145139 0.591797 0.056944 0.027344
0 0.168056 0.560937 0.027778 0.025000
0 0.186111 0.519531 0.033333 0.029687
0 0.076389 0.424219 0.033333 0.017188
0 0.486111 0.424219 0.033333 0.018750
0 0.514583 0.307812 0.026389 0.009375
0 0.103472 0.433984 0.034722 0.022656