0 0.700000 0.036328 0.050000 0.036719
0 0.663194 0.033594 0.031944 0.023438
0 0.663889 0.068750 0.055556 0.035937
0 0.697917 0.067187 0.026389 0.028125
0 0.518750 0.120313 0.020833 0.028125
0 0.570833 0.145313 0.047222 0.015625
0 0.577083 0.123438 0.065278 0.031250
0 0.871528 0.256641 0.073611 0.035156
0 0.625694 0.173828 0.043056 0.025781
0 0.572222 0.166797 0.044444 0.021094
0 0.604167 0.189453 0.052778 0.025781
0 0.716667 0.263281 0.038889 0.026562
0 0.690278 0.271094 0.044444 0.025000
0 0.752083 0.290234 0.048611 0.032031
0 0.706250 0.303516 0.059722 0.039844
0 0.550694 0.207813 0.048611 0.034375
0 0.440972 0.226172 0.059722 0.027344
0 0.390972 0.257031 0.059722 0.026562
0 0.423611 0.291797 0.041667 0.027344
0 0.478472 0.305859 0.040278 0.024219
0 0.617361 0.304688 0.043056 0.023438
0 0.609028 0.331641 0.037500 0.030469
0 0.645139 0.346875 0.045833 0.021875
0 0.735417 0.380469 0.059722 0.028125
0 0.656944 0.382031 0.041667 0.017188
0 0.465278 0.373437 0.061111 0.031250
0 0.427778 0.324609 0.063889 0.030469
0 0.488889 0.341406 0.058333 0.031250
0 0.391667 0.373437 0.058333 0.028125
0 0.360417 0.390625 0.054167 0.029687
0 0.744444 0.481641 0.044444 0.027344
0 0.841667 0.482422 0.055556 0.030469
0 0.879167 0.475391 0.047222 0.027344
0 0.784028 0.481641 0.031944 0.027344
0 0.822917 0.560937 0.045833 0.035937
0 0.765278 0.566797 0.052778 0.038281
0 0.617361 0.547266 0.070833 0.041406
0 0.436111 0.450391 0.058333 0.028906
0 0.343056 0.410547 0.044444 0.019531
0 0.976389 0.526563 0.041667 0.029687
0 0.893056 0.597656 0.052778 0.032813
0 0.834722 0.589844 0.072222 0.032813
0 0.948611 0.586328 0.041667 0.027344
0 0.965972 0.565625 0.051389 0.028125
0 0.429861 0.608984 0.056944 0.027344
0 0.404167 0.558984 0.055556 0.027344
0 0.728472 0.718359 0.054167 0.032031
0 0.797222 0.775000 0.061111 0.035937
0 0.582639 0.749609 0.045833 0.028906
0 0.586806 0.878125 0.070833 0.037500
0 0.330556 0.716016 0.055556 0.021094
0 0.365972 0.711328 0.054167 0.030469
0 0.305556 0.630469 0.047222 0.020313
0 0.281944 0.730859 0.052778 0.028906
0 0.395833 0.729688 0.050000 0.025000
0 0.254861 0.836719 0.040278 0.026562
0 0.279861 0.829688 0.065278 0.034375
0 0.711111 0.980859 0.055556 0.025781
0 0.931944 0.968750 0.055556 0.034375
0 0.983333 0.963672 0.025000 0.027344
0 0.284722 0.762500 0.052778 0.026562
0 0.300000 0.554297 0.052778 0.032031
0 0.247222 0.553906 0.041667 0.028125
0 0.663194 0.469531 0.068056 0.035937
0 0.243750 0.794922 0.059722 0.025781
0 0.211111 0.819922 0.044444 0.025781
0 0.170139 0.818359 0.037500 0.030469
0 0.671528 0.295703 0.031944 0.028906
0 0.653472 0.122656 0.073611 0.035937
0 0.957639 0.399609 0.037500 0.016406
0 0.400694 0.459375 0.031944 0.010937
0 0.345833 0.550781 0.033333 0.026562
0 0.088889 0.598047 0.027778 0.021094
0 0.134028 0.593750 0.043056 0.020313
0 0.361111 0.919531 0.041667 0.029687
0 0.513889 0.909375 0.047222 0.025000
0 0.160417 0.922656 0.020833 0.017188
0 0.956250 0.695703 0.045833 0.021094
0 0.821528 0.724609 0.029167 0.019531
0 0.900000 0.755859 0.041667 0.011719
0 0.684722 0.657813 0.038889 0.020313
0 0.641667 0.798438 0.041667 0.025000
0 0.743750 0.793750 0.020833 0.012500
0 0.630556 0.616797 0.055556 0.036719
0 0.607639 0.583594 0.037500 0.015625
0 0.650694 0.572656 0.018056 0.010937
0 0.971528 0.485938 0.031944 0.014063