0 0.513889 0.271484 0.055556 0.032031
0 0.244444 0.483984 0.052778 0.030469
0 0.291667 0.557422 0.050000 0.030469
0 0.529167 0.508984 0.047222 0.030469
0 0.592361 0.460547 0.026389 0.013281
0 0.635417 0.524219 0.034722 0.026562
0 0.606944 0.517578 0.044444 0.028906
0 0.770139 0.538281 0.037500 0.021875
0 0.845139 0.525391 0.045833 0.027344
0 0.811111 0.528516 0.027778 0.013281
0 0.790278 0.544531 0.038889 0.021875
0 0.824306 0.544922 0.026389 0.017969
0 0.624306 0.560156 0.031944 0.023438
0 0.453472 0.602734 0.037500 0.025781
0 0.444444 0.610938 0.033333 0.018750
0 0.556250 0.695703 0.051389 0.028906
0 0.516667 0.725781 0.050000 0.021875
0 0.569444 0.719531 0.047222 0.026562
0 0.704861 0.591797 0.054167 0.025781
0 0.779167 0.605078 0.050000 0.017969
0 0.732639 0.620703 0.054167 0.030469
0 0.821528 0.623047 0.054167 0.024219
0 0.906250 0.610938 0.051389 0.020313
0 0.766667 0.657813 0.047222 0.037500
0 0.597222 0.684766 0.047222 0.024219
0 0.488194 0.426953 0.020833 0.008594
0 0.153472 0.626563 0.026389 0.020313
0 0.191667 0.630469 0.025000 0.009375
0 0.190972 0.745313 0.048611 0.029687
0 0.522222 0.667969 0.036111 0.026562
0 0.774306 0.703516 0.051389 0.021094
0 0.519444 0.821094 0.047222 0.025000
0 0.507639 0.465234 0.043056 0.024219