0 0.491667 0.490234 0.036111 0.024219
0 0.547917 0.515234 0.054167 0.025781
0 0.497222 0.519922 0.027778 0.017969
0 0.459028 0.549219 0.037500 0.018750
0 0.451389 0.608203 0.047222 0.016406
0 0.523611 0.626172 0.052778 0.025781
0 0.354861 0.643750 0.029167 0.020313
0 0.424306 0.662109 0.031944 0.016406
0 0.547917 0.665625 0.034722 0.023438
0 0.434028 0.634766 0.018056 0.008594
0 0.851389 0.683594 0.044444 0.026562
0 0.811111 0.712500 0.036111 0.023438
0 0.657639 0.676562 0.040278 0.015625
0 0.631944 0.728516 0.036111 0.014844
0 0.978472 0.264062 0.040278 0.029687
0 0.987500 0.601562 0.022222 0.025000
0 0.924306 0.653516 0.034722 0.014844
0 0.974306 0.666406 0.029167 0.020313
0 0.983333 0.701562 0.030556 0.020313
0 0.986111 0.735156 0.025000 0.015625
0 0.473611 0.660547 0.030556 0.021094