0 0.605556 0.410156 0.036111 0.023438
0 0.402083 0.431641 0.040278 0.025781
0 0.414583 0.041797 0.045833 0.024219
0 0.433333 0.047266 0.030556 0.024219
0 0.410417 0.059766 0.045833 0.022656
0 0.483333 0.044141 0.030556 0.025781
0 0.509722 0.071094 0.041667 0.018750
0 0.446528 0.085547 0.037500 0.025781
0 0.486111 0.080078 0.016667 0.014844
0 0.458333 0.099219 0.041667 0.021875
0 0.509028 0.095312 0.031944 0.021875
0 0.414583 0.133594 0.031944 0.023438
0 0.520139 0.178516 0.034722 0.025781
0 0.420833 0.198047 0.038889 0.022656
0 0.470139 0.172656 0.031944 0.018750
0 0.540278 0.140625 0.047222 0.026562
0 0.333333 0.232031 0.041667 0.023438
0 0.459722 0.193359 0.033333 0.019531
0 0.442361 0.225000 0.031944 0.020313
0 0.539583 0.242969 0.031944 0.014063
0 0.559028 0.253125 0.031944 0.017188
0 0.533333 0.254297 0.022222 0.013281
0 0.253472 0.267578 0.051389 0.032031
0 0.391667 0.267578 0.030556 0.019531
0 0.654861 0.408984 0.048611 0.030469
0 0.634028 0.400000 0.037500 0.023438
0 0.641667 0.426953 0.030556 0.016406
0 0.411111 0.278516 0.025000 0.014844
0 0.257639 0.381250 0.034722 0.025000
0 0.326389 0.378125 0.044444 0.021875
0 0.367361 0.336719 0.018056 0.014063
0 0.582639 0.371094 0.043056 0.026562
0 0.584028 0.392969 0.045833 0.021875
0 0.568750 0.522656 0.051389 0.023438
0 0.336806 0.483594 0.043056 0.028125
0 0.364583 0.476172 0.034722 0.027344
0 0.581250 0.597266 0.037500 0.027344
0 0.448611 0.379688 0.022222 0.009375
0 0.451389 0.389062 0.016667 0.007812
0 0.470139 0.490234 0.037500 0.021094
0 0.567361 0.642188 0.054167 0.029687
0 0.536806 0.703516 0.048611 0.025781
0 0.377083 0.635938 0.037500 0.017188
0 0.884722 0.462500 0.036111 0.014063
0 0.945139 0.453125 0.034722 0.014063
0 0.973611 0.305469 0.025000 0.014063
0 0.483333 0.117188 0.047222 0.023438
0 0.517361 0.150391 0.040278 0.025781
0 0.593056 0.455078 0.027778 0.016406
0 0.038889 0.709375 0.061111 0.023438
0 0.440278 0.145703 0.041667 0.022656
0 0.444444 0.156641 0.036111 0.013281
0 0.392361 0.180469 0.029167 0.018750
0 0.404167 0.200000 0.030556 0.020313
0 0.530556 0.192578 0.013889 0.011719
0 0.465278 0.267578 0.019444 0.014844
0 0.468056 0.281250 0.019444 0.014063
0 0.686806 0.317969 0.026389 0.010937
0 0.731944 0.379297 0.013889 0.011719
0 0.400694 0.371484 0.018056 0.011719
0 0.425000 0.321484 0.016667 0.008594
0 0.597917 0.436328 0.029167 0.019531
0 0.674306 0.537891 0.029167 0.021094
0 0.386806 0.241016 0.026389 0.014844
0 0.297222 0.382031 0.013889 0.021875
0 0.547222 0.496484 0.016667 0.021094
0 0.508333 0.492188 0.038889 0.025000
0 0.345833 0.589844 0.019444 0.010937
0 0.577083 0.700781 0.043056 0.026562
0 0.456250 0.644922 0.026389 0.013281
0 0.343056 0.679688 0.022222 0.009375
0 0.679167 0.426563 0.038889 0.025000