0 0.450694 0.175781 0.037500 0.028125
0 0.552083 0.199219 0.045833 0.020313
0 0.572917 0.261719 0.023611 0.020313
0 0.456944 0.271094 0.038889 0.026562
0 0.481250 0.292187 0.034722 0.020313
0 0.690278 0.216797 0.030556 0.021094
0 0.349306 0.332422 0.031944 0.021094
0 0.338194 0.267188 0.020833 0.015625
0 0.721528 0.313672 0.040278 0.021094
0 0.665972 0.321875 0.043056 0.021875
0 0.764583 0.341406 0.037500 0.018750
0 0.806944 0.341797 0.041667 0.024219
0 0.790972 0.369141 0.040278 0.022656
0 0.774306 0.360938 0.034722 0.021875
0 0.687500 0.340625 0.030556 0.015625
0 0.645139 0.346094 0.023611 0.012500
0 0.785417 0.296484 0.034722 0.022656
0 0.187500 0.328516 0.030556 0.016406
0 0.098611 0.342187 0.038889 0.017188
0 0.292361 0.346484 0.031944 0.017969
0 0.268750 0.348047 0.018056 0.008594
0 0.209722 0.391406 0.030556 0.014063
0 0.343750 0.379688 0.026389 0.014063
0 0.354861 0.439844 0.026389 0.018750
0 0.331250 0.442969 0.023611 0.017188
0 0.339583 0.454297 0.023611 0.011719
0 0.383333 0.449219 0.030556 0.017188
0 0.497222 0.425781 0.033333 0.012500
0 0.575694 0.487891 0.045833 0.016406
0 0.095139 0.312891 0.029167 0.014844
0 0.065278 0.352734 0.025000 0.019531
0 0.020833 0.367969 0.033333 0.020313
0 0.518750 0.191797 0.034722 0.021094
0 0.720139 0.339453 0.026389 0.014844
0 0.711806 0.358594 0.043056 0.018750
0 0.517361 0.542969 0.037500 0.021875
0 0.542361 0.509375 0.037500 0.023438
0 0.523611 0.499219 0.030556 0.020313
0 0.287500 0.514453 0.022222 0.019531
0 0.857639 0.494531 0.043056 0.021875
0 0.806944 0.482031 0.041667 0.021875
0 0.485417 0.408203 0.020833 0.010156
0 0.239583 0.416797 0.037500 0.017969
0 0.872917 0.442578 0.048611 0.027344
0 0.886806 0.390625 0.043056 0.021875
0 0.927083 0.367188 0.056944 0.032813
0 0.971528 0.397656 0.026389 0.023438
0 0.954861 0.295703 0.029167 0.017969
0 0.402778 0.167578 0.030556 0.025781
0 0.486111 0.507422 0.033333 0.017969
0 0.450000 0.291016 0.027778 0.017969
0 0.147222 0.417969 0.025000 0.009375
0 0.510417 0.446094 0.018056 0.010937
0 0.903472 0.439844 0.031944 0.018750
0 0.536806 0.560937 0.040278 0.017188
0 0.538889 0.571875 0.036111 0.007812