0 0.508333 0.146484 0.041667 0.032031
0 0.541667 0.147266 0.061111 0.036719
0 0.546528 0.167578 0.051389 0.013281
0 0.506944 0.240234 0.063889 0.036719
0 0.472222 0.246484 0.041667 0.032031
0 0.402083 0.339062 0.059722 0.025000
0 0.584028 0.384375 0.062500 0.031250
0 0.520139 0.411719 0.054167 0.035937
0 0.364583 0.497266 0.048611 0.027344
0 0.528472 0.448828 0.023611 0.010156
0 0.534028 0.479687 0.040278 0.025000
0 0.579167 0.503125 0.041667 0.021875
0 0.651389 0.502344 0.050000 0.035937
0 0.691667 0.479687 0.038889 0.017188
0 0.303472 0.528516 0.051389 0.033594
0 0.290972 0.555078 0.051389 0.025781
0 0.356250 0.564844 0.040278 0.028125
0 0.353472 0.594922 0.056944 0.030469
0 0.281250 0.579297 0.056944 0.027344
0 0.280556 0.601953 0.063889 0.021094
0 0.811111 0.585547 0.055556 0.030469
0 0.576389 0.627344 0.025000 0.010937
0 0.419444 0.690234 0.061111 0.025781
0 0.376389 0.715234 0.055556 0.033594
0 0.350694 0.695703 0.048611 0.022656
0 0.322222 0.685937 0.044444 0.031250
0 0.314583 0.776953 0.059722 0.035156
0 0.327778 0.901953 0.030556 0.036719
0 0.381944 0.908594 0.058333 0.037500
0 0.516667 0.834375 0.041667 0.018750
0 0.695139 0.837891 0.034722 0.014844
0 0.374306 0.378125 0.059722 0.025000
0 0.427778 0.598047 0.030556 0.017969
0 0.654167 0.693359 0.058333 0.033594
0 0.505556 0.867578 0.019444 0.019531
0 0.182639 0.926562 0.048611 0.031250
0 0.085417 0.894531 0.051389 0.020313
0 0.612500 0.489453 0.036111 0.024219
0 0.268750 0.662109 0.018056 0.011719
0 0.409722 0.742188 0.047222 0.017188
0 0.364583 0.973047 0.018056 0.013281