0 0.019444 0.218359 0.038889 0.021094
0 0.075000 0.467969 0.047222 0.021875
0 0.158333 0.412891 0.022222 0.021094
0 0.191667 0.423828 0.025000 0.016406
0 0.240278 0.438281 0.030556 0.023438
0 0.211111 0.407031 0.033333 0.018750
0 0.063194 0.628125 0.023611 0.017188
0 0.356944 0.628125 0.025000 0.021875
0 0.349306 0.603516 0.015278 0.008594
0 0.476389 0.558203 0.025000 0.011719
0 0.533333 0.545312 0.022222 0.009375
0 0.621528 0.590234 0.015278 0.014844
0 0.420833 0.667969 0.022222 0.014063
0 0.659722 0.642578 0.027778 0.021094
0 0.683333 0.614062 0.022222 0.012500
0 0.529167 0.489844 0.011111 0.010937
0 0.800694 0.526953 0.029167 0.019531
0 0.843750 0.585156 0.029167 0.015625
0 0.868056 0.597266 0.025000 0.021094
0 0.791667 0.506641 0.030556 0.014844
0 0.823611 0.501953 0.013889 0.008594
0 0.909722 0.457813 0.019444 0.010937
0 0.948611 0.352344 0.016667 0.014063
0 0.933333 0.331641 0.019444 0.008594
0 0.825000 0.353516 0.027778 0.017969
0 0.914583 0.309766 0.023611 0.013281
0 0.842361 0.309375 0.026389 0.015625
0 0.739583 0.319531 0.029167 0.015625
0 0.721528 0.335938 0.026389 0.014063
0 0.694444 0.329688 0.016667 0.015625
0 0.672917 0.303906 0.015278 0.012500
0 0.929167 0.213672 0.027778 0.017969
0 0.957639 0.217188 0.029167 0.018750
0 0.942361 0.197656 0.012500 0.009375
0 0.920833 0.584766 0.013889 0.007031
0 0.636806 0.537891 0.009722 0.007031
0 0.124306 0.409375 0.020833 0.006250
0 0.158333 0.687891 0.013889 0.016406
0 0.798611 0.473828 0.025000 0.016406
0 0.886111 0.473828 0.011111 0.008594
0 0.767361 0.551953 0.029167 0.013281
0 0.777778 0.566016 0.019444 0.010156
0 0.152083 0.592187 0.037500 0.012500
0 0.077778 0.701953 0.038889 0.030469
0 0.218056 0.619141 0.041667 0.021094
0 0.726389 0.626563 0.047222 0.021875
0 0.791667 0.621094 0.041667 0.015625
0 0.724306 0.367969 0.020833 0.014063
0 0.843750 0.406641 0.026389 0.014844
0 0.885417 0.383984 0.029167 0.014844
0 0.973611 0.410547 0.033333 0.016406
0 0.919444 0.417969 0.025000 0.018750