0 0.441667 0.146484 0.036111 0.024219
0 0.464583 0.131250 0.031944 0.017188
0 0.552083 0.133203 0.029167 0.013281
0 0.606250 0.275391 0.037500 0.019531
0 0.623611 0.288281 0.041667 0.021875
0 0.601389 0.344922 0.041667 0.022656
0 0.557639 0.418359 0.023611 0.010156
0 0.597222 0.441406 0.025000 0.007812
0 0.635417 0.450781 0.037500 0.018750
0 0.734028 0.461719 0.043056 0.029687
0 0.663194 0.496484 0.037500 0.028906
0 0.670833 0.545312 0.044444 0.028125
0 0.597222 0.513281 0.044444 0.025000
0 0.565972 0.528125 0.026389 0.021875
0 0.484722 0.509766 0.055556 0.028906
0 0.578472 0.633203 0.045833 0.024219
0 0.444444 0.620703 0.044444 0.022656
0 0.303472 0.603906 0.054167 0.028125
0 0.320139 0.577734 0.020833 0.014844
0 0.325000 0.536328 0.047222 0.030469
0 0.188889 0.439063 0.036111 0.017188
0 0.211806 0.455469 0.031944 0.012500
0 0.014583 0.486328 0.029167 0.025781