0 0.349306 0.145703 0.031944 0.025781
0 0.317361 0.141406 0.031944 0.014063
0 0.284028 0.181250 0.026389 0.017188
0 0.202778 0.257422 0.047222 0.027344
0 0.337500 0.237500 0.033333 0.020313
0 0.934722 0.122656 0.055556 0.031250
0 0.923611 0.102344 0.041667 0.026562
0 0.831250 0.225781 0.040278 0.028125
0 0.881250 0.252734 0.037500 0.025781
0 0.828472 0.261328 0.037500 0.025781
0 0.267361 0.271094 0.037500 0.017188
0 0.318750 0.307031 0.026389 0.017188
0 0.506944 0.327734 0.041667 0.019531
0 0.534028 0.334375 0.029167 0.017188
0 0.925694 0.384375 0.051389 0.029687
0 0.895833 0.390625 0.036111 0.026562
0 0.938889 0.303125 0.033333 0.021875
0 0.948611 0.241797 0.013889 0.016406
0 0.431944 0.338281 0.027778 0.023438
0 0.443750 0.387109 0.037500 0.014844
0 0.318750 0.386328 0.045833 0.014844
0 0.797222 0.337891 0.036111 0.017969
0 0.950694 0.412109 0.029167 0.014844
0 0.702083 0.447266 0.043056 0.019531
0 0.818750 0.504297 0.048611 0.019531
0 0.358333 0.494922 0.044444 0.028906
0 0.296528 0.571484 0.023611 0.016406
0 0.106250 0.425781 0.034722 0.017188
0 0.032639 0.400781 0.034722 0.020313
0 0.510417 0.451172 0.051389 0.022656
0 0.575694 0.440625 0.043056 0.023438
0 0.806250 0.653906 0.040278 0.025000
0 0.071528 0.643750 0.051389 0.025000
0 0.316667 0.180859 0.036111 0.019531
0 0.390278 0.202344 0.041667 0.021875
0 0.876389 0.230859 0.036111 0.016406
0 0.989583 0.276562 0.018056 0.010937
0 0.779861 0.396094 0.029167 0.020313
0 0.202083 0.498437 0.026389 0.020313
0 0.780556 0.552734 0.044444 0.019531