0 0.762500 0.149219 0.030556 0.012500
0 0.800000 0.173047 0.025000 0.019531
0 0.889583 0.185156 0.031944 0.020313
0 0.689583 0.219922 0.029167 0.017969
0 0.706250 0.204687 0.012500 0.014063
0 0.769444 0.200391 0.030556 0.014844
0 0.775694 0.215625 0.023611 0.014063
0 0.810417 0.208984 0.031944 0.014844
0 0.719444 0.221094 0.030556 0.020313
0 0.870139 0.222656 0.026389 0.020313
0 0.907639 0.212109 0.029167 0.019531
0 0.895139 0.239844 0.034722 0.017188
0 0.820833 0.253125 0.016667 0.014063
0 0.768056 0.230469 0.027778 0.015625
0 0.984028 0.341016 0.018056 0.014844
0 0.862500 0.345703 0.030556 0.014844
0 0.781944 0.360156 0.036111 0.021875
0 0.685417 0.312500 0.029167 0.010937
0 0.715972 0.355078 0.026389 0.017969
0 0.018750 0.455469 0.034722 0.028125
0 0.577778 0.508984 0.033333 0.016406
0 0.632639 0.405469 0.020833 0.015625
0 0.497222 0.342969 0.030556 0.015625
0 0.509722 0.327344 0.030556 0.015625
0 0.620139 0.315234 0.034722 0.013281
0 0.704861 0.336328 0.015278 0.007031
0 0.598611 0.358984 0.033333 0.021094
0 0.472917 0.336719 0.029167 0.018750
0 0.584722 0.526953 0.033333 0.016406
0 0.770139 0.375000 0.031944 0.018750
0 0.901389 0.528516 0.038889 0.021094
0 0.991667 0.549609 0.013889 0.014844
0 0.146528 0.626563 0.034722 0.031250
0 0.145833 0.651172 0.025000 0.010156
0 0.278472 0.565234 0.029167 0.014844
0 0.333333 0.551953 0.027778 0.010156
0 0.349306 0.509375 0.023611 0.009375
0 0.404167 0.596875 0.019444 0.017188
0 0.300000 0.610938 0.019444 0.014063
0 0.443750 0.648438 0.026389 0.026562
0 0.465278 0.618750 0.025000 0.017188
0 0.552778 0.566406 0.030556 0.020313
0 0.559028 0.546484 0.031944 0.022656
0 0.615972 0.583594 0.031944 0.017188
0 0.639583 0.594922 0.026389 0.019531
0 0.602778 0.501172 0.022222 0.008594
0 0.690278 0.457422 0.016667 0.011719
0 0.817361 0.540234 0.034722 0.021094
0 0.872917 0.555859 0.029167 0.014844
0 0.924306 0.616016 0.031944 0.017969
0 0.938889 0.634766 0.019444 0.014844
0 0.888194 0.641797 0.054167 0.017969
0 0.936806 0.682813 0.023611 0.014063
0 0.958333 0.691016 0.019444 0.013281
0 0.924306 0.239453 0.026389 0.014844
0 0.942361 0.221875 0.034722 0.015625
0 0.824306 0.164062 0.015278 0.012500
0 0.790278 0.271094 0.013889 0.015625
0 0.665278 0.475391 0.016667 0.007031
0 0.974306 0.217578 0.006944 0.008594
0 0.002778 0.422656 0.005556 0.014063
0 0.684028 0.580859 0.012500 0.007031
0 0.990972 0.685547 0.015278 0.011719
0 0.473611 0.321094 0.016667 0.012500
0 0.720833 0.412109 0.036111 0.017969
0 0.562500 0.470313 0.027778 0.012500
0 0.583333 0.480078 0.027778 0.013281
0 0.225694 0.633594 0.012500 0.015625
0 0.544444 0.625781 0.041667 0.018750
0 0.628472 0.630469 0.037500 0.026562
0 0.905556 0.610156 0.030556 0.014063
0 0.883333 0.614062 0.036111 0.018750
0 0.913889 0.682422 0.041667 0.016406