0 0.030556 0.050000 0.030556 0.012500
0 0.073611 0.051172 0.047222 0.021094
0 0.084028 0.087500 0.048611 0.029687
0 0.079861 0.066406 0.018056 0.010937
0 0.060417 0.085156 0.029167 0.025000
0 0.042361 0.093359 0.026389 0.016406
0 0.022917 0.135937 0.029167 0.015625
0 0.009028 0.175000 0.015278 0.012500
0 0.058333 0.153516 0.022222 0.014844
0 0.040972 0.192188 0.020833 0.014063
0 0.098611 0.183594 0.033333 0.014063
0 0.073611 0.210156 0.025000 0.012500
0 0.222917 0.190625 0.045833 0.028125
0 0.143056 0.052344 0.030556 0.017188
0 0.164583 0.065625 0.023611 0.015625
0 0.229167 0.071094 0.027778 0.025000
0 0.200694 0.072266 0.031944 0.010156
0 0.206944 0.089844 0.038889 0.025000
0 0.233333 0.097266 0.025000 0.022656
0 0.247917 0.117969 0.037500 0.025000
0 0.046528 0.361719 0.043056 0.028125
0 0.077778 0.330859 0.047222 0.025781
0 0.106944 0.330078 0.025000 0.017969
0 0.161111 0.388672 0.041667 0.027344
0 0.193750 0.376172 0.048611 0.022656
0 0.038889 0.522266 0.047222 0.024219
0 0.144444 0.469531 0.033333 0.014063
0 0.275694 0.353906 0.031944 0.015625
0 0.177778 0.295703 0.041667 0.025781
0 0.240972 0.248438 0.051389 0.025000
0 0.333333 0.239453 0.027778 0.016406
0 0.343750 0.311719 0.048611 0.026562
0 0.381250 0.327344 0.031944 0.014063
0 0.402778 0.351172 0.027778 0.019531
0 0.277778 0.594922 0.027778 0.013281
0 0.316667 0.623047 0.030556 0.016406
0 0.413889 0.600391 0.030556 0.016406
0 0.427778 0.556641 0.044444 0.022656
0 0.439583 0.580078 0.034722 0.019531
0 0.455556 0.511328 0.050000 0.022656
0 0.434722 0.500781 0.019444 0.014063
0 0.479861 0.545703 0.018056 0.013281
0 0.501389 0.573828 0.047222 0.024219
0 0.477083 0.669922 0.018056 0.013281
0 0.539583 0.629687 0.029167 0.017188
0 0.529861 0.611719 0.037500 0.015625
0 0.488194 0.595313 0.026389 0.012500
0 0.597917 0.570703 0.051389 0.028906
0 0.677778 0.543359 0.036111 0.028906
0 0.661111 0.582031 0.022222 0.015625
0 0.754167 0.599609 0.044444 0.025781
0 0.738889 0.631641 0.058333 0.032031
0 0.782639 0.687891 0.048611 0.024219
0 0.845833 0.642969 0.025000 0.021875
0 0.819444 0.558203 0.058333 0.032031
0 0.714583 0.474219 0.043056 0.021875
0 0.781944 0.480859 0.050000 0.022656
0 0.881250 0.531250 0.037500 0.021875
0 0.874306 0.475391 0.026389 0.011719
0 0.937500 0.453125 0.050000 0.028125
0 0.942361 0.478906 0.037500 0.018750
0 0.983333 0.492188 0.030556 0.026562
0 0.622917 0.455469 0.023611 0.007812
0 0.863194 0.407031 0.026389 0.014063
0 0.925000 0.401172 0.027778 0.010156
0 0.934028 0.339062 0.029167 0.015625
0 0.488889 0.366406 0.030556 0.015625
0 0.515972 0.409766 0.020833 0.011719
0 0.627778 0.385937 0.022222 0.010937
0 0.360417 0.208203 0.029167 0.016406
0 0.395139 0.221094 0.026389 0.020313
0 0.440972 0.213281 0.034722 0.020313
0 0.415972 0.246094 0.026389 0.014063
0 0.412500 0.260937 0.030556 0.010937
0 0.468056 0.238672 0.036111 0.019531
0 0.477778 0.213281 0.033333 0.018750
0 0.500000 0.227734 0.027778 0.019531
0 0.525000 0.296875 0.033333 0.015625
0 0.527778 0.347656 0.022222 0.014063
0 0.565278 0.355859 0.022222 0.011719
0 0.636111 0.415625 0.027778 0.014063
0 0.668056 0.412109 0.030556 0.013281
0 0.693056 0.406250 0.019444 0.014063
0 0.622222 0.239063 0.027778 0.017188
0 0.586806 0.225391 0.034722 0.014844
0 0.499306 0.173828 0.018056 0.013281
0 0.599306 0.150000 0.037500 0.020313
0 0.627083 0.176563 0.026389 0.017188
0 0.698611 0.220312 0.027778 0.015625
0 0.775000 0.226562 0.033333 0.018750
0 0.689583 0.133203 0.040278 0.025781
0 0.700694 0.171484 0.040278 0.022656
0 0.746528 0.190625 0.034722 0.021875
0 0.774306 0.203516 0.029167 0.016406
0 0.820139 0.210938 0.040278 0.020313
0 0.798611 0.192578 0.038889 0.014844
0 0.806944 0.173828 0.036111 0.025781
0 0.839583 0.182422 0.026389 0.017969
0 0.868750 0.198047 0.037500 0.019531
0 0.890972 0.172266 0.037500 0.021094
0 0.936806 0.151953 0.037500 0.022656
0 0.941667 0.171484 0.022222 0.017969
0 0.970833 0.160156 0.038889 0.018750
0 0.972222 0.241016 0.027778 0.010156
0 0.968056 0.271094 0.041667 0.025000
0 0.993056 0.264453 0.008333 0.021094
0 0.700694 0.376953 0.015278 0.008594
0 0.722917 0.381641 0.020833 0.008594
0 0.725000 0.373047 0.019444 0.010156
0 0.897917 0.577344 0.018056 0.010937
0 0.925694 0.573438 0.015278 0.009375
0 0.211111 0.329297 0.019444 0.008594
0 0.130556 0.305469 0.030556 0.028125
0 0.170139 0.121875 0.031944 0.021875
0 0.893056 0.299219 0.025000 0.018750
0 0.640972 0.397656 0.031944 0.010937
0 0.573611 0.364844 0.025000 0.012500
0 0.637500 0.512891 0.016667 0.008594
0 0.047917 0.382031 0.056944 0.020313