0 0.195833 0.213281 0.027778 0.021875
0 0.177778 0.206641 0.025000 0.022656
0 0.286111 0.204297 0.033333 0.016406
0 0.254861 0.202734 0.031944 0.013281
0 0.217361 0.223828 0.026389 0.011719
0 0.626389 0.256250 0.030556 0.026562
0 0.661806 0.250391 0.043056 0.025781
0 0.738194 0.232031 0.051389 0.020313
0 0.794444 0.167187 0.030556 0.021875
0 0.786111 0.139844 0.033333 0.028125
0 0.771528 0.124219 0.034722 0.029687
0 0.835417 0.107031 0.034722 0.029687
0 0.833333 0.153516 0.038889 0.022656
0 0.863194 0.271094 0.054167 0.029687
0 0.801389 0.401172 0.038889 0.028906
0 0.663194 0.395703 0.040278 0.025781
0 0.820139 0.449609 0.054167 0.028906
0 0.942361 0.437109 0.034722 0.022656
0 0.176389 0.350000 0.050000 0.029687
0 0.238889 0.358984 0.050000 0.024219
0 0.200694 0.417187 0.045833 0.025000
0 0.106944 0.482812 0.041667 0.029687
0 0.144444 0.510156 0.036111 0.023438
0 0.271528 0.460547 0.040278 0.021094
0 0.333333 0.416797 0.030556 0.014844
0 0.399306 0.440234 0.029167 0.014844
0 0.265278 0.521094 0.050000 0.025000
0 0.121528 0.636719 0.029167 0.017188
0 0.075694 0.663672 0.026389 0.014844
0 0.049306 0.654687 0.034722 0.014063
0 0.023611 0.675391 0.036111 0.014844
0 0.078472 0.679297 0.043056 0.016406
0 0.150694 0.694922 0.040278 0.014844
0 0.186806 0.683203 0.034722 0.016406
0 0.327778 0.707812 0.030556 0.015625
0 0.359722 0.757422 0.033333 0.016406
0 0.479861 0.759766 0.026389 0.013281
0 0.500694 0.805469 0.037500 0.017188
0 0.742361 0.657422 0.034722 0.013281
0 0.590972 0.674219 0.043056 0.020313
0 0.561111 0.594922 0.044444 0.019531
0 0.416667 0.664453 0.033333 0.011719
0 0.475694 0.631250 0.020833 0.010937
0 0.354861 0.397266 0.043056 0.019531
0 0.268056 0.283984 0.027778 0.013281
0 0.975694 0.403125 0.029167 0.018750
0 0.298611 0.443750 0.025000 0.017188
0 0.402083 0.409375 0.018056 0.014063
0 0.422917 0.384375 0.023611 0.017188
0 0.192361 0.450391 0.029167 0.022656
0 0.150694 0.484375 0.040278 0.020313
0 0.200000 0.476172 0.050000 0.027344
0 0.211806 0.509766 0.026389 0.011719
0 0.195139 0.242578 0.018056 0.010156
0 0.986806 0.700000 0.023611 0.021875
0 0.293750 0.505078 0.031944 0.019531