0 0.019444 0.626953 0.038889 0.025781
0 0.142361 0.664062 0.054167 0.018750
0 0.067361 0.685937 0.054167 0.028125
0 0.105556 0.714063 0.069444 0.021875
0 0.006250 0.678125 0.012500 0.017188
0 0.448611 0.652344 0.041667 0.025000
0 0.454167 0.631250 0.025000 0.015625
0 0.477778 0.632422 0.022222 0.014844
0 0.489583 0.616797 0.040278 0.017969
0 0.570833 0.642969 0.041667 0.018750
0 0.565972 0.581641 0.043056 0.016406
0 0.641667 0.567969 0.038889 0.025000
0 0.636806 0.445312 0.043056 0.026562
0 0.612500 0.455859 0.044444 0.021094
0 0.691667 0.430078 0.019444 0.011719
0 0.738889 0.433594 0.019444 0.015625
0 0.670833 0.497266 0.019444 0.017969
0 0.741667 0.533984 0.030556 0.022656
0 0.789583 0.517969 0.029167 0.015625
0 0.804861 0.517969 0.015278 0.012500
0 0.775694 0.553516 0.045833 0.021094
0 0.678472 0.571875 0.023611 0.012500
0 0.652083 0.594531 0.040278 0.021875
0 0.658333 0.612891 0.033333 0.014844
0 0.733333 0.617969 0.038889 0.023438
0 0.767361 0.610156 0.048611 0.026562
0 0.852083 0.642969 0.045833 0.012500
0 0.763889 0.637109 0.036111 0.021094