0 0.911806 0.224219 0.045833 0.028125
0 0.936111 0.226562 0.033333 0.028125
0 0.648611 0.353516 0.030556 0.017969
0 0.640278 0.371875 0.038889 0.018750
0 0.973611 0.303125 0.041667 0.023438
0 0.942361 0.324609 0.037500 0.016406
0 0.922222 0.305859 0.033333 0.008594
0 0.934028 0.298047 0.029167 0.014844
0 0.911806 0.348438 0.043056 0.023438
0 0.903472 0.323437 0.037500 0.015625
0 0.884028 0.357422 0.034722 0.021094
0 0.954861 0.288281 0.031944 0.009375
0 0.945139 0.644922 0.059722 0.041406
0 0.985417 0.634375 0.026389 0.028125
0 0.313889 0.320312 0.011111 0.015625
0 0.841667 0.445703 0.041667 0.021094