0 0.171528 0.623047 0.054167 0.025781
0 0.293750 0.660547 0.054167 0.021094
0 0.263889 0.707812 0.063889 0.021875
0 0.576389 0.629297 0.027778 0.014844
0 0.617361 0.614453 0.040278 0.017969
0 0.698611 0.636328 0.041667 0.013281
0 0.697917 0.580859 0.043056 0.016406
0 0.776389 0.567578 0.038889 0.024219
0 0.774306 0.444531 0.043056 0.026562
0 0.748611 0.455078 0.044444 0.021094
0 0.837500 0.429297 0.019444 0.011719
0 0.881944 0.431250 0.019444 0.015625
0 0.809722 0.495703 0.019444 0.017969
0 0.886111 0.533203 0.030556 0.022656
0 0.936806 0.516406 0.029167 0.015625
0 0.917361 0.553516 0.045833 0.021094
0 0.813194 0.570312 0.023611 0.012500
0 0.785417 0.590625 0.040278 0.021875
0 0.788889 0.612109 0.033333 0.014844
0 0.875000 0.618750 0.038889 0.023438
0 0.910417 0.607812 0.048611 0.026562
0 0.904167 0.635547 0.036111 0.021094
0 0.229167 0.683203 0.050000 0.032031
0 0.197222 0.669141 0.016667 0.011719
0 0.154861 0.676953 0.043056 0.025781
0 0.100000 0.656250 0.044444 0.029687
0 0.071528 0.659766 0.034722 0.028906
0 0.110417 0.539062 0.054167 0.026562
0 0.090278 0.553906 0.041667 0.023438
0 0.115278 0.515625 0.019444 0.017188
0 0.086111 0.513281 0.038889 0.026562
0 0.097917 0.473828 0.040278 0.025781
0 0.907639 0.408203 0.020833 0.010156
0 0.971528 0.644141 0.020833 0.017969
0 0.570833 0.650000 0.044444 0.026562
0 0.043750 0.703516 0.040278 0.021094
0 0.020139 0.769141 0.037500 0.025781
0 0.029861 0.633203 0.040278 0.021094
0 0.026389 0.508594 0.047222 0.017188
0 0.004861 0.483203 0.009722 0.019531
0 0.033333 0.423438 0.036111 0.025000
0 0.034028 0.453125 0.029167 0.018750