0 0.427778 0.194922 0.036111 0.024219
0 0.327778 0.168750 0.027778 0.018750
0 0.361806 0.282422 0.037500 0.019531
0 0.334722 0.264453 0.033333 0.024219
0 0.328472 0.280859 0.020833 0.014844
0 0.244444 0.324219 0.033333 0.021875
0 0.089583 0.321094 0.029167 0.017188
0 0.595833 0.304297 0.036111 0.016406
0 0.545833 0.316016 0.038889 0.024219
0 0.681250 0.328906 0.031944 0.023438
0 0.633333 0.330859 0.030556 0.014844
0 0.665278 0.357422 0.038889 0.022656
0 0.738889 0.478906 0.033333 0.017188
0 0.559722 0.210938 0.030556 0.017188
0 0.190278 0.340625 0.038889 0.014063
0 0.245139 0.437109 0.029167 0.016406
0 0.425694 0.546484 0.031944 0.017969
0 0.418056 0.488281 0.030556 0.018750
0 0.429861 0.496094 0.023611 0.017188
0 0.303472 0.442969 0.026389 0.012500
0 0.275000 0.435937 0.016667 0.014063
0 0.570833 0.329688 0.027778 0.014063
0 0.597917 0.350391 0.020833 0.016406
0 0.785417 0.357812 0.031944 0.017188
0 0.240972 0.369922 0.023611 0.013281
0 0.105556 0.382812 0.025000 0.009375
0 0.761806 0.382031 0.037500 0.017188
0 0.010417 0.310937 0.020833 0.017188
0 0.013889 0.337109 0.025000 0.014844
0 0.454861 0.258594 0.023611 0.018750
0 0.490278 0.329688 0.011111 0.012500
0 0.365278 0.491797 0.025000 0.013281
0 0.409028 0.530859 0.031944 0.017969
0 0.431944 0.551953 0.030556 0.017969
0 0.180556 0.505469 0.022222 0.015625
0 0.670139 0.466797 0.034722 0.014844
0 0.744444 0.422656 0.027778 0.018750
0 0.548611 0.417578 0.019444 0.008594
0 0.440278 0.475391 0.047222 0.017969