0 0.011111 0.087891 0.019444 0.017969
0 0.051389 0.109375 0.038889 0.020313
0 0.043056 0.095703 0.038889 0.010156
0 0.076389 0.092188 0.038889 0.025000
0 0.079861 0.118359 0.029167 0.021094
0 0.097917 0.138281 0.040278 0.023438
0 0.059028 0.209375 0.045833 0.028125
0 0.081250 0.262891 0.045833 0.028906
0 0.025694 0.308594 0.040278 0.023438
0 0.081944 0.338281 0.027778 0.010937
0 0.047917 0.385547 0.040278 0.025781
0 0.015278 0.400781 0.030556 0.026562
0 0.021528 0.476562 0.023611 0.017188
0 0.171528 0.535547 0.012500 0.007031
0 0.184028 0.600781 0.026389 0.014063
0 0.031944 0.141016 0.038889 0.027344
0 0.199306 0.255078 0.029167 0.017969
0 0.192361 0.324219 0.048611 0.026562
0 0.227778 0.338672 0.030556 0.014844
0 0.306944 0.514453 0.047222 0.022656
0 0.282639 0.560156 0.040278 0.021875
0 0.300000 0.582422 0.033333 0.016406
0 0.311806 0.605859 0.026389 0.013281
0 0.354167 0.574609 0.050000 0.022656
0 0.435417 0.572656 0.045833 0.026562
0 0.386806 0.599609 0.031944 0.016406
0 0.431944 0.631641 0.027778 0.013281
0 0.500694 0.543359 0.045833 0.025781
0 0.592361 0.682422 0.048611 0.022656
0 0.546528 0.624219 0.045833 0.028125
0 0.556944 0.596484 0.038889 0.019531
0 0.654167 0.638672 0.044444 0.025781
0 0.257639 0.233984 0.026389 0.016406
0 0.222222 0.226172 0.027778 0.011719
0 0.272222 0.272656 0.027778 0.009375
0 0.281250 0.256250 0.023611 0.006250
0 0.296528 0.226562 0.040278 0.021875
0 0.327778 0.252734 0.030556 0.019531
0 0.332639 0.230859 0.029167 0.021094
0 0.358333 0.241797 0.033333 0.019531
0 0.429861 0.239453 0.031944 0.016406
0 0.386111 0.308203 0.030556 0.016406
0 0.366667 0.376172 0.027778 0.016406
0 0.400694 0.417969 0.020833 0.012500
0 0.522917 0.393359 0.018056 0.010156
0 0.535417 0.421484 0.029167 0.013281
0 0.627083 0.556250 0.051389 0.031250
0 0.702778 0.568359 0.027778 0.021094
0 0.689583 0.529297 0.037500 0.022656
0 0.548611 0.477734 0.038889 0.022656
0 0.612500 0.485547 0.044444 0.022656
0 0.676389 0.483594 0.033333 0.015625
0 0.725000 0.455078 0.033333 0.025781
0 0.773611 0.490234 0.044444 0.027344
0 0.799306 0.515625 0.034722 0.015625
0 0.420139 0.358203 0.020833 0.013281
0 0.457639 0.360547 0.018056 0.005469
0 0.472222 0.371094 0.013889 0.007812
0 0.438194 0.164062 0.034722 0.017188
0 0.355556 0.189844 0.022222 0.017188
0 0.535417 0.184375 0.020833 0.021875
0 0.484722 0.251563 0.025000 0.015625
0 0.558333 0.232813 0.027778 0.017188
0 0.586111 0.205469 0.033333 0.023438
0 0.620833 0.237500 0.030556 0.018750
0 0.640972 0.186719 0.034722 0.023438
0 0.636806 0.205469 0.031944 0.014063
0 0.618056 0.215234 0.025000 0.014844
0 0.668056 0.194531 0.030556 0.020313
0 0.662500 0.219141 0.033333 0.017969
0 0.699306 0.210938 0.031944 0.020313
0 0.718750 0.185938 0.034722 0.020313
0 0.752083 0.163281 0.031944 0.020313
0 0.785417 0.173828 0.040278 0.014844
0 0.782639 0.250391 0.026389 0.011719
0 0.774306 0.278516 0.037500 0.022656
0 0.833333 0.272266 0.025000 0.016406
0 0.783333 0.315625 0.027778 0.017188
0 0.801389 0.344922 0.022222 0.011719
0 0.895139 0.523828 0.040278 0.024219
0 0.975000 0.510156 0.027778 0.015625
0 0.947222 0.517188 0.036111 0.018750
0 0.961111 0.444141 0.044444 0.022656
0 0.865278 0.294531 0.027778 0.014063
0 0.923611 0.239063 0.019444 0.026562
0 0.946528 0.246484 0.026389 0.017969
0 0.954861 0.283594 0.029167 0.014063
0 0.991667 0.283984 0.011111 0.024219
0 0.948611 0.311328 0.019444 0.008594
0 0.904861 0.300391 0.023611 0.010156
0 0.867361 0.311328 0.018056 0.013281
0 0.877083 0.327734 0.023611 0.014844
0 0.898611 0.324609 0.016667 0.011719
0 0.913194 0.326953 0.015278 0.013281
0 0.513194 0.150391 0.040278 0.021094
0 0.375694 0.672266 0.018056 0.013281
0 0.466667 0.192578 0.019444 0.019531
0 0.756944 0.185938 0.016667 0.014063
0 0.816667 0.198047 0.016667 0.010156
0 0.824306 0.250781 0.023611 0.023438
0 0.804861 0.273047 0.023611 0.025781
0 0.769444 0.307031 0.025000 0.012500
0 0.267361 0.360938 0.026389 0.020313
0 0.251389 0.353125 0.025000 0.018750
0 0.227083 0.626563 0.034722 0.018750
0 0.729167 0.480469 0.019444 0.018750
0 0.568750 0.419922 0.034722 0.019531