0 0.137500 0.103516 0.044444 0.027344
0 0.159028 0.082422 0.037500 0.017969
0 0.247917 0.083594 0.040278 0.015625
0 0.342361 0.240625 0.037500 0.025000
0 0.363889 0.256641 0.044444 0.027344
0 0.348611 0.312891 0.038889 0.019531
0 0.246528 0.412891 0.062500 0.035156
0 0.400694 0.453125 0.054167 0.031250
0 0.404167 0.480469 0.038889 0.028125
0 0.408333 0.531250 0.052778 0.026562
0 0.316667 0.500391 0.047222 0.027344
0 0.290278 0.515234 0.027778 0.021094
0 0.009722 0.531641 0.019444 0.030469
0 0.190278 0.500391 0.066667 0.035156
0 0.150000 0.619141 0.050000 0.025781
0 0.308333 0.628906 0.047222 0.021875
0 0.322222 0.251172 0.025000 0.008594
0 0.367361 0.426953 0.029167 0.016406
0 0.312500 0.425781 0.041667 0.017188