0 0.024306 0.094922 0.031944 0.021094
0 0.136111 0.249219 0.047222 0.029687
0 0.166667 0.265625 0.044444 0.031250
0 0.142361 0.325391 0.051389 0.024219
0 0.020833 0.424219 0.041667 0.031250
0 0.129861 0.430469 0.020833 0.010937
0 0.113194 0.442188 0.018056 0.015625
0 0.187500 0.460156 0.058333 0.029687
0 0.107639 0.516797 0.048611 0.027344
0 0.092361 0.530859 0.051389 0.019531
0 0.190278 0.548438 0.052778 0.028125
0 0.197222 0.497266 0.036111 0.022656
0 0.849306 0.509375 0.037500 0.020313
0 0.097917 0.647656 0.051389 0.021875
0 0.004861 0.512109 0.006944 0.022656
0 0.872917 0.530469 0.020833 0.018750