0 0.095139 0.440625 0.043056 0.025000
0 0.155556 0.467187 0.033333 0.021875
0 0.983333 0.396484 0.030556 0.024219
0 0.856250 0.478516 0.043056 0.019531
0 0.096528 0.478125 0.031944 0.017188
0 0.092361 0.488281 0.020833 0.012500
0 0.111806 0.492188 0.018056 0.012500
0 0.147917 0.500781 0.045833 0.017188
0 0.166667 0.511328 0.044444 0.021094
0 0.163889 0.541016 0.036111 0.024219
0 0.266667 0.736719 0.066667 0.035937
0 0.267361 0.761719 0.026389 0.012500
0 0.268750 0.832422 0.056944 0.036719
0 0.984028 0.591406 0.029167 0.018750
0 0.986806 0.615625 0.023611 0.014063