0 0.365972 0.125000 0.037500 0.023438
0 0.388194 0.107031 0.040278 0.020313
0 0.550000 0.251953 0.036111 0.022656
0 0.569444 0.266797 0.041667 0.025781
0 0.554167 0.317188 0.030556 0.014063
0 0.481944 0.407031 0.041667 0.023438
0 0.604861 0.448828 0.051389 0.027344
0 0.422222 0.490625 0.055556 0.028125
0 0.404861 0.501953 0.043056 0.011719
0 0.537500 0.492969 0.047222 0.023438
0 0.609722 0.473828 0.038889 0.024219
0 0.615278 0.523828 0.047222 0.027344
0 0.506250 0.506250 0.031944 0.017188
0 0.247222 0.519531 0.050000 0.029687
0 0.238194 0.562500 0.029167 0.025000
0 0.224306 0.590625 0.056944 0.029687
0 0.387500 0.602734 0.047222 0.022656
0 0.528472 0.612500 0.045833 0.023438
0 0.140972 0.426953 0.037500 0.022656
0 0.476389 0.108594 0.033333 0.018750
0 0.163889 0.441406 0.025000 0.021875
0 0.580556 0.427734 0.038889 0.016406
0 0.534722 0.423438 0.022222 0.017188