0 0.672222 0.118359 0.036111 0.022656
0 0.704167 0.121875 0.027778 0.021875
0 0.726389 0.120703 0.022222 0.016406
0 0.747917 0.128906 0.026389 0.017188
0 0.740972 0.096484 0.015278 0.010156
0 0.772222 0.103125 0.033333 0.023438
0 0.808333 0.098437 0.036111 0.025000
0 0.830556 0.072266 0.022222 0.021094
0 0.809722 0.122656 0.030556 0.020313
0 0.834028 0.124609 0.026389 0.014844
0 0.852083 0.147656 0.034722 0.021875
0 0.813194 0.171484 0.031944 0.016406
0 0.896528 0.122656 0.034722 0.020313
0 0.934722 0.123438 0.036111 0.018750
0 0.919444 0.162500 0.030556 0.015625
0 0.063889 0.322266 0.033333 0.021094
0 0.079167 0.221094 0.030556 0.015625
0 0.026389 0.269531 0.025000 0.009375
0 0.110417 0.230469 0.015278 0.009375
0 0.128472 0.262891 0.051389 0.033594
0 0.179167 0.290234 0.052778 0.032031
0 0.170833 0.318359 0.050000 0.025781
0 0.318750 0.260156 0.023611 0.012500
0 0.306944 0.301172 0.027778 0.017969
0 0.256250 0.367188 0.056944 0.031250
0 0.359722 0.338281 0.027778 0.007812
0 0.058333 0.501953 0.022222 0.011719
0 0.143750 0.465625 0.037500 0.017188
0 0.105556 0.531641 0.027778 0.021094
0 0.125000 0.497266 0.013889 0.010156
0 0.167361 0.481250 0.026389 0.012500
0 0.005556 0.595313 0.008333 0.012500
0 0.084028 0.581641 0.029167 0.016406
0 0.065972 0.600781 0.026389 0.014063
0 0.125000 0.641406 0.025000 0.017188
0 0.175694 0.528906 0.026389 0.015625
0 0.272917 0.481641 0.020833 0.010156
0 0.258333 0.533203 0.025000 0.014844
0 0.287500 0.530859 0.030556 0.014844
0 0.313889 0.525391 0.025000 0.016406
0 0.380556 0.585938 0.033333 0.014063
0 0.352778 0.522656 0.025000 0.015625
0 0.375694 0.520312 0.026389 0.012500
0 0.361111 0.551953 0.027778 0.014844
0 0.552083 0.625000 0.018056 0.014063
0 0.635417 0.573828 0.034722 0.017969
0 0.593750 0.552734 0.031944 0.017969
0 0.563889 0.541016 0.022222 0.013281
0 0.489583 0.521484 0.051389 0.033594
0 0.530556 0.543359 0.041667 0.022656
0 0.495139 0.550391 0.023611 0.013281
0 0.534028 0.332422 0.026389 0.007031
0 0.554861 0.373047 0.026389 0.014844
0 0.632639 0.356250 0.040278 0.020313
0 0.654167 0.397266 0.033333 0.021094
0 0.735417 0.387109 0.031944 0.016406
0 0.481944 0.419922 0.030556 0.021094
0 0.473611 0.458594 0.030556 0.020313
0 0.518056 0.430078 0.058333 0.027344
0 0.564583 0.448828 0.045833 0.024219
0 0.581250 0.463281 0.020833 0.012500
0 0.651389 0.462891 0.047222 0.030469
0 0.776389 0.562500 0.033333 0.017188
0 0.708333 0.423438 0.055556 0.018750
0 0.715278 0.491016 0.047222 0.025781
0 0.759722 0.485156 0.047222 0.023438
0 0.820833 0.469922 0.052778 0.030469
0 0.995139 0.666016 0.006944 0.014844
0 0.939583 0.535937 0.054167 0.025000
0 0.972222 0.418750 0.052778 0.039062
0 0.943056 0.441016 0.041667 0.032031
0 0.933333 0.471484 0.033333 0.024219
0 0.865972 0.427734 0.054167 0.033594
0 0.694444 0.278906 0.022222 0.020313
0 0.714583 0.278125 0.034722 0.021875
0 0.745833 0.265234 0.047222 0.021094
0 0.757639 0.281641 0.023611 0.019531
0 0.790972 0.283984 0.031944 0.021094
0 0.849306 0.264453 0.040278 0.021094
0 0.836806 0.279297 0.034722 0.019531
0 0.902778 0.295312 0.033333 0.020313
0 0.895139 0.316797 0.034722 0.017969
0 0.972917 0.345313 0.023611 0.015625
0 0.977778 0.324609 0.036111 0.022656
0 0.961806 0.229687 0.048611 0.034375
0 0.993750 0.229297 0.006944 0.025781
0 0.979167 0.273047 0.027778 0.024219
0 0.293750 0.419531 0.015278 0.012500
0 0.314583 0.416016 0.026389 0.014844
0 0.913889 0.250781 0.041667 0.021875
0 0.977778 0.189844 0.041667 0.039062
0 0.016667 0.244141 0.022222 0.014844
0 0.045833 0.241406 0.025000 0.015625
0 0.447222 0.367969 0.033333 0.017188
0 0.018056 0.526563 0.030556 0.015625
0 0.164583 0.432031 0.023611 0.017188