0 0.459722 0.209766 0.052778 0.030469
0 0.534028 0.196875 0.020833 0.020313
0 0.615278 0.206250 0.052778 0.031250
0 0.650000 0.215625 0.050000 0.029687
0 0.570833 0.318359 0.050000 0.035156
0 0.526389 0.356641 0.033333 0.016406
0 0.640278 0.408594 0.033333 0.017188
0 0.429861 0.408594 0.051389 0.018750
0 0.392361 0.436328 0.051389 0.025781
0 0.579167 0.452344 0.038889 0.023438
0 0.596528 0.505469 0.045833 0.026562
0 0.354861 0.599609 0.051389 0.021094
0 0.588889 0.561328 0.030556 0.013281
0 0.725694 0.516797 0.034722 0.021094
0 0.748611 0.565234 0.025000 0.022656
0 0.674306 0.692187 0.043056 0.046875
0 0.321528 0.704688 0.045833 0.014063
0 0.394444 0.733203 0.027778 0.014844
0 0.052083 0.316016 0.043056 0.025781
0 0.092361 0.328125 0.043056 0.021875
0 0.693750 0.421875 0.048611 0.018750
0 0.817361 0.558984 0.026389 0.019531
0 0.447917 0.704297 0.037500 0.016406
0 0.125694 0.797656 0.043056 0.031250
0 0.077083 0.746484 0.054167 0.025781
0 0.570833 0.608984 0.025000 0.017969
0 0.425694 0.276172 0.023611 0.022656
0 0.449306 0.320703 0.045833 0.022656
0 0.600694 0.401562 0.018056 0.009375
0 0.157639 0.502344 0.037500 0.012500
0 0.711111 0.455469 0.047222 0.021875
0 0.781944 0.508594 0.030556 0.021875
0 0.266667 0.805078 0.033333 0.017969
0 0.484722 0.734766 0.047222 0.013281
0 0.602083 0.737500 0.048611 0.035937
0 0.640278 0.780078 0.050000 0.022656