0 0.170139 0.317578 0.054167 0.030469
0 0.132639 0.303125 0.051389 0.029687
0 0.017361 0.303516 0.034722 0.030469
0 0.007639 0.461328 0.015278 0.028906
0 0.136111 0.598828 0.052778 0.032031
0 0.174306 0.594922 0.020833 0.024219
0 0.167361 0.635547 0.062500 0.035156
0 0.126389 0.629687 0.050000 0.023438
0 0.040278 0.630859 0.052778 0.024219
0 0.006250 0.739062 0.012500 0.015625
0 0.035417 0.739453 0.037500 0.022656
0 0.642361 0.715234 0.054167 0.027344
0 0.508333 0.737500 0.050000 0.018750
0 0.569444 0.551562 0.044444 0.025000
0 0.513194 0.575000 0.037500 0.021875
0 0.658333 0.541016 0.055556 0.024219
0 0.603472 0.522266 0.031944 0.021094
0 0.597222 0.500391 0.036111 0.013281
0 0.632639 0.502344 0.031944 0.018750
0 0.723611 0.684766 0.055556 0.032031
0 0.645833 0.619141 0.041667 0.022656
0 0.656250 0.580078 0.043056 0.022656
0 0.677778 0.608203 0.047222 0.027344
0 0.530556 0.567578 0.038889 0.017969
0 0.575694 0.698047 0.043056 0.011719
0 0.058333 0.785547 0.033333 0.028906
0 0.109028 0.783203 0.059722 0.032031
0 0.108333 0.819531 0.050000 0.032813
0 0.275694 0.783984 0.045833 0.027344
0 0.336806 0.798438 0.054167 0.028125
0 0.079167 0.970703 0.061111 0.030469
0 0.693750 0.737109 0.051389 0.027344
0 0.787500 0.746094 0.047222 0.031250
0 0.838889 0.725000 0.055556 0.018750
0 0.813194 0.773047 0.054167 0.027344
0 0.554861 0.628906 0.045833 0.012500
0 0.100000 0.637109 0.027778 0.027344
0 0.129167 0.831641 0.033333 0.025781
0 0.582639 0.757812 0.045833 0.021875
0 0.514583 0.816016 0.040278 0.025781
0 0.561806 0.818750 0.037500 0.026562
0 0.602083 0.575000 0.037500 0.020313
0 0.610417 0.547266 0.012500 0.017969