0 0.645139 0.008594 0.045833 0.015625
0 0.715972 0.014844 0.045833 0.026562
0 0.692361 0.035547 0.037500 0.022656
0 0.766667 0.032422 0.047222 0.028906
0 0.867361 0.033203 0.040278 0.022656
0 0.882639 0.010937 0.034722 0.014063
0 0.750694 0.082422 0.037500 0.027344
0 0.739583 0.103516 0.034722 0.021094
0 0.711111 0.121875 0.041667 0.023438
0 0.780556 0.113672 0.033333 0.021094
0 0.802083 0.081250 0.034722 0.018750
0 0.811806 0.057813 0.034722 0.020313
0 0.890278 0.063281 0.041667 0.021875
0 0.871528 0.082812 0.020833 0.018750
0 0.953472 0.130078 0.037500 0.019531
0 0.986806 0.125391 0.023611 0.016406
0 0.901389 0.158203 0.041667 0.024219
0 0.938889 0.181641 0.036111 0.019531
0 0.914583 0.192188 0.037500 0.021875
0 0.850694 0.207031 0.040278 0.023438
0 0.808333 0.185156 0.033333 0.012500
0 0.811111 0.250000 0.044444 0.021875
0 0.672917 0.269531 0.037500 0.021875
0 0.753472 0.289844 0.034722 0.017188
0 0.845139 0.301172 0.040278 0.021094
0 0.815278 0.323828 0.033333 0.011719
0 0.951389 0.353516 0.044444 0.021094
0 0.461111 0.311328 0.033333 0.017969
0 0.619444 0.335156 0.033333 0.020313
0 0.668056 0.312891 0.027778 0.017969
0 0.390278 0.339453 0.030556 0.014844
0 0.262500 0.366406 0.030556 0.015625
0 0.279861 0.372266 0.023611 0.014844
0 0.224306 0.388281 0.026389 0.009375
0 0.144444 0.402344 0.033333 0.018750
0 0.048611 0.413281 0.038889 0.020313
0 0.104167 0.407031 0.038889 0.023438
0 0.036111 0.380078 0.016667 0.011719
0 0.011111 0.375391 0.019444 0.017969
0 0.033333 0.355469 0.022222 0.015625
0 0.100000 0.439844 0.036111 0.020313
0 0.104861 0.457813 0.031944 0.014063
0 0.032639 0.478906 0.034722 0.018750
0 0.136111 0.465625 0.033333 0.009375
0 0.550000 0.366406 0.033333 0.018750
0 0.477778 0.394531 0.030556 0.017188
0 0.563194 0.408203 0.015278 0.013281
0 0.531250 0.423047 0.026389 0.013281
0 0.432639 0.448437 0.037500 0.021875
0 0.519444 0.441016 0.022222 0.016406
0 0.035417 0.517578 0.026389 0.013281
0 0.058333 0.521484 0.030556 0.013281
0 0.056944 0.549219 0.025000 0.018750
0 0.361806 0.557813 0.056944 0.020313
0 0.314583 0.535547 0.037500 0.014844
0 0.675000 0.402734 0.036111 0.021094
0 0.713194 0.401562 0.040278 0.021875
0 0.789583 0.396875 0.023611 0.023438
0 0.816667 0.403906 0.030556 0.023438
0 0.808333 0.425781 0.038889 0.010937
0 0.802083 0.462500 0.026389 0.018750
0 0.684722 0.451562 0.030556 0.028125
0 0.715278 0.466016 0.022222 0.025781
0 0.712500 0.489844 0.033333 0.014063
0 0.804167 0.505859 0.027778 0.010156
0 0.684028 0.522266 0.031944 0.016406
0 0.599306 0.554688 0.065278 0.031250
0 0.540278 0.601562 0.072222 0.040625
0 0.544444 0.624609 0.063889 0.027344
0 0.473611 0.642188 0.072222 0.043750
0 0.105556 0.682031 0.086111 0.046875
0 0.212500 0.668750 0.063889 0.039062
0 0.180556 0.709766 0.050000 0.028906
0 0.309028 0.683594 0.051389 0.028125
0 0.276389 0.703516 0.047222 0.016406
0 0.354167 0.651172 0.036111 0.021094
0 0.380556 0.662109 0.052778 0.019531
0 0.422917 0.646875 0.043056 0.021875
0 0.402083 0.615625 0.040278 0.023438
0 0.521528 0.661719 0.045833 0.021875
0 0.652778 0.657031 0.047222 0.028125
0 0.304167 0.747266 0.052778 0.027344
0 0.436111 0.745313 0.050000 0.023438
0 0.415972 0.695312 0.020833 0.010937
0 0.647222 0.798828 0.058333 0.038281
0 0.685417 0.776563 0.048611 0.029687
0 0.725694 0.749219 0.029167 0.028125
0 0.790972 0.729297 0.040278 0.022656
0 0.866667 0.775000 0.041667 0.031250
0 0.974306 0.728906 0.048611 0.031250
0 0.987500 0.752734 0.022222 0.021094
0 0.639583 0.357422 0.029167 0.013281