0 0.508333 0.205859 0.038889 0.024219
0 0.318056 0.434766 0.038889 0.024219
0 0.329167 0.466016 0.038889 0.017969
0 0.283333 0.662500 0.041667 0.025000
0 0.303472 0.608203 0.034722 0.019531
0 0.266667 0.550000 0.030556 0.018750
0 0.173611 0.452734 0.013889 0.010156
0 0.499306 0.459375 0.031944 0.018750
0 0.544444 0.441406 0.025000 0.014063
0 0.639583 0.415234 0.031944 0.013281
0 0.705556 0.435156 0.036111 0.021875
0 0.652778 0.400000 0.030556 0.015625
0 0.898611 0.565625 0.019444 0.007812
0 0.112500 0.503906 0.022222 0.014063
0 0.291667 0.360156 0.036111 0.026562
0 0.325694 0.367188 0.031944 0.012500
0 0.608333 0.405469 0.027778 0.023438
0 0.231250 0.454688 0.029167 0.023438
0 0.069444 0.546094 0.044444 0.020313
0 0.105556 0.540625 0.030556 0.034375
0 0.306250 0.555078 0.048611 0.017969
0 0.263889 0.625391 0.052778 0.024219
0 0.503472 0.742578 0.043056 0.014844
0 0.629167 0.683203 0.011111 0.019531
0 0.672222 0.621484 0.019444 0.013281
0 0.796528 0.670312 0.029167 0.018750
0 0.888194 0.671094 0.043056 0.018750
0 0.863194 0.637891 0.034722 0.013281
0 0.927778 0.663281 0.041667 0.010937
0 0.937500 0.683203 0.022222 0.022656