0 0.395139 0.131641 0.040278 0.021094
0 0.417361 0.114062 0.034722 0.018750
0 0.502778 0.117969 0.030556 0.017188
0 0.570139 0.261719 0.037500 0.025000
0 0.589583 0.276562 0.040278 0.026562
0 0.546528 0.271875 0.026389 0.012500
0 0.567361 0.325000 0.040278 0.009375
0 0.506944 0.411328 0.036111 0.017969
0 0.597917 0.433984 0.037500 0.014844
0 0.632639 0.457031 0.048611 0.029687
0 0.623611 0.486719 0.041667 0.031250
0 0.622917 0.534375 0.045833 0.025000
0 0.556944 0.500781 0.047222 0.025000
0 0.523611 0.515234 0.027778 0.019531
0 0.443056 0.496875 0.050000 0.029687
0 0.417361 0.504297 0.029167 0.024219
0 0.403472 0.608203 0.045833 0.024219
0 0.541667 0.620703 0.041667 0.022656
0 0.246528 0.594531 0.054167 0.028125
0 0.262500 0.562891 0.030556 0.022656
0 0.281250 0.523828 0.029167 0.027344
0 0.180556 0.444922 0.030556 0.013281
0 0.156250 0.430469 0.034722 0.017188