0 0.012500 0.291016 0.019444 0.011719
0 0.026389 0.267969 0.025000 0.018750
0 0.060417 0.298047 0.026389 0.017969
0 0.073611 0.253906 0.030556 0.020313
0 0.071528 0.267969 0.029167 0.014063
0 0.100000 0.283203 0.038889 0.016406
0 0.126389 0.276172 0.022222 0.011719
0 0.131250 0.248438 0.020833 0.007812
0 0.197917 0.240625 0.026389 0.007812
0 0.138889 0.347266 0.025000 0.011719
0 0.170139 0.338281 0.037500 0.020313
0 0.175000 0.316016 0.016667 0.011719
0 0.239583 0.357812 0.026389 0.012500
0 0.257639 0.365234 0.026389 0.010156
0 0.273611 0.392578 0.022222 0.011719
0 0.323611 0.350781 0.025000 0.009375
0 0.321528 0.364453 0.018056 0.010156
0 0.331250 0.377734 0.026389 0.011719
0 0.300694 0.275391 0.054167 0.035156
0 0.354167 0.302734 0.058333 0.036719
0 0.430556 0.383203 0.055556 0.035156
0 0.384722 0.429297 0.022222 0.011719
0 0.365278 0.434375 0.013889 0.009375
0 0.527778 0.342187 0.025000 0.018750
0 0.026389 0.439063 0.027778 0.010937
0 0.025000 0.523047 0.038889 0.021094
0 0.088194 0.498828 0.031944 0.022656
0 0.014583 0.590234 0.029167 0.030469
0 0.072222 0.564063 0.033333 0.018750
0 0.131944 0.527344 0.050000 0.021875
0 0.013889 0.664062 0.025000 0.023438
0 0.047222 0.662891 0.019444 0.014844
0 0.040972 0.635156 0.020833 0.018750
0 0.088889 0.622266 0.033333 0.014844
0 0.175694 0.604297 0.026389 0.016406
0 0.213194 0.664453 0.018056 0.013281
0 0.197917 0.538281 0.020833 0.012500
0 0.210417 0.515234 0.020833 0.011719
0 0.253472 0.554688 0.031944 0.026562
0 0.293056 0.485156 0.041667 0.017188
0 0.352778 0.552344 0.022222 0.015625
0 0.385417 0.547656 0.034722 0.015625
0 0.411806 0.541406 0.026389 0.014063
0 0.495833 0.602734 0.027778 0.016406
0 0.468750 0.537109 0.026389 0.016406
0 0.473611 0.566406 0.025000 0.014063
0 0.495139 0.535547 0.029167 0.014844
0 0.600694 0.561328 0.023611 0.013281
0 0.640278 0.637891 0.025000 0.011719
0 0.778472 0.583594 0.029167 0.018750
0 0.571528 0.319922 0.031944 0.010156
0 0.550694 0.314063 0.037500 0.006250
0 0.694444 0.373437 0.027778 0.012500
0 0.563889 0.438281 0.027778 0.015625
0 0.615278 0.448828 0.044444 0.021094
0 0.629167 0.467578 0.044444 0.025781
0 0.686111 0.536328 0.055556 0.032031
0 0.726389 0.556641 0.050000 0.027344
0 0.942361 0.568750 0.031944 0.017188
0 0.912500 0.536719 0.030556 0.020313
0 0.983333 0.489063 0.030556 0.028125
0 0.950000 0.500391 0.050000 0.027344
0 0.849306 0.467969 0.051389 0.028125
0 0.763194 0.458203 0.054167 0.025781
0 0.654167 0.430469 0.033333 0.023438
0 0.689583 0.442188 0.048611 0.026562
0 0.700000 0.403125 0.033333 0.010937
0 0.786806 0.358594 0.045833 0.023438
0 0.770139 0.397656 0.020833 0.015625
0 0.809028 0.397656 0.037500 0.025000
0 0.849306 0.416016 0.043056 0.022656
0 0.904861 0.387109 0.040278 0.021094
0 0.941667 0.387500 0.027778 0.010937
0 0.908333 0.427344 0.055556 0.020313
0 0.820139 0.279687 0.020833 0.017188
0 0.845139 0.276953 0.037500 0.022656
0 0.877083 0.261328 0.045833 0.025781
0 0.889583 0.245312 0.029167 0.010937
0 0.893750 0.278516 0.031944 0.019531
0 0.927083 0.279687 0.045833 0.018750
0 0.989583 0.257812 0.018056 0.025000
0 0.766667 0.114062 0.033333 0.023438
0 0.801389 0.116406 0.033333 0.020313
0 0.825694 0.114844 0.018056 0.017188
0 0.846528 0.122656 0.031944 0.018750
0 0.875694 0.098828 0.031944 0.019531
0 0.932639 0.064062 0.037500 0.018750
0 0.911806 0.091406 0.037500 0.020313
0 0.916667 0.113281 0.033333 0.020313
0 0.920833 0.165625 0.033333 0.017188
0 0.963194 0.140625 0.045833 0.020313
0 0.993750 0.115625 0.006944 0.014063
0 0.081944 0.455469 0.013889 0.009375
0 0.958333 0.586719 0.027778 0.012500
0 0.100694 0.258594 0.026389 0.020313
0 0.203472 0.335156 0.026389 0.015625
0 0.381944 0.376172 0.019444 0.008594
0 0.836111 0.088672 0.019444 0.011719
0 0.941667 0.116797 0.038889 0.019531
0 0.580556 0.380859 0.022222 0.011719
0 0.333333 0.331250 0.058333 0.031250