0 0.904861 0.752344 0.040278 0.023438
0 0.126389 0.690625 0.044444 0.020313
0 0.169444 0.709375 0.044444 0.028125
0 0.231944 0.717187 0.033333 0.018750
0 0.270833 0.716406 0.033333 0.017188
0 0.279167 0.646484 0.044444 0.022656
0 0.193056 0.551172 0.038889 0.024219
0 0.234028 0.556641 0.037500 0.017969
0 0.509722 0.535937 0.030556 0.023438
0 0.575694 0.511328 0.034722 0.019531
0 0.515972 0.507422 0.048611 0.027344
0 0.566667 0.456641 0.022222 0.017969
0 0.339583 0.449609 0.034722 0.021094
0 0.370139 0.428125 0.051389 0.029687
0 0.490278 0.400781 0.041667 0.020313
0 0.573611 0.407031 0.047222 0.028125
0 0.554167 0.371094 0.027778 0.014063
0 0.187500 0.393750 0.030556 0.018750
0 0.613194 0.383594 0.026389 0.021875
0 0.604861 0.360547 0.037500 0.019531
0 0.529167 0.335156 0.030556 0.018750
0 0.559722 0.336719 0.030556 0.020313
0 0.549306 0.314453 0.029167 0.017969
0 0.324306 0.325391 0.026389 0.016406
0 0.377778 0.317188 0.033333 0.021875
0 0.411111 0.301953 0.041667 0.022656
0 0.377778 0.253125 0.055556 0.031250
0 0.370139 0.225000 0.040278 0.015625
0 0.409028 0.208594 0.048611 0.023438
0 0.414583 0.232422 0.040278 0.021094
0 0.627083 0.257031 0.037500 0.026562
0 0.531944 0.214453 0.038889 0.011719
0 0.987500 0.130469 0.022222 0.025000
0 0.442361 0.102734 0.043056 0.027344
0 0.396528 0.282031 0.062500 0.015625
0 0.609028 0.547266 0.023611 0.014844
0 0.292361 0.302344 0.029167 0.012500
0 0.422222 0.313281 0.033333 0.015625
0 0.321528 0.425781 0.029167 0.009375
0 0.402778 0.039844 0.044444 0.025000
0 0.299306 0.480078 0.062500 0.017969
0 0.567361 0.527734 0.018056 0.013281
0 0.516667 0.587891 0.016667 0.017969
0 0.696528 0.602344 0.034722 0.012500
0 0.727778 0.788672 0.025000 0.024219