0 0.523611 0.069531 0.058333 0.034375
0 0.520833 0.101953 0.058333 0.030469
0 0.461806 0.129297 0.051389 0.028906
0 0.506250 0.132812 0.037500 0.029687
0 0.432639 0.174609 0.056944 0.036719
0 0.549306 0.137109 0.054167 0.035156
0 0.603472 0.198437 0.051389 0.032813
0 0.567361 0.200391 0.037500 0.025781
0 0.170833 0.334375 0.058333 0.028125
0 0.235417 0.315625 0.059722 0.031250
0 0.422917 0.232813 0.059722 0.032813
0 0.446528 0.211328 0.029167 0.017969
0 0.465972 0.239453 0.054167 0.030469
0 0.520833 0.237109 0.038889 0.022656
0 0.568750 0.273828 0.054167 0.025781
0 0.520833 0.264844 0.041667 0.020313
0 0.557639 0.325000 0.056944 0.031250
0 0.681250 0.296875 0.059722 0.031250
0 0.586111 0.347266 0.061111 0.033594
0 0.636111 0.358203 0.052778 0.033594
0 0.701389 0.328125 0.058333 0.026562
0 0.656250 0.325000 0.031944 0.023438
0 0.603472 0.436328 0.051389 0.028906
0 0.454861 0.492188 0.062500 0.034375
0 0.202083 0.587500 0.051389 0.023438
0 0.551389 0.466797 0.052778 0.032031
0 0.522222 0.445703 0.041667 0.024219
0 0.803472 0.490625 0.034722 0.014063
0 0.656250 0.439453 0.051389 0.024219
0 0.723611 0.433594 0.055556 0.026562
0 0.693750 0.505859 0.051389 0.021094
0 0.411806 0.491016 0.026389 0.013281
0 0.467361 0.465625 0.023611 0.017188
0 0.211111 0.646484 0.052778 0.024219
0 0.376389 0.587891 0.044444 0.033594
0 0.467361 0.671484 0.043056 0.019531
0 0.643056 0.636328 0.025000 0.024219
0 0.616667 0.575391 0.050000 0.017969
0 0.489583 0.594141 0.040278 0.022656
0 0.553472 0.826562 0.056944 0.034375
0 0.261111 0.729688 0.047222 0.028125
0 0.087500 0.857812 0.047222 0.026562
0 0.050694 0.879687 0.056944 0.028125
0 0.202083 0.778906 0.070833 0.021875
0 0.487500 0.834375 0.052778 0.031250
0 0.704861 0.284766 0.023611 0.008594
0 0.901389 0.681250 0.047222 0.025000