0 0.618056 0.441797 0.036111 0.027344
0 0.682639 0.470703 0.054167 0.027344
0 0.618056 0.473828 0.036111 0.019531
0 0.579167 0.503906 0.036111 0.023438
0 0.548611 0.560547 0.044444 0.017969
0 0.644444 0.578125 0.063889 0.023438
0 0.520833 0.613281 0.025000 0.017188
0 0.453472 0.593750 0.029167 0.023438
0 0.570833 0.608203 0.022222 0.011719
0 0.524306 0.585938 0.018056 0.009375
0 0.656250 0.623437 0.043056 0.026562
0 0.952778 0.614453 0.041667 0.014844
0 0.925694 0.641406 0.040278 0.021875
0 0.009028 0.594141 0.012500 0.019531
0 0.720833 0.682031 0.027778 0.018750
0 0.889583 0.671094 0.029167 0.020313
0 0.679861 0.543750 0.020833 0.020313
0 0.613194 0.510547 0.029167 0.010156
0 0.609028 0.598828 0.015278 0.007031
0 0.050694 0.750781 0.040278 0.018750