0 0.107639 0.087109 0.062500 0.039844
0 0.109722 0.117969 0.038889 0.023438
0 0.171528 0.122266 0.045833 0.030469
0 0.141667 0.135547 0.063889 0.036719
0 0.162500 0.169922 0.036111 0.019531
0 0.810417 0.216016 0.029167 0.017969
0 0.211111 0.264844 0.050000 0.020313
0 0.330556 0.298438 0.044444 0.021875
0 0.883333 0.201563 0.030556 0.028125
0 0.813889 0.248047 0.036111 0.022656
0 0.923611 0.246875 0.044444 0.021875
0 0.896528 0.220703 0.029167 0.022656
0 0.833333 0.206250 0.033333 0.025000
0 0.972917 0.243359 0.051389 0.032031
0 0.920139 0.325000 0.056944 0.031250
0 0.968750 0.325391 0.045833 0.028906
0 0.858333 0.302344 0.055556 0.025000
0 0.159028 0.459766 0.059722 0.025781
0 0.333333 0.472656 0.066667 0.039062
0 0.706944 0.421484 0.047222 0.032031
0 0.954167 0.371875 0.044444 0.018750
0 0.987500 0.396094 0.022222 0.018750
0 0.764583 0.458984 0.059722 0.032031
0 0.640278 0.502344 0.036111 0.018750
0 0.680556 0.500000 0.038889 0.023438
0 0.656250 0.485156 0.048611 0.020313
0 0.706944 0.473828 0.033333 0.025781
0 0.747917 0.480859 0.048611 0.025781
0 0.929167 0.492969 0.041667 0.028125
0 0.981250 0.444922 0.034722 0.032031
0 0.977083 0.497266 0.043056 0.025781
0 0.456944 0.681641 0.075000 0.041406
0 0.943056 0.541016 0.058333 0.021094
0 0.975000 0.524219 0.041667 0.029687
0 0.743056 0.568750 0.041667 0.018750
0 0.788889 0.586328 0.052778 0.022656
0 0.962500 0.563672 0.055556 0.027344
0 0.985417 0.585547 0.026389 0.025781
0 0.106250 0.907813 0.045833 0.014063
0 0.455556 0.765234 0.072222 0.038281
0 0.528472 0.735547 0.026389 0.019531
0 0.447917 0.740234 0.043056 0.019531
0 0.788194 0.747266 0.048611 0.025781
0 0.740278 0.219141 0.030556 0.022656
0 0.984722 0.298047 0.025000 0.013281
0 0.093750 0.311328 0.034722 0.021094
0 0.795833 0.373437 0.025000 0.020313
0 0.745833 0.384375 0.027778 0.010937
0 0.776389 0.394141 0.013889 0.011719
0 0.909722 0.378906 0.030556 0.025000