0 0.436111 0.020313 0.038889 0.021875
0 0.556944 0.044141 0.052778 0.035156
0 0.204861 0.249609 0.054167 0.028906
0 0.245833 0.237109 0.052778 0.025781
0 0.268750 0.229297 0.043056 0.027344
0 0.278472 0.261719 0.056944 0.026562
0 0.108333 0.289844 0.047222 0.025000
0 0.503472 0.172656 0.031944 0.029687
0 0.577083 0.096094 0.034722 0.028125
0 0.552083 0.107031 0.037500 0.032813
0 0.604167 0.143750 0.044444 0.031250
0 0.573611 0.178516 0.047222 0.033594
0 0.479167 0.201953 0.044444 0.025781
0 0.538889 0.184375 0.036111 0.020313
0 0.508333 0.250781 0.052778 0.031250
0 0.554167 0.233203 0.050000 0.027344
0 0.598611 0.231641 0.036111 0.027344
0 0.447917 0.282422 0.043056 0.024219
0 0.426389 0.262109 0.013889 0.013281
0 0.090278 0.384375 0.041667 0.025000
0 0.050694 0.392578 0.051389 0.030469
0 0.013889 0.391406 0.025000 0.023438
0 0.018056 0.409766 0.030556 0.019531
0 0.498611 0.280859 0.058333 0.032031
0 0.643056 0.283203 0.055556 0.028906
0 0.229861 0.437500 0.040278 0.029687
0 0.520139 0.323437 0.029167 0.034375
0 0.447917 0.302344 0.023611 0.012500
0 0.459028 0.367188 0.051389 0.029687
0 0.433333 0.379297 0.030556 0.024219
0 0.551389 0.284766 0.050000 0.036719
0 0.543750 0.344922 0.051389 0.032031
0 0.600000 0.341016 0.058333 0.035156
0 0.650000 0.316406 0.052778 0.029687
0 0.224306 0.471484 0.048611 0.021094
0 0.032639 0.487891 0.048611 0.024219
0 0.395833 0.469531 0.052778 0.020313
0 0.479861 0.434375 0.054167 0.034375
0 0.385417 0.499219 0.031944 0.015625
0 0.593056 0.490234 0.044444 0.027344
0 0.640278 0.485938 0.052778 0.032813
0 0.711806 0.362891 0.056944 0.035156
0 0.729861 0.457813 0.040278 0.029687
0 0.447917 0.550781 0.045833 0.023438
0 0.464583 0.591406 0.040278 0.023438
0 0.259028 0.663281 0.023611 0.021875
0 0.375694 0.636328 0.040278 0.025781
0 0.645833 0.608984 0.058333 0.036719
0 0.693056 0.630469 0.055556 0.021875
0 0.621528 0.526563 0.029167 0.021875
0 0.563889 0.540234 0.022222 0.021094
0 0.588194 0.553906 0.048611 0.021875
0 0.765278 0.454297 0.036111 0.027344
0 0.671528 0.430078 0.031944 0.019531
0 0.690972 0.410938 0.026389 0.020313
0 0.748611 0.502344 0.044444 0.018750
0 0.303472 0.682422 0.040278 0.016406
0 0.313889 0.732812 0.038889 0.021875
0 0.566667 0.634375 0.055556 0.029687
0 0.777778 0.605469 0.050000 0.029687
0 0.566667 0.500000 0.033333 0.026562
0 0.931944 0.589844 0.050000 0.029687
0 0.818750 0.619141 0.051389 0.019531
0 0.877778 0.624609 0.050000 0.021094
0 0.887500 0.592578 0.033333 0.014844
0 0.920833 0.622266 0.036111 0.022656
0 0.968056 0.633594 0.047222 0.028125
0 0.176389 0.785156 0.055556 0.025000
0 0.019444 0.783594 0.038889 0.029687
0 0.009722 0.831641 0.016667 0.028906
0 0.555556 0.846094 0.047222 0.018750
0 0.603472 0.758594 0.045833 0.018750
0 0.725000 0.776563 0.047222 0.031250
0 0.754167 0.763281 0.038889 0.020313
0 0.713194 0.716016 0.040278 0.022656
0 0.768056 0.671484 0.047222 0.033594
0 0.658333 0.891797 0.063889 0.039844
0 0.816667 0.882422 0.052778 0.039844
0 0.911111 0.869531 0.025000 0.010937
0 0.970139 0.808594 0.048611 0.037500
0 0.850000 0.713281 0.038889 0.028125
0 0.787500 0.635547 0.055556 0.028906
0 0.807639 0.647656 0.031944 0.015625
0 0.973611 0.769141 0.050000 0.028906
0 0.320139 0.841016 0.045833 0.030469
0 0.848611 0.780469 0.058333 0.025000
0 0.875000 0.805859 0.044444 0.024219
0 0.809028 0.796094 0.037500 0.023438
0 0.838889 0.815625 0.027778 0.021875
0 0.881250 0.724219 0.043056 0.026562
0 0.252778 0.406641 0.041667 0.022656
0 0.263194 0.498047 0.043056 0.017969
0 0.801389 0.301563 0.058333 0.031250
0 0.927778 0.298828 0.050000 0.028906
0 0.981944 0.311328 0.033333 0.032031
0 0.723611 0.325000 0.027778 0.026562
0 0.297917 0.430469 0.026389 0.012500
0 0.847917 0.987500 0.076389 0.023438