0 0.925694 0.295312 0.040278 0.021875
0 0.875694 0.295312 0.054167 0.023438
0 0.972222 0.336719 0.044444 0.028125
0 0.937500 0.397266 0.030556 0.019531
0 0.977778 0.414062 0.038889 0.023438
0 0.141667 0.301953 0.061111 0.028906
0 0.015972 0.286328 0.026389 0.019531
0 0.171528 0.415234 0.040278 0.016406
0 0.292361 0.425391 0.023611 0.017969
0 0.377083 0.450000 0.040278 0.020313
0 0.425000 0.451562 0.027778 0.009375
0 0.470139 0.433594 0.040278 0.020313
0 0.731944 0.419531 0.033333 0.014063
0 0.884028 0.432031 0.026389 0.023438
0 0.893750 0.480859 0.043056 0.021094
0 0.953472 0.713672 0.070833 0.033594
0 0.944444 0.740625 0.072222 0.046875
0 0.983333 0.750000 0.030556 0.039062
0 0.204167 0.418750 0.036111 0.017188
0 0.525000 0.432422 0.030556 0.017969