0 0.452778 0.045312 0.066667 0.039062
0 0.517361 0.057813 0.059722 0.028125
0 0.354167 0.060156 0.066667 0.035937
0 0.432639 0.112109 0.059722 0.046094
0 0.490972 0.111719 0.062500 0.039062
0 0.538194 0.103906 0.037500 0.039062
0 0.693750 0.207813 0.054167 0.029687
0 0.759722 0.226562 0.052778 0.032813
0 0.361806 0.167578 0.026389 0.025781
0 0.283333 0.196484 0.047222 0.036719
0 0.224306 0.189062 0.065278 0.032813
0 0.309028 0.226953 0.043056 0.021094
0 0.029167 0.403906 0.044444 0.032813
0 0.197222 0.456250 0.058333 0.031250
0 0.385417 0.506641 0.068056 0.039844
0 0.595833 0.473828 0.041667 0.041406
0 0.661806 0.491406 0.076389 0.034375
0 0.275694 0.507812 0.056944 0.021875
0 0.580556 0.522266 0.077778 0.036719
0 0.470833 0.542969 0.063889 0.028125
0 0.412500 0.580469 0.083333 0.054688
0 0.489583 0.571875 0.056944 0.032813
0 0.484722 0.619141 0.036111 0.028906
0 0.398611 0.642578 0.027778 0.024219
0 0.190972 0.513672 0.059722 0.021094
0 0.238889 0.628906 0.036111 0.020313
0 0.309028 0.114453 0.023611 0.017969
0 0.496528 0.371094 0.040278 0.020313
0 0.219444 0.567969 0.027778 0.032813
0 0.727083 0.737500 0.065278 0.025000
0 0.700694 0.722266 0.031944 0.027344
0 0.918750 0.776563 0.073611 0.035937
0 0.390278 0.215234 0.030556 0.032031
0 0.008333 0.380078 0.016667 0.019531
0 0.776389 0.731250 0.036111 0.014063
0 0.872222 0.769141 0.047222 0.022656
0 0.990278 0.611719 0.013889 0.021875