0 0.368056 0.053516 0.044444 0.019531
0 0.418056 0.057031 0.033333 0.029687
0 0.348611 0.084375 0.055556 0.032813
0 0.420139 0.086719 0.040278 0.029687
0 0.229861 0.120313 0.054167 0.021875
0 0.241667 0.160938 0.050000 0.035937
0 0.265972 0.202734 0.054167 0.030469
0 0.270139 0.222266 0.029167 0.016406
0 0.226389 0.227344 0.061111 0.025000
0 0.441667 0.166797 0.038889 0.028906
0 0.349306 0.251172 0.045833 0.021094
0 0.467361 0.271875 0.043056 0.031250
0 0.506250 0.280078 0.051389 0.028906
0 0.883333 0.229297 0.044444 0.022656
0 0.890278 0.250391 0.044444 0.022656
0 0.929167 0.259375 0.041667 0.017188
0 0.069444 0.385937 0.063889 0.029687
0 0.131250 0.436719 0.054167 0.031250
0 0.213194 0.445703 0.065278 0.027344
0 0.187500 0.469141 0.038889 0.021094
0 0.225000 0.476172 0.041667 0.019531
0 0.331250 0.383594 0.043056 0.028125
0 0.375694 0.388672 0.045833 0.021094
0 0.327778 0.443750 0.050000 0.023438
0 0.359722 0.462891 0.055556 0.030469
0 0.398611 0.468750 0.050000 0.021875
0 0.434028 0.474609 0.048611 0.028906
0 0.390972 0.483984 0.037500 0.013281
0 0.273611 0.523828 0.055556 0.027344
0 0.522222 0.483203 0.038889 0.022656
0 0.552083 0.470703 0.037500 0.019531
0 0.895833 0.382031 0.052778 0.029687
0 0.939583 0.399609 0.051389 0.028906
0 0.984028 0.519531 0.029167 0.029687
0 0.621528 0.523828 0.031944 0.011719
0 0.361111 0.590625 0.055556 0.031250
0 0.218056 0.559375 0.050000 0.028125
0 0.134028 0.635938 0.045833 0.023438
0 0.320833 0.603906 0.069444 0.028125
0 0.213889 0.575781 0.047222 0.021875
0 0.256250 0.567578 0.026389 0.019531
0 0.415278 0.717969 0.058333 0.035937
0 0.450000 0.773047 0.061111 0.027344
0 0.396528 0.117969 0.023611 0.015625
0 0.083333 0.413672 0.044444 0.013281
0 0.890278 0.269922 0.027778 0.013281
0 0.151389 0.188672 0.038889 0.027344
0 0.981250 0.400000 0.034722 0.025000
0 0.254167 0.494922 0.019444 0.016406
0 0.310417 0.477734 0.009722 0.017969