0 0.443056 0.206250 0.025000 0.014063
0 0.504861 0.203516 0.012500 0.010156
0 0.459722 0.256641 0.016667 0.011719
0 0.559028 0.242578 0.020833 0.013281
0 0.495139 0.268750 0.029167 0.015625
0 0.464583 0.274219 0.018056 0.014063
0 0.396528 0.264453 0.012500 0.010156
0 0.395139 0.280859 0.051389 0.016406
0 0.549306 0.280859 0.026389 0.014844
0 0.637500 0.273047 0.016667 0.011719
0 0.573611 0.299609 0.025000 0.016406
0 0.602083 0.295312 0.023611 0.012500
0 0.659028 0.351562 0.015278 0.010937
0 0.679167 0.370312 0.019444 0.014063
0 0.520833 0.311719 0.011111 0.012500
0 0.320139 0.376172 0.029167 0.014844
0 0.176389 0.384375 0.019444 0.009375
0 0.179861 0.394922 0.018056 0.010156
0 0.138194 0.404297 0.023611 0.010156
0 0.272917 0.423047 0.026389 0.017969
0 0.390972 0.419531 0.020833 0.014063
0 0.482639 0.414844 0.015278 0.010937
0 0.366667 0.442188 0.022222 0.009375
0 0.243750 0.539844 0.012500 0.009375
0 0.260417 0.555078 0.009722 0.008594
0 0.236806 0.582812 0.018056 0.006250
0 0.068750 0.716016 0.034722 0.014844
0 0.047917 0.748828 0.031944 0.022656
0 0.435417 0.618750 0.023611 0.026562
0 0.484722 0.623437 0.027778 0.012500
0 0.506944 0.628906 0.008333 0.010937
0 0.551389 0.600781 0.022222 0.015625
0 0.529861 0.633203 0.018056 0.014844
0 0.684028 0.621094 0.018056 0.014063
0 0.591667 0.569922 0.022222 0.013281
0 0.490278 0.560937 0.013889 0.006250
0 0.331250 0.487891 0.031944 0.010156
0 0.356944 0.480078 0.019444 0.010156
0 0.686111 0.452344 0.019444 0.009375
0 0.746528 0.449219 0.015278 0.007812
0 0.610417 0.695703 0.029167 0.014844
0 0.596528 0.683203 0.018056 0.005469
0 0.566667 0.721094 0.016667 0.014063
0 0.588889 0.726562 0.019444 0.009375
0 0.622917 0.713672 0.018056 0.013281
0 0.770833 0.757422 0.016667 0.014844
0 0.834722 0.680469 0.025000 0.010937
0 0.788889 0.656250 0.013889 0.009375
0 0.809028 0.630859 0.009722 0.007031
0 0.995833 0.393750 0.005556 0.004687
0 0.395833 0.335156 0.013889 0.007812
0 0.540972 0.327734 0.012500 0.010156
0 0.343750 0.466406 0.012500 0.009375
0 0.731250 0.476172 0.012500 0.007031
0 0.021528 0.693359 0.015278 0.008594
0 0.164583 0.409766 0.031944 0.017969
0 0.475694 0.287500 0.026389 0.015625
0 0.475000 0.233594 0.013889 0.010937
0 0.575694 0.265625 0.015278 0.014063
0 0.590972 0.275000 0.023611 0.012500
0 0.601389 0.404297 0.025000 0.011719
0 0.072222 0.575391 0.013889 0.010156
0 0.241667 0.673828 0.038889 0.017969
0 0.719444 0.731641 0.025000 0.014844
0 0.720833 0.759375 0.036111 0.018750
0 0.712500 0.767578 0.030556 0.011719
0 0.673611 0.776953 0.025000 0.016406
0 0.886806 0.768750 0.031944 0.015625
0 0.722222 0.788672 0.033333 0.019531
0 0.654167 0.732031 0.036111 0.014063
0 0.596528 0.466797 0.043056 0.017969
0 0.581944 0.455078 0.019444 0.016406
0 0.559028 0.514453 0.023611 0.013281
0 0.318056 0.594531 0.016667 0.014063
0 0.259722 0.686328 0.027778 0.011719
0 0.302083 0.662891 0.031944 0.016406