0 0.018750 0.290234 0.026389 0.014844
0 0.091667 0.310547 0.025000 0.019531
0 0.063194 0.328125 0.023611 0.014063
0 0.161111 0.427734 0.022222 0.013281
0 0.224306 0.389062 0.023611 0.009375
0 0.115278 0.311328 0.019444 0.013281
0 0.086806 0.332422 0.023611 0.013281
0 0.031944 0.310547 0.019444 0.016406
0 0.072222 0.276953 0.019444 0.007031
0 0.071528 0.311328 0.018056 0.013281
0 0.227778 0.320312 0.022222 0.012500
0 0.121528 0.390625 0.034722 0.010937
0 0.106944 0.383594 0.019444 0.014063
0 0.743056 0.430078 0.025000 0.016406
0 0.336806 0.362891 0.018056 0.010156
0 0.300000 0.390234 0.016667 0.007031
0 0.209028 0.413281 0.026389 0.014063