0 0.470139 0.155859 0.040278 0.025781
0 0.498611 0.141016 0.038889 0.019531
0 0.636806 0.285156 0.045833 0.025000
0 0.650000 0.300391 0.047222 0.025781
0 0.646528 0.350781 0.031944 0.014063
0 0.680556 0.454688 0.038889 0.015625
0 0.785417 0.471484 0.045833 0.024219
0 0.536111 0.517188 0.052778 0.026562
0 0.649306 0.518750 0.043056 0.025000
0 0.715972 0.500391 0.029167 0.022656
0 0.723611 0.549609 0.047222 0.025781
0 0.644444 0.637891 0.047222 0.021094
0 0.501389 0.627734 0.050000 0.025781
0 0.358333 0.615625 0.052778 0.026562
0 0.371528 0.587500 0.026389 0.010937
0 0.381250 0.547656 0.048611 0.029687
0 0.268056 0.468359 0.030556 0.016406
0 0.240278 0.454297 0.033333 0.017969
0 0.059722 0.501172 0.044444 0.025781
0 0.616667 0.531641 0.033333 0.019531