0 0.022222 0.153906 0.022222 0.018750
0 0.005556 0.171875 0.011111 0.014063
0 0.022222 0.180078 0.022222 0.016406
0 0.038889 0.158984 0.025000 0.021094
0 0.068750 0.160547 0.029167 0.016406
0 0.071528 0.176172 0.023611 0.013281
0 0.090972 0.182422 0.026389 0.013281
0 0.103472 0.198437 0.034722 0.017188
0 0.073611 0.219531 0.030556 0.017188
0 0.219444 0.092578 0.025000 0.017969
0 0.220139 0.105859 0.026389 0.013281
0 0.270139 0.111328 0.029167 0.016406
0 0.245833 0.156250 0.030556 0.014063
0 0.356250 0.138281 0.029167 0.021875
0 0.370833 0.154297 0.027778 0.017969
0 0.294444 0.169141 0.022222 0.014844
0 0.143056 0.180078 0.022222 0.014844
0 0.150694 0.228906 0.043056 0.025000
0 0.192361 0.220703 0.043056 0.027344
0 0.264583 0.229297 0.026389 0.021094
0 0.188889 0.246094 0.038889 0.021875
0 0.351389 0.120703 0.027778 0.016406
0 0.130556 0.248047 0.016667 0.027344
0 0.097917 0.276562 0.040278 0.025000
0 0.141667 0.281250 0.038889 0.028125
0 0.198611 0.283203 0.044444 0.022656
0 0.239583 0.291406 0.034722 0.023438
0 0.006944 0.294141 0.013889 0.024219
0 0.012500 0.310937 0.025000 0.015625
0 0.034028 0.314844 0.031944 0.017188
0 0.072222 0.299609 0.033333 0.017969
0 0.119444 0.328516 0.033333 0.016406
0 0.188194 0.306641 0.037500 0.021094
0 0.202778 0.323437 0.044444 0.018750
0 0.249306 0.330078 0.029167 0.017969
0 0.282639 0.348828 0.037500 0.019531
0 0.066667 0.422266 0.050000 0.022656
0 0.108333 0.450781 0.055556 0.026562
0 0.068750 0.517578 0.043056 0.021094
0 0.175694 0.534766 0.048611 0.025781
0 0.255556 0.530469 0.044444 0.021875
0 0.304167 0.558984 0.044444 0.019531
0 0.203472 0.616016 0.031944 0.014844
0 0.261111 0.458203 0.030556 0.021094
0 0.385417 0.479297 0.029167 0.010156
0 0.337500 0.589063 0.041667 0.018750
0 0.325694 0.610938 0.015278 0.018750
0 0.227083 0.635938 0.015278 0.014063
0 0.322222 0.658594 0.016667 0.014063
0 0.381250 0.732812 0.023611 0.020313
0 0.438194 0.718359 0.026389 0.017969
0 0.477083 0.634766 0.040278 0.019531
0 0.393750 0.747266 0.034722 0.014844
0 0.417361 0.528125 0.040278 0.021875
0 0.386111 0.547656 0.038889 0.017188
0 0.409722 0.560937 0.041667 0.023438
0 0.597917 0.595703 0.026389 0.016406
0 0.639583 0.612500 0.009722 0.017188
0 0.684722 0.620703 0.030556 0.019531
0 0.752778 0.641016 0.044444 0.011719
0 0.484028 0.187500 0.026389 0.020313
0 0.352083 0.245703 0.048611 0.030469
0 0.464583 0.310937 0.045833 0.028125
0 0.532639 0.300000 0.040278 0.025000
0 0.570833 0.272266 0.038889 0.016406
0 0.534722 0.275391 0.036111 0.019531
0 0.438194 0.349609 0.045833 0.024219
0 0.442361 0.368750 0.034722 0.015625
0 0.532639 0.373047 0.040278 0.024219
0 0.557639 0.373047 0.015278 0.017969
0 0.611111 0.387891 0.027778 0.022656
0 0.642361 0.212500 0.026389 0.017188
0 0.721528 0.221484 0.026389 0.014844
0 0.875694 0.271875 0.031944 0.021875
0 0.838889 0.288672 0.041667 0.021094
0 0.801389 0.299609 0.027778 0.016406
0 0.902083 0.305469 0.031944 0.018750
0 0.762500 0.508203 0.044444 0.022656
0 0.777083 0.527344 0.040278 0.018750
0 0.686806 0.537500 0.034722 0.021875
0 0.834722 0.562109 0.030556 0.013281
0 0.790972 0.569531 0.031944 0.017188
0 0.765278 0.585547 0.033333 0.014844
0 0.267361 0.318359 0.031944 0.021094
0 0.240278 0.185938 0.027778 0.017188
0 0.167361 0.184766 0.023611 0.017969
0 0.069444 0.312109 0.036111 0.014844
0 0.281250 0.374609 0.031944 0.013281
0 0.655556 0.342578 0.030556 0.014844
0 0.872917 0.300391 0.029167 0.016406
0 0.883333 0.532031 0.025000 0.007812
0 0.941667 0.621875 0.038889 0.020313
0 0.185417 0.489844 0.020833 0.012500
0 0.130556 0.517969 0.030556 0.015625
0 0.018056 0.550391 0.036111 0.021094
0 0.525694 0.663281 0.037500 0.010937
0 0.558333 0.671484 0.016667 0.011719
0 0.910417 0.677344 0.031944 0.018750
0 0.892361 0.679688 0.015278 0.009375