0 0.567361 0.307031 0.054167 0.032813
0 0.920833 0.316797 0.072222 0.033594
0 0.906250 0.355859 0.054167 0.030469
0 0.975694 0.360938 0.045833 0.029687
0 0.818056 0.400000 0.047222 0.025000
0 0.969444 0.423047 0.047222 0.030469
0 0.877778 0.464062 0.027778 0.020313
0 0.911806 0.458594 0.040278 0.025000
0 0.945833 0.444531 0.025000 0.009375
0 0.839583 0.502734 0.068056 0.030469
0 0.805556 0.516797 0.036111 0.025781
0 0.895833 0.511719 0.052778 0.031250
0 0.849306 0.581641 0.073611 0.038281
0 0.794444 0.600781 0.058333 0.021875