0 0.517361 0.155859 0.056944 0.019531
0 0.586111 0.171094 0.061111 0.029687
0 0.586111 0.194922 0.058333 0.021094
0 0.522917 0.193359 0.065278 0.035156
0 0.350694 0.198828 0.062500 0.035156
0 0.611111 0.242969 0.055556 0.035937
0 0.489583 0.328125 0.059722 0.028125
0 0.532639 0.309766 0.043056 0.016406
0 0.401389 0.301172 0.019444 0.027344
0 0.545139 0.389062 0.065278 0.037500
0 0.445833 0.405078 0.066667 0.035156
0 0.527083 0.418750 0.059722 0.023438
0 0.562500 0.435937 0.061111 0.017188
0 0.711806 0.425391 0.059722 0.033594
0 0.361111 0.467969 0.061111 0.035937
0 0.248611 0.491406 0.038889 0.021875
0 0.297222 0.546484 0.055556 0.024219
0 0.504167 0.575781 0.041667 0.025000
0 0.600000 0.532813 0.055556 0.023438
0 0.159028 0.562891 0.048611 0.030469
0 0.065278 0.665625 0.050000 0.021875
0 0.275694 0.680078 0.051389 0.030469
0 0.420139 0.674609 0.051389 0.025781
0 0.430556 0.613281 0.052778 0.028125
0 0.339583 0.560156 0.034722 0.018750
0 0.567361 0.695312 0.045833 0.029687
0 0.382639 0.798438 0.068056 0.043750
0 0.640972 0.689063 0.043056 0.015625
0 0.622222 0.671875 0.061111 0.020313
0 0.696528 0.652734 0.037500 0.021094
0 0.890972 0.671094 0.054167 0.028125
0 0.936806 0.669531 0.040278 0.025000
0 0.518750 0.251563 0.029167 0.020313
0 0.498611 0.371484 0.066667 0.024219
0 0.298611 0.491797 0.044444 0.024219
0 0.311806 0.606250 0.034722 0.017188
0 0.627083 0.598828 0.040278 0.017969
0 0.515972 0.487500 0.031944 0.012500
0 0.712500 0.452344 0.025000 0.014063