0 0.499306 0.213281 0.048611 0.023438
0 0.287500 0.369141 0.033333 0.024219
0 0.320833 0.371484 0.033333 0.014844
0 0.314583 0.443359 0.048611 0.028906
0 0.322917 0.473438 0.040278 0.020313
0 0.265278 0.557031 0.033333 0.020313
0 0.299306 0.564453 0.031944 0.016406
0 0.323611 0.558594 0.025000 0.012500
0 0.300000 0.615625 0.038889 0.020313
0 0.286111 0.666797 0.047222 0.022656
0 0.069444 0.551953 0.044444 0.017969
0 0.648611 0.405859 0.027778 0.017969
0 0.636111 0.421484 0.033333 0.013281
0 0.494444 0.464453 0.036111 0.017969
0 0.702083 0.439844 0.034722 0.026562
0 0.896528 0.571094 0.020833 0.009375
0 0.931250 0.669531 0.023611 0.014063
0 0.874306 0.646094 0.018056 0.014063
0 0.793750 0.675781 0.026389 0.017188
0 0.227778 0.458203 0.027778 0.019531
0 0.100000 0.539844 0.022222 0.015625
0 0.261806 0.631641 0.062500 0.030469
0 0.502778 0.748437 0.047222 0.014063
0 0.628472 0.687891 0.012500 0.014844
0 0.888889 0.674219 0.044444 0.023438
0 0.935417 0.689453 0.023611 0.022656
0 0.673611 0.625781 0.025000 0.023438
0 0.543750 0.443359 0.023611 0.017969
0 0.597917 0.408984 0.029167 0.025781