0 0.501389 0.148828 0.041667 0.032031
0 0.541667 0.148828 0.061111 0.036719
0 0.538194 0.169922 0.051389 0.013281
0 0.503472 0.240234 0.062500 0.036719
0 0.469444 0.248828 0.041667 0.032031
0 0.402083 0.339062 0.059722 0.025000
0 0.584028 0.384375 0.062500 0.031250
0 0.522917 0.410938 0.054167 0.035937
0 0.364583 0.497266 0.048611 0.027344
0 0.528472 0.448828 0.023611 0.010156
0 0.534028 0.479687 0.040278 0.025000
0 0.579167 0.503125 0.041667 0.021875
0 0.645833 0.503125 0.050000 0.035937
0 0.691667 0.479687 0.038889 0.017188
0 0.304861 0.526953 0.051389 0.033594
0 0.292361 0.551953 0.051389 0.025781
0 0.356250 0.564844 0.040278 0.028125
0 0.345833 0.594922 0.050000 0.030469
0 0.285417 0.575781 0.056944 0.028125
0 0.280556 0.601953 0.063889 0.021094
0 0.811111 0.585547 0.055556 0.030469
0 0.576389 0.627344 0.025000 0.010937
0 0.413889 0.685547 0.061111 0.025781
0 0.369444 0.713672 0.055556 0.033594
0 0.347917 0.692578 0.048611 0.022656
0 0.322222 0.682031 0.044444 0.031250
0 0.314583 0.769922 0.059722 0.035156
0 0.334722 0.894922 0.030556 0.039844
0 0.387500 0.900000 0.058333 0.037500
0 0.374306 0.378125 0.059722 0.025000
0 0.426389 0.592578 0.030556 0.017969
0 0.650000 0.691016 0.050000 0.028906
0 0.182639 0.917188 0.048611 0.031250
0 0.612500 0.489453 0.036111 0.024219
0 0.272917 0.658984 0.018056 0.011719
0 0.404167 0.738281 0.047222 0.017188
0 0.370833 0.961719 0.022222 0.015625
0 0.081250 0.882812 0.043056 0.014063
0 0.513194 0.860156 0.031944 0.017188