0 0.041992 0.371094 0.082031 0.142578
0 0.071289 0.279297 0.126953 0.130859
0 0.066406 0.515137 0.123047 0.118164
0 0.249512 0.984863 0.067383 0.030273
0 0.342285 0.572266 0.114258 0.117188
0 0.394531 0.255859 0.060547 0.052734
0 0.454102 0.230957 0.052734 0.032227
0 0.342773 0.479492 0.042969 0.041016
0 0.621094 0.319336 0.167969 0.158203
0 0.736816 0.470703 0.161133 0.166016
0 0.874023 0.292969 0.097656 0.109375
0 0.941406 0.442383 0.093750 0.054688
0 0.635742 0.702637 0.087891 0.125977
0 0.693848 0.758789 0.063477 0.060547
0 0.766113 0.699707 0.049805 0.049805
0 0.910156 0.666992 0.115234 0.136719
0 0.992188 0.580566 0.015625 0.045898
0 0.371094 0.973633 0.054688 0.052734
0 0.660156 0.946289 0.152344 0.107422
0 0.785645 0.892090 0.073242 0.049805
0 0.773438 0.789551 0.062500 0.036133