0 0.067383 0.261719 0.132812 0.160156
0 0.166992 0.341309 0.142578 0.141602
0 0.036133 0.441895 0.070312 0.155273
0 0.079102 0.549805 0.138672 0.128906
0 0.042480 0.873535 0.083008 0.135742
0 0.042480 0.778320 0.083008 0.085938
0 0.071777 0.968750 0.053711 0.062500
0 0.171875 0.243164 0.099609 0.103516
0 0.691406 0.058594 0.191406 0.115234
0 0.922852 0.248535 0.154297 0.182617
0 0.954590 0.455566 0.090820 0.151367
0 0.991699 0.582031 0.016602 0.101562
0 0.746582 0.693848 0.131836 0.104492
0 0.308105 0.839355 0.122070 0.122070
0 0.911133 0.885742 0.158203 0.121094