0 0.200684 0.017090 0.071289 0.032227
0 0.602051 0.021484 0.145508 0.041016
0 0.506348 0.022461 0.075195 0.042969
0 0.824707 0.002441 0.045898 0.002930
0 0.783203 0.041504 0.142578 0.081055
0 0.586426 0.076660 0.073242 0.065430
0 0.515625 0.178223 0.066406 0.059570
0 0.122559 0.241699 0.055664 0.047852
0 0.661621 0.085938 0.057617 0.052734
0 0.565430 0.334961 0.076172 0.066406
0 0.630859 0.268066 0.056641 0.051758
0 0.880371 0.210938 0.147461 0.158203
0 0.502441 0.538086 0.057617 0.052734
0 0.651855 0.444824 0.055664 0.059570
0 0.114746 0.549316 0.149414 0.180664
0 0.004883 0.533203 0.007812 0.060547
0 0.108887 0.788574 0.198242 0.198242
0 0.011719 0.808105 0.021484 0.157227
0 0.455078 0.661133 0.175781 0.193359
0 0.724609 0.581543 0.167969 0.116211
0 0.324219 0.956055 0.140625 0.083984
0 0.836914 0.959961 0.117188 0.076172
0 0.938477 0.088379 0.123047 0.174805
0 0.981445 0.562012 0.037109 0.051758