0 0.180176 0.323730 0.186523 0.188477
0 0.309570 0.438477 0.193359 0.189453
0 0.541992 0.045898 0.152344 0.089844
0 0.556152 0.140625 0.067383 0.056641
0 0.656250 0.077637 0.064453 0.135742
0 0.728027 0.075684 0.151367 0.149414
0 0.516113 0.200684 0.034180 0.065430
0 0.626953 0.175293 0.060547 0.055664
0 0.676270 0.331055 0.067383 0.068359
0 0.716309 0.296875 0.041992 0.046875
0 0.545410 0.298828 0.045898 0.050781
0 0.154297 0.612305 0.189453 0.177734
0 0.687988 0.613281 0.096680 0.111328
0 0.397461 0.670410 0.179688 0.135742
0 0.243652 0.723145 0.114258 0.176758
0 0.519531 0.747070 0.072266 0.062500
0 0.030762 0.829102 0.059570 0.191406
0 0.281250 0.890625 0.080078 0.072266
0 0.208984 0.947754 0.197266 0.104492
0 0.567871 0.957520 0.065430 0.059570
0 0.508789 0.985352 0.046875 0.029297
0 0.769043 0.991211 0.098633 0.017578
0 0.950195 0.042480 0.070312 0.083008
0 0.992188 0.028809 0.015625 0.055664
0 0.916016 0.570801 0.152344 0.155273
0 0.889648 0.720703 0.132812 0.123047
0 0.962891 0.854980 0.074219 0.118164