0 0.067383 0.013196 0.070312 0.024438
0 0.016113 0.362659 0.030273 0.105572
0 0.067383 0.340176 0.119141 0.125122
0 0.003418 0.992180 0.004883 0.015640
0 0.640137 0.017595 0.065430 0.033236
0 0.613281 0.048876 0.031250 0.033236
0 0.169434 0.029326 0.131836 0.056696
0 0.250488 0.087488 0.139648 0.130010
0 0.310547 0.016618 0.058594 0.031281
0 0.321289 0.177908 0.064453 0.062561
0 0.839355 0.242424 0.125977 0.095797
0 0.989746 0.033724 0.020508 0.065494
0 0.189941 0.311828 0.127930 0.089932
0 0.477539 0.369501 0.125000 0.123167
0 0.176270 0.404692 0.131836 0.136852
0 0.432129 0.470186 0.063477 0.066471
0 0.951172 0.449658 0.097656 0.156403
0 0.212402 0.713587 0.122070 0.121212
0 0.292480 0.676442 0.043945 0.033236
0 0.729980 0.731672 0.143555 0.147605
0 0.985840 0.649560 0.028320 0.126100
0 0.968262 0.776149 0.053711 0.054741
0 0.176758 0.828935 0.105469 0.115347
0 0.684570 0.848485 0.152344 0.082111
0 0.635742 0.940860 0.128906 0.118280
0 0.800293 0.956012 0.108398 0.087977