0 0.098633 0.025879 0.171875 0.049805
0 0.420898 0.044434 0.132812 0.086914
0 0.192871 0.033203 0.125977 0.064453
0 0.703125 0.019043 0.138672 0.036133
0 0.443359 0.212891 0.117188 0.126953
0 0.361816 0.186035 0.090820 0.120117
0 0.750977 0.126953 0.066406 0.074219
0 0.142090 0.395020 0.110352 0.118164
0 0.295898 0.420410 0.111328 0.112305
0 0.511719 0.358887 0.107422 0.100586
0 0.676270 0.303711 0.069336 0.136719
0 0.786621 0.289062 0.166992 0.158203
0 0.925781 0.198242 0.142578 0.130859
0 0.979492 0.280762 0.035156 0.098633
0 0.754883 0.397949 0.068359 0.088867
0 0.865723 0.409668 0.151367 0.127930
0 0.341309 0.796875 0.096680 0.113281
0 0.636719 0.762207 0.125000 0.116211
0 0.780273 0.628418 0.134766 0.165039
0 0.093750 0.995117 0.095703 0.009766
0 0.217773 0.988770 0.013672 0.022461
0 0.643066 0.886719 0.108398 0.091797
0 0.787109 0.880371 0.048828 0.083008
0 0.715820 0.988770 0.093750 0.022461
0 0.874512 0.977539 0.100586 0.044922