0 0.400391 0.128418 0.125000 0.151367
0 0.126953 0.164062 0.056641 0.042969
0 0.056152 0.141113 0.040039 0.055664
0 0.196289 0.373047 0.058594 0.062500
0 0.054199 0.510742 0.055664 0.125000
0 0.202148 0.524902 0.093750 0.081055
0 0.032715 0.895996 0.063477 0.088867
0 0.366699 0.800781 0.079102 0.125000
0 0.400391 0.922852 0.107422 0.142578
0 0.248535 0.927246 0.124023 0.108398
0 0.806152 0.063477 0.135742 0.125000
0 0.448242 0.297363 0.117188 0.084961
0 0.490234 0.562012 0.144531 0.151367
0 0.458496 0.428711 0.086914 0.050781
0 0.709961 0.554199 0.142578 0.153320
0 0.781738 0.737793 0.083008 0.112305
0 0.574219 0.952148 0.095703 0.089844
0 0.692871 0.925293 0.151367 0.145508
0 0.749512 0.867188 0.124023 0.103516