0 0.367188 0.004883 0.068359 0.007812
0 0.386719 0.052734 0.134766 0.103516
0 0.047363 0.232422 0.092773 0.140625
0 0.191895 0.350098 0.151367 0.153320
0 0.186035 0.547852 0.098633 0.068359
0 0.378418 0.333496 0.137695 0.081055
0 0.018066 0.928711 0.034180 0.130859
0 0.098633 0.961914 0.158203 0.076172
0 0.735840 0.036133 0.073242 0.070312
0 0.847656 0.103027 0.148438 0.125977
0 0.643066 0.190918 0.038086 0.038086
0 0.862305 0.215332 0.074219 0.077148
0 0.882812 0.433105 0.035156 0.057617
0 0.977051 0.604004 0.040039 0.124023