0 0.017578 0.041544 0.033203 0.081134
0 0.171875 0.130987 0.146484 0.123167
0 0.051758 0.497067 0.101562 0.147605
0 0.072266 0.660802 0.078125 0.064516
0 0.081055 0.598729 0.066406 0.063539
0 0.316895 0.003421 0.006836 0.004888
0 0.803711 0.010264 0.060547 0.018573
0 0.462402 0.100196 0.135742 0.141740
0 0.709961 0.402737 0.136719 0.172043
0 0.838867 0.400293 0.169922 0.186706
0 0.566406 0.631476 0.132812 0.154448
0 0.359863 0.663734 0.149414 0.140762
0 0.688477 0.765396 0.175781 0.177908
0 0.846191 0.635875 0.153320 0.176931
0 0.915527 0.867546 0.166992 0.147605