0 0.056641 0.385254 0.111328 0.163086
0 0.026367 0.628418 0.050781 0.118164
0 0.090332 0.004883 0.051758 0.007812
0 0.570312 0.055664 0.080078 0.095703
0 0.633301 0.049805 0.112305 0.097656
0 0.503418 0.091309 0.045898 0.047852
0 0.713867 0.041992 0.066406 0.082031
0 0.830566 0.081543 0.131836 0.135742
0 0.833496 0.015137 0.125977 0.028320
0 0.405273 0.273926 0.150391 0.155273
0 0.548340 0.273926 0.028320 0.055664
0 0.380371 0.385742 0.133789 0.111328
0 0.884277 0.180664 0.053711 0.070312
0 0.860840 0.391113 0.118164 0.118164
0 0.809082 0.508789 0.102539 0.119141
0 0.861816 0.471680 0.040039 0.044922
0 0.445801 0.476562 0.061523 0.064453
0 0.455078 0.551270 0.039062 0.032227
0 0.318848 0.626465 0.071289 0.061523
0 0.218750 0.717285 0.160156 0.170898
0 0.398926 0.784668 0.075195 0.127930
0 0.475586 0.843750 0.152344 0.150391
0 0.697754 0.769043 0.092773 0.081055
0 0.931152 0.874023 0.094727 0.115234
0 0.097168 0.949219 0.045898 0.078125
0 0.258301 0.937012 0.120117 0.125977
0 0.406250 0.949219 0.177734 0.101562
0 0.645508 0.986816 0.126953 0.026367