0 0.027832 0.174316 0.053711 0.069336
0 0.243164 0.515137 0.144531 0.147461
0 0.307617 0.316406 0.113281 0.085938
0 0.001953 0.701172 0.001953 0.015625
0 0.112793 0.684570 0.127930 0.144531
0 0.270508 0.675293 0.166016 0.153320
0 0.073730 0.953613 0.137695 0.092773
0 0.938477 0.028809 0.046875 0.055664
0 0.865723 0.574219 0.168945 0.177734
0 0.851562 0.698242 0.101562 0.082031
0 0.947266 0.641602 0.066406 0.058594
0 0.383789 0.762207 0.148438 0.122070
0 0.437500 0.979492 0.140625 0.041016
0 0.809082 0.974609 0.065430 0.050781
0 0.847168 0.879395 0.071289 0.065430