0 0.230957 0.020996 0.124023 0.040039
0 0.089355 0.158203 0.139648 0.156250
0 0.179688 0.098633 0.162109 0.160156
0 0.299316 0.009766 0.028320 0.017578
0 0.515137 0.137695 0.141602 0.142578
0 0.067383 0.340820 0.076172 0.130859
0 0.096680 0.339355 0.056641 0.125977
0 0.266113 0.388184 0.157227 0.159180
0 0.491699 0.329590 0.067383 0.069336
0 0.581055 0.307129 0.072266 0.110352
0 0.306641 0.613770 0.123047 0.122070
0 0.377441 0.853516 0.077148 0.080078
0 0.988770 0.017090 0.022461 0.032227
0 0.935059 0.241699 0.055664 0.047852
0 0.926270 0.549316 0.147461 0.180664
0 0.753418 0.535645 0.135742 0.135742
0 0.911133 0.788574 0.177734 0.198242
0 0.810059 0.808105 0.049805 0.157227