0 0.078613 0.018573 0.063477 0.035191
0 0.238770 0.180352 0.176758 0.169110
0 0.143555 0.277126 0.103516 0.133920
0 0.330078 0.215054 0.130859 0.138807
0 0.105469 0.360704 0.142578 0.130987
0 0.029785 0.478006 0.051758 0.048876
0 0.021484 0.722385 0.041016 0.115347
0 0.065430 0.725806 0.076172 0.133920
0 0.131348 0.784457 0.151367 0.153470
0 0.290039 0.886608 0.074219 0.144673
0 0.102539 0.901760 0.083984 0.118280
0 0.347168 0.832845 0.034180 0.056696
0 0.765625 0.130010 0.164062 0.175953
0 0.911133 0.208211 0.158203 0.152493
0 0.631348 0.130499 0.069336 0.069404
0 0.613281 0.163734 0.068359 0.055718
0 0.296875 0.373900 0.054688 0.045943
0 0.763184 0.464809 0.073242 0.077224
0 0.750488 0.529326 0.041992 0.055718
0 0.791992 0.549365 0.062500 0.058651
0 0.887695 0.876344 0.111328 0.143695