0 0.409668 0.009766 0.051758 0.017578
0 0.353516 0.227539 0.033203 0.037109
0 0.406738 0.226074 0.067383 0.071289
0 0.850098 0.203125 0.051758 0.054688
0 0.770508 0.275879 0.062500 0.057617
0 0.367676 0.271973 0.047852 0.049805
0 0.196289 0.360840 0.169922 0.174805
0 0.329590 0.411621 0.061523 0.045898
0 0.120605 0.586426 0.188477 0.178711
0 0.898926 0.030762 0.061523 0.059570
0 0.917480 0.091309 0.065430 0.057617
0 0.897461 0.486328 0.099609 0.117188
0 0.794922 0.639160 0.039062 0.067383
0 0.674316 0.736816 0.153320 0.145508
0 0.928223 0.919922 0.139648 0.160156
0 0.072754 0.909668 0.143555 0.165039
0 0.216797 0.865234 0.181641 0.181641
0 0.424805 0.867188 0.062500 0.085938
0 0.886230 0.853516 0.057617 0.064453
0 0.886719 0.123047 0.027344 0.044922