0 0.945801 0.064027 0.108398 0.120235
0 0.044922 0.109482 0.087891 0.144673
0 0.361328 0.270772 0.050781 0.050831
0 0.732910 0.358260 0.143555 0.137830
0 0.892578 0.391984 0.140625 0.136852
0 0.786133 0.507820 0.148438 0.067449
0 0.718750 0.583578 0.146484 0.142717
0 0.392090 0.549365 0.129883 0.127077
0 0.212891 0.737048 0.068359 0.050831
0 0.245605 0.818671 0.122070 0.114370
0 0.295410 0.860215 0.067383 0.119257
0 0.484863 0.857283 0.073242 0.074291
0 0.488281 0.955523 0.064453 0.065494
0 0.440430 0.979472 0.056641 0.027370
0 0.104004 0.945748 0.034180 0.051808
0 0.184082 0.978495 0.065430 0.043011
0 0.836426 0.892962 0.022461 0.020528