0 0.013184 0.253906 0.024414 0.101562
0 0.050293 0.279785 0.041992 0.049805
0 0.057129 0.751953 0.112305 0.130859
0 0.675781 0.046387 0.164062 0.090820
0 0.741211 0.115723 0.150391 0.163086
0 0.173340 0.062988 0.120117 0.118164
0 0.986328 0.046387 0.027344 0.090820
0 0.909180 0.104980 0.058594 0.063477
0 0.887695 0.107910 0.080078 0.112305
0 0.971191 0.269043 0.057617 0.096680
0 0.787109 0.406738 0.189453 0.157227
0 0.233398 0.430664 0.060547 0.064453
0 0.951660 0.608887 0.096680 0.178711
0 0.232422 0.596191 0.144531 0.157227
0 0.339355 0.669434 0.139648 0.125977
0 0.678711 0.751953 0.060547 0.039062
0 0.640625 0.793457 0.066406 0.065430
0 0.613281 0.840820 0.031250 0.033203
0 0.580078 0.722168 0.037109 0.040039
0 0.168457 0.772461 0.135742 0.154297
0 0.250488 0.879395 0.139648 0.129883
0 0.310547 0.800293 0.058594 0.047852
0 0.321289 0.969238 0.064453 0.061523
0 0.829102 0.993164 0.072266 0.013672
0 0.989746 0.801758 0.020508 0.113281
0 0.352539 0.578125 0.105469 0.113281