0 0.418457 0.027859 0.059570 0.053763
0 0.816895 0.010264 0.073242 0.018573
0 0.789551 0.117302 0.067383 0.066471
0 0.649414 0.133431 0.058594 0.053763
0 0.073730 0.188172 0.104492 0.145650
0 0.232910 0.270772 0.139648 0.148583
0 0.318848 0.285435 0.045898 0.064516
0 0.489746 0.286413 0.131836 0.117302
0 0.637695 0.282991 0.078125 0.053763
0 0.686523 0.360704 0.066406 0.066471
0 0.742676 0.372923 0.041992 0.042033
0 0.955566 0.467253 0.088867 0.150538
0 0.856445 0.573803 0.087891 0.113392
0 0.356934 0.288368 0.030273 0.052786
0 0.239258 0.385142 0.062500 0.087977
0 0.373535 0.448680 0.030273 0.035191
0 0.058105 0.463832 0.114258 0.145650
0 0.221191 0.516129 0.178711 0.183773
0 0.269043 0.633920 0.108398 0.124145
0 0.510254 0.641251 0.116211 0.123167
0 0.627441 0.639785 0.145508 0.137830
0 0.694824 0.717986 0.061523 0.061584
0 0.268066 0.820626 0.145508 0.128055
0 0.775391 0.909091 0.125000 0.119257