0 0.035645 0.265137 0.069336 0.157227
0 0.098145 0.293457 0.071289 0.106445
0 0.130371 0.423340 0.094727 0.049805
0 0.216797 0.430176 0.058594 0.081055
0 0.123047 0.524414 0.156250 0.171875
0 0.578613 0.460938 0.151367 0.148438
0 0.744141 0.440430 0.115234 0.125000
0 0.604980 0.595215 0.145508 0.137695
0 0.638672 0.769043 0.095703 0.129883
0 0.744141 0.811035 0.140625 0.137695
0 0.827148 0.691406 0.126953 0.132812
0 0.152832 0.761230 0.155273 0.153320
0 0.025391 0.966797 0.048828 0.066406
0 0.777344 0.965332 0.154297 0.069336
0 0.949219 0.388184 0.031250 0.041992
0 0.946777 0.775391 0.106445 0.111328