0 0.008789 0.192383 0.015625 0.037109
0 0.451172 0.007324 0.042969 0.012695
0 0.194824 0.012695 0.040039 0.023438
0 0.181641 0.024414 0.037109 0.029297
0 0.232910 0.106445 0.061523 0.052734
0 0.291016 0.082520 0.033203 0.024414
0 0.356445 0.132324 0.121094 0.114258
0 0.497070 0.183105 0.052734 0.034180
0 0.307129 0.307129 0.108398 0.133789
0 0.354980 0.341797 0.147461 0.152344
0 0.958496 0.070312 0.083008 0.138672
0 0.818848 0.139160 0.079102 0.051758
0 0.852051 0.056152 0.045898 0.073242
0 0.871094 0.342773 0.152344 0.130859
0 0.146484 0.463379 0.140625 0.131836
0 0.048828 0.544922 0.095703 0.166016
0 0.977539 0.673828 0.044922 0.060547
0 0.961426 0.406250 0.034180 0.044922
0 0.418457 0.814453 0.059570 0.064453
0 0.290039 0.746094 0.050781 0.050781
0 0.548340 0.692871 0.053711 0.038086
0 0.812012 0.757812 0.092773 0.107422
0 0.789551 0.909180 0.067383 0.066406
0 0.649414 0.925293 0.058594 0.053711
0 0.072266 0.953613 0.101562 0.092773
0 0.230469 0.994141 0.070312 0.011719