0 0.075195 0.084473 0.111328 0.143555
0 0.336426 0.283691 0.145508 0.094727
0 0.046875 0.472168 0.091797 0.170898
0 0.075195 0.733887 0.148438 0.200195
0 0.208496 0.568359 0.176758 0.193359
0 0.160156 0.921387 0.144531 0.153320
0 0.214844 0.706055 0.171875 0.082031
0 0.351074 0.849609 0.135742 0.175781
0 0.434082 0.964844 0.159180 0.064453
0 0.606445 0.076172 0.166016 0.150391
0 0.687012 0.035156 0.055664 0.068359
0 0.475098 0.346680 0.151367 0.138672
0 0.401367 0.504883 0.076172 0.087891
0 0.571289 0.683594 0.154297 0.160156
0 0.969727 0.581543 0.056641 0.161133