0 0.045898 0.715054 0.089844 0.161290
0 0.021484 0.830401 0.041016 0.069404
0 0.070801 0.961877 0.139648 0.076246
0 0.231934 0.534213 0.166992 0.169110
0 0.533203 0.007331 0.070312 0.012708
0 0.472168 0.103617 0.088867 0.115347
0 0.486816 0.694037 0.178711 0.187683
0 0.165039 0.865103 0.201172 0.205279
0 0.539551 0.941349 0.168945 0.117302
0 0.628906 0.257087 0.125000 0.123167
0 0.873535 0.117791 0.166992 0.165200
0 0.969238 0.076735 0.061523 0.151515
0 0.829102 0.302053 0.146484 0.150538
0 0.949219 0.409580 0.101562 0.164223
0 0.928223 0.833333 0.143555 0.159335
0 0.999023 0.876344 0.001953 0.028348