0 0.038574 0.208984 0.075195 0.140625
0 0.167969 0.139160 0.080078 0.098633
0 0.180176 0.030273 0.147461 0.058594
0 0.264648 0.188477 0.140625 0.146484
0 0.111816 0.269043 0.061523 0.063477
0 0.314453 0.366211 0.054688 0.048828
0 0.076660 0.483887 0.151367 0.153320
0 0.194824 0.849609 0.180664 0.164062
0 0.260254 0.961914 0.077148 0.076172
0 0.023438 0.944336 0.044922 0.025391
0 0.039551 0.848145 0.045898 0.073242
0 0.416504 0.118652 0.159180 0.141602
0 0.580078 0.040527 0.169922 0.079102
0 0.944336 0.031738 0.070312 0.061523
0 0.556641 0.168945 0.044922 0.070312
0 0.946289 0.278809 0.101562 0.157227
0 0.633301 0.516113 0.127930 0.135742
0 0.597168 0.676758 0.108398 0.142578
0 0.333496 0.716797 0.153320 0.140625
0 0.478027 0.825195 0.116211 0.037109
0 0.977539 0.687500 0.041016 0.099609
0 0.859375 0.760742 0.064453 0.050781
0 0.908203 0.807129 0.039062 0.045898
0 0.594238 0.962891 0.149414 0.074219