0 0.039551 0.691406 0.077148 0.132812
0 0.021484 0.967285 0.041016 0.065430
0 0.177246 0.401855 0.112305 0.092773
0 0.739258 0.222656 0.117188 0.103516
0 0.312500 0.371094 0.113281 0.107422
0 0.714355 0.034180 0.047852 0.066406
0 0.472656 0.563965 0.136719 0.129883
0 0.923340 0.750000 0.088867 0.103516
0 0.136230 0.775391 0.110352 0.111328
0 0.373047 0.707031 0.138672 0.060547
0 0.312500 0.805176 0.144531 0.147461
0 0.414062 0.761719 0.066406 0.070312
0 0.434082 0.955566 0.145508 0.088867
0 0.500977 0.951172 0.085938 0.097656