0 0.023438 0.010264 0.035156 0.018573
0 0.005859 0.110459 0.009766 0.017595
0 0.178223 0.465298 0.159180 0.154448
0 0.044434 0.573803 0.086914 0.113392
0 0.013184 0.910557 0.024414 0.094819
0 0.567383 0.017595 0.121094 0.033236
0 0.419434 0.122190 0.143555 0.138807
0 0.653809 0.032258 0.059570 0.029326
0 0.371582 0.214076 0.084961 0.115347
0 0.476074 0.212121 0.145508 0.168133
0 0.603027 0.282991 0.155273 0.155425
0 0.970215 0.271261 0.053711 0.042033
0 0.902832 0.364614 0.040039 0.052786
0 0.953613 0.482405 0.038086 0.042033
0 0.883789 0.438416 0.044922 0.051808
0 0.817383 0.569892 0.074219 0.060606
0 0.374512 0.420821 0.110352 0.167155
0 0.365723 0.621212 0.102539 0.126100
0 0.307129 0.639785 0.045898 0.069404
0 0.483398 0.699413 0.160156 0.155425
0 0.852051 0.655914 0.036133 0.046921
0 0.681641 0.835288 0.136719 0.133920
0 0.337402 0.782502 0.067383 0.069404
0 0.271973 0.767351 0.038086 0.052786
0 0.241699 0.847019 0.057617 0.040078