0 0.015137 0.180176 0.028320 0.045898
0 0.703613 0.296875 0.166992 0.164062
0 0.573242 0.564453 0.144531 0.138672
0 0.028320 0.596191 0.054688 0.045898
0 0.042480 0.701660 0.083008 0.122070
0 0.554688 0.692383 0.126953 0.099609
0 0.307129 0.803223 0.108398 0.083008
0 0.035645 0.087402 0.069336 0.065430
0 0.347168 0.892578 0.106445 0.126953
0 0.376465 0.892578 0.081055 0.099609
0 0.011230 0.788574 0.020508 0.036133
0 0.657715 0.888184 0.153320 0.155273
0 0.669922 0.952148 0.136719 0.095703
0 0.957520 0.010742 0.084961 0.019531
0 0.870117 0.015137 0.054688 0.028320
0 0.608887 0.009766 0.026367 0.017578
0 0.808105 0.379395 0.147461 0.153320
0 0.936523 0.372070 0.126953 0.140625
0 0.657715 0.115723 0.094727 0.120117
0 0.799316 0.774902 0.127930 0.125977