0 0.155273 0.545943 0.117188 0.145650
0 0.126953 0.883675 0.134766 0.140762
0 0.255859 0.831867 0.169922 0.173998
0 0.295898 0.885142 0.126953 0.114370
0 0.891113 0.018573 0.063477 0.035191
0 0.981445 0.175464 0.037109 0.137830
0 0.952148 0.277126 0.095703 0.133920
0 0.627441 0.348974 0.125977 0.166178
0 0.992188 0.378788 0.013672 0.012708
0 0.842285 0.478006 0.051758 0.048876
0 0.808105 0.722385 0.092773 0.115347
0 0.877930 0.725806 0.076172 0.133920
0 0.934082 0.784457 0.131836 0.153470
0 0.915039 0.901760 0.083984 0.118280
0 0.709473 0.923754 0.133789 0.138807