0 0.030762 0.184570 0.059570 0.166016
0 0.116699 0.102539 0.137695 0.138672
0 0.339355 0.027344 0.127930 0.052734
0 0.214844 0.413574 0.070312 0.088867
0 0.145996 0.378418 0.063477 0.040039
0 0.033203 0.642090 0.064453 0.149414
0 0.176270 0.727051 0.151367 0.155273
0 0.323730 0.768555 0.125977 0.126953
0 0.024414 0.923340 0.046875 0.145508
0 0.113281 0.853516 0.156250 0.099609
0 0.695312 0.610840 0.119141 0.118164
0 0.350586 0.629395 0.062500 0.063477
0 0.432129 0.756836 0.038086 0.050781
0 0.493652 0.713379 0.049805 0.038086
0 0.715820 0.697754 0.074219 0.061523
0 0.156250 0.942383 0.189453 0.115234
0 0.870117 0.022949 0.128906 0.043945
0 0.728027 0.424316 0.139648 0.129883
0 0.752930 0.992676 0.082031 0.014648
0 0.915039 0.930176 0.166016 0.139648