0 0.173340 0.058105 0.137695 0.114258
0 0.489746 0.071289 0.133789 0.140625
0 0.074707 0.365723 0.147461 0.153320
0 0.162109 0.335449 0.037109 0.038086
0 0.034668 0.481445 0.067383 0.136719
0 0.007812 0.666992 0.013672 0.123047
0 0.174316 0.594727 0.116211 0.134766
0 0.489258 0.462891 0.103516 0.080078
0 0.483398 0.712891 0.169922 0.171875
0 0.048828 0.926758 0.015625 0.013672
0 0.146484 0.944824 0.171875 0.110352
0 0.578125 0.971191 0.099609 0.057617
0 0.810059 0.099609 0.065430 0.052734
0 0.897949 0.301270 0.170898 0.153320
0 0.818359 0.579102 0.105469 0.101562
0 0.979492 0.555176 0.041016 0.133789
0 0.617676 0.860840 0.137695 0.131836
0 0.850586 0.910645 0.123047 0.159180