0 0.758789 0.107422 0.121094 0.142578
0 0.612793 0.109375 0.067383 0.072266
0 0.439453 0.232422 0.062500 0.056641
0 0.564941 0.270996 0.063477 0.049805
0 0.632812 0.230957 0.066406 0.061523
0 0.705078 0.328613 0.150391 0.155273
0 0.944336 0.311035 0.105469 0.139648
0 0.894531 0.450195 0.164062 0.148438
0 0.882812 0.093750 0.076172 0.072266
0 0.687500 0.051270 0.058594 0.051758
0 0.623047 0.343262 0.037109 0.069336
0 0.686523 0.596680 0.056641 0.056641
0 0.543945 0.583496 0.078125 0.055664
0 0.900391 0.665527 0.132812 0.133789
0 0.652344 0.443359 0.060547 0.058594
0 0.508789 0.462891 0.048828 0.044922
0 0.015625 0.601562 0.029297 0.062500
0 0.134766 0.578125 0.138672 0.136719
0 0.362305 0.730957 0.144531 0.139648
0 0.386719 0.843262 0.134766 0.106445
0 0.070312 0.977051 0.046875 0.045898
0 0.968262 0.215820 0.057617 0.054688
0 0.735840 0.798340 0.073242 0.129883
0 0.847656 0.895020 0.148438 0.125977
0 0.643066 0.981934 0.038086 0.036133
0 0.859863 0.984375 0.067383 0.031250
0 0.388672 0.012695 0.070312 0.023438
0 0.447266 0.016113 0.048828 0.030273