0 0.237793 0.010254 0.045898 0.018555
0 0.030762 0.066895 0.059570 0.131836
0 0.281250 0.098633 0.080078 0.072266
0 0.209473 0.202637 0.198242 0.198242
0 0.567871 0.165527 0.065430 0.059570
0 0.508789 0.207520 0.046875 0.057617
0 0.774902 0.252441 0.125977 0.124023
0 0.862793 0.279785 0.041992 0.049805
0 0.650391 0.318359 0.058594 0.074219
0 0.385254 0.445312 0.170898 0.156250
0 0.292969 0.440918 0.087891 0.143555
0 0.139160 0.525879 0.075195 0.055664
0 0.778320 0.484863 0.066406 0.053711
0 0.520508 0.678223 0.177734 0.168945
0 0.361328 0.838379 0.050781 0.077148
0 0.668945 0.861328 0.070312 0.070312
0 0.775391 0.777344 0.050781 0.048828
0 0.732910 0.701660 0.053711 0.047852
0 0.027344 0.980957 0.052734 0.038086
0 0.159668 0.958496 0.155273 0.083008
0 0.330078 0.998535 0.021484 0.002930
0 0.414062 0.965332 0.113281 0.069336
0 0.863281 0.751953 0.125000 0.130859
0 0.218750 0.715332 0.050781 0.030273
0 0.962891 0.062988 0.074219 0.118164
0 0.986328 0.598633 0.027344 0.126953
0 0.956543 0.772461 0.086914 0.154297
0 0.996582 0.889648 0.006836 0.050781