0 0.361328 0.046432 0.050781 0.077224
0 0.668945 0.069404 0.070312 0.070381
0 0.769531 0.005376 0.033203 0.008798
0 0.037109 0.247801 0.072266 0.155425
0 0.157715 0.207722 0.161133 0.165200
0 0.141113 0.291300 0.143555 0.097752
0 0.333984 0.264418 0.130859 0.118280
0 0.420898 0.208700 0.126953 0.139785
0 0.674316 0.334800 0.059570 0.022483
0 0.879883 0.013196 0.070312 0.024438
0 0.789551 0.362170 0.108398 0.116325
0 0.734863 0.380254 0.079102 0.087977
0 0.879883 0.340176 0.119141 0.125122
0 0.484863 0.605083 0.163086 0.156403
0 0.530273 0.713587 0.103516 0.087977
0 0.090332 0.715054 0.172852 0.165200
0 0.693359 0.545455 0.039062 0.035191
0 0.774414 0.768817 0.062500 0.057674
0 0.120117 0.942815 0.130859 0.114370
0 0.374512 0.960899 0.077148 0.062561
0 0.267090 0.983382 0.145508 0.033236
0 0.770020 0.844575 0.065430 0.058651
0 0.780273 0.970186 0.076172 0.059629
0 0.603516 0.966276 0.056641 0.067449
0 0.958008 0.029326 0.083984 0.056696
0 0.996582 0.097752 0.006836 0.050831
0 0.969238 0.304985 0.061523 0.074291
0 0.961426 0.404692 0.077148 0.136852
0 0.981934 0.714076 0.036133 0.114370
0 0.968262 0.828935 0.063477 0.115347