0 0.683594 0.009286 0.099609 0.016618
0 0.928223 0.142717 0.139648 0.189638
0 0.072754 0.117791 0.143555 0.165200
0 0.216797 0.082600 0.181641 0.163245
0 0.424805 0.075269 0.062500 0.086022
0 0.045410 0.302053 0.088867 0.150538
0 0.189453 0.404692 0.207031 0.173998
0 0.437988 0.438905 0.178711 0.191593
0 0.559082 0.427175 0.135742 0.154448
0 0.630371 0.625122 0.178711 0.173021
0 0.869629 0.603617 0.159180 0.163245
0 0.467285 0.756598 0.200195 0.168133
0 0.124023 0.833333 0.160156 0.159335
0 0.272949 0.866569 0.174805 0.174976
0 0.466797 0.893451 0.162109 0.177908
0 0.746094 0.883187 0.138672 0.124145
0 0.872070 0.954545 0.132812 0.090909
0 0.959961 0.357771 0.072266 0.043011
0 0.886230 0.061584 0.057617 0.064516