0 0.154297 0.006348 0.037109 0.010742
0 0.021484 0.168457 0.041016 0.096680
0 0.312988 0.224121 0.073242 0.065430
0 0.321289 0.265137 0.052734 0.041992
0 0.303223 0.379883 0.149414 0.150391
0 0.540039 0.152344 0.158203 0.167969
0 0.398438 0.224121 0.144531 0.145508
0 0.668457 0.269043 0.170898 0.155273
0 0.990723 0.279297 0.018555 0.089844
0 0.641602 0.652832 0.144531 0.110352
0 0.604980 0.696777 0.077148 0.075195
0 0.550293 0.805176 0.163086 0.155273
0 0.736816 0.897949 0.166992 0.145508
0 0.949219 0.950684 0.101562 0.090820