0 0.261230 0.011719 0.112305 0.021484
0 0.396484 0.056152 0.134766 0.110352
0 0.492676 0.038086 0.127930 0.074219
0 0.083984 0.125488 0.042969 0.055664
0 0.190918 0.224609 0.036133 0.041016
0 0.144531 0.274414 0.060547 0.066406
0 0.073242 0.359375 0.060547 0.068359
0 0.184570 0.348145 0.058594 0.047852
0 0.268555 0.363281 0.060547 0.066406
0 0.439453 0.357910 0.134766 0.127930
0 0.523926 0.251953 0.106445 0.123047
0 0.097656 0.497070 0.060547 0.068359
0 0.144531 0.521973 0.044922 0.047852
0 0.171387 0.621094 0.047852 0.042969
0 0.201660 0.605957 0.051758 0.057617
0 0.256348 0.631836 0.045898 0.056641
0 0.271484 0.709961 0.054688 0.064453
0 0.378418 0.682129 0.057617 0.071289
0 0.518066 0.679199 0.120117 0.122070
0 0.507812 0.665039 0.056641 0.064453
0 0.275879 0.901855 0.057617 0.047852
0 0.466309 0.982422 0.036133 0.035156
0 0.979980 0.205078 0.040039 0.044922
0 0.927246 0.495117 0.145508 0.197266
0 0.834473 0.749512 0.075195 0.069336
0 0.445801 0.870605 0.067383 0.069336
0 0.504395 0.851562 0.061523 0.060547
0 0.582031 0.856934 0.060547 0.075195