0 0.637207 0.021505 0.079102 0.041056
0 0.744141 0.044477 0.140625 0.086999
0 0.167480 0.023460 0.116211 0.044966
0 0.025391 0.210655 0.048828 0.137830
0 0.777344 0.217986 0.154297 0.158358
0 0.219727 0.319159 0.148438 0.161290
0 0.687012 0.422776 0.125977 0.131965
0 0.257324 0.492180 0.170898 0.165200
0 0.277344 0.604106 0.154297 0.140762
0 0.088379 0.646628 0.143555 0.139785
0 0.678711 0.709189 0.054688 0.063539
0 0.729004 0.675953 0.040039 0.028348
0 0.900391 0.673509 0.064453 0.068426
0 0.951172 0.020039 0.097656 0.038123