0 0.074707 0.074291 0.145508 0.129032
0 0.024414 0.296676 0.046875 0.157380
0 0.064453 0.338221 0.126953 0.144673
0 0.076172 0.522972 0.150391 0.177908
0 0.013672 0.633920 0.025391 0.071359
0 0.036133 0.688661 0.070312 0.073314
0 0.013672 0.722385 0.025391 0.029326
0 0.020508 0.918866 0.039062 0.084066
0 0.148438 0.003421 0.035156 0.004888
0 0.873535 0.198925 0.172852 0.167155
0 0.853516 0.534213 0.152344 0.167155
0 0.203613 0.905670 0.157227 0.157380
0 0.838867 0.780547 0.107422 0.186706
0 0.923340 0.850929 0.153320 0.110459
0 0.930176 0.982405 0.055664 0.035191