0 0.177246 0.006836 0.069336 0.011719
0 0.314453 0.020508 0.089844 0.039062
0 0.024414 0.131348 0.046875 0.145508
0 0.113281 0.061523 0.156250 0.099609
0 0.476562 0.327637 0.150391 0.139648
0 0.156250 0.181152 0.189453 0.176758
0 0.187500 0.309570 0.117188 0.123047
0 0.126953 0.495605 0.123047 0.143555
0 0.608398 0.601074 0.125000 0.120117
0 0.059082 0.942871 0.116211 0.114258
0 0.662598 0.832031 0.067383 0.082031
0 0.739258 0.255859 0.125000 0.125000
0 0.915039 0.147461 0.166016 0.158203
0 0.924805 0.308105 0.048828 0.040039
0 0.902832 0.711426 0.073242 0.071289
0 0.804688 0.979980 0.134766 0.040039