0 0.071777 0.514648 0.069336 0.074219
0 0.021484 0.893555 0.041016 0.119141
0 0.068359 0.956055 0.134766 0.078125
0 0.023926 0.101074 0.022461 0.020508
0 0.589355 0.125977 0.053711 0.058594
0 0.939453 0.164062 0.056641 0.042969
0 0.868652 0.141113 0.040039 0.055664
0 0.727539 0.282227 0.050781 0.048828
0 0.532715 0.477051 0.038086 0.040039
0 0.720703 0.229004 0.033203 0.032227
0 0.669922 0.412109 0.042969 0.070312
0 0.989746 0.372559 0.020508 0.061523
0 0.866699 0.510742 0.055664 0.125000
0 0.983887 0.526855 0.032227 0.077148
0 0.583008 0.372070 0.029297 0.021484
0 0.541992 0.807617 0.167969 0.173828
0 0.448242 0.910156 0.070312 0.070312
0 0.601074 0.902344 0.112305 0.107422
0 0.841309 0.895996 0.071289 0.088867
0 0.366211 0.913574 0.058594 0.073242