0 0.117188 0.141113 0.191406 0.182617
0 0.335449 0.024414 0.118164 0.046875
0 0.600586 0.034180 0.164062 0.066406
0 0.873535 0.062012 0.059570 0.065430
0 0.421875 0.169434 0.068359 0.088867
0 0.336426 0.388672 0.176758 0.179688
0 0.568359 0.380859 0.156250 0.156250
0 0.049805 0.502441 0.097656 0.155273
0 0.391113 0.498047 0.069336 0.089844
0 0.436035 0.489258 0.116211 0.128906
0 0.642578 0.559570 0.201172 0.171875
0 0.156250 0.731934 0.148438 0.145508
0 0.456543 0.768555 0.168945 0.156250
0 0.618164 0.690918 0.105469 0.071289
0 0.748535 0.706543 0.176758 0.159180
0 0.158691 0.959961 0.118164 0.080078
0 0.969238 0.095703 0.061523 0.160156
0 0.997070 0.125488 0.005859 0.020508
0 0.913574 0.664551 0.145508 0.163086
0 0.886719 0.760742 0.136719 0.080078
0 0.982422 0.720703 0.035156 0.050781