0 0.013672 0.095215 0.025391 0.061523
0 0.389648 0.050781 0.144531 0.099609
0 0.357422 0.293457 0.111328 0.083008
0 0.064453 0.410645 0.126953 0.184570
0 0.147949 0.378906 0.053711 0.060547
0 0.026855 0.513672 0.051758 0.027344
0 0.144531 0.476562 0.144531 0.099609
0 0.315430 0.619629 0.146484 0.190430
0 0.093262 0.743164 0.120117 0.169922
0 0.238770 0.943848 0.176758 0.112305
0 0.358398 0.968750 0.074219 0.062500
0 0.837402 0.232422 0.137695 0.140625
0 0.964355 0.350098 0.071289 0.153320
0 0.974609 0.561035 0.050781 0.041992
0 0.765625 0.916992 0.164062 0.166016
0 0.911133 0.961914 0.158203 0.076172
0 0.631348 0.922363 0.069336 0.069336
0 0.613281 0.955566 0.068359 0.055664