0 0.280762 0.048387 0.227539 0.094819
0 0.419434 0.025904 0.067383 0.049853
0 0.887207 0.074291 0.145508 0.129032
0 0.062988 0.098240 0.124023 0.194526
0 0.141113 0.108016 0.071289 0.088954
0 0.433594 0.253666 0.212891 0.194526
0 0.765137 0.296676 0.190430 0.194526
0 0.869141 0.338221 0.142578 0.144673
0 0.875488 0.522972 0.176758 0.177908
0 0.798340 0.633431 0.081055 0.084066
0 0.847168 0.688661 0.073242 0.073314
0 0.803711 0.704301 0.070312 0.065494
0 0.345215 0.701369 0.213867 0.214076
0 0.780273 0.847996 0.066406 0.063539
0 0.804688 0.919355 0.095703 0.086999
0 0.960938 0.003421 0.035156 0.004888
0 0.968750 0.916911 0.062500 0.134897