0 0.002441 0.129395 0.002930 0.069336
0 0.244141 0.062500 0.167969 0.123047
0 0.096680 0.104980 0.058594 0.063477
0 0.075195 0.107910 0.080078 0.112305
0 0.197754 0.267090 0.135742 0.104492
0 0.035156 0.406250 0.068359 0.144531
0 0.181641 0.608887 0.181641 0.178711
0 0.027344 0.993164 0.052734 0.013672
0 0.237793 0.810059 0.141602 0.139648
0 0.308594 0.929688 0.132812 0.140625
0 0.403809 0.044922 0.153320 0.087891
0 0.970703 0.037109 0.058594 0.072266
0 0.614258 0.140625 0.054688 0.064453
0 0.785156 0.124023 0.117188 0.132812
0 0.847168 0.103027 0.026367 0.055664
0 0.516602 0.173340 0.029297 0.059570
0 0.363770 0.312012 0.122070 0.149414
0 0.494141 0.725098 0.160156 0.180664
0 0.665039 0.717285 0.160156 0.133789
0 0.958008 0.794434 0.083984 0.166992
0 0.842285 0.950195 0.170898 0.099609
0 0.962402 0.945801 0.075195 0.108398