0 0.161133 0.006836 0.050781 0.011719
0 0.458008 0.027832 0.154297 0.053711
0 0.141113 0.211426 0.153320 0.166992
0 0.217773 0.407227 0.119141 0.082031
0 0.180664 0.591309 0.136719 0.157227
0 0.538086 0.484863 0.064453 0.143555
0 0.843750 0.385254 0.162109 0.163086
0 0.377930 0.627441 0.126953 0.153320
0 0.604492 0.736816 0.066406 0.108398
0 0.678223 0.676758 0.061523 0.037109
0 0.803223 0.628418 0.122070 0.118164
0 0.330566 0.890137 0.159180 0.159180
0 0.514648 0.958496 0.128906 0.083008
0 0.636719 0.953613 0.109375 0.092773
0 0.231934 0.992188 0.018555 0.015625
0 0.902832 0.004883 0.051758 0.007812
0 0.975586 0.715332 0.048828 0.157227
0 0.909668 0.949219 0.045898 0.078125