0 0.004395 0.997559 0.006836 0.004883
0 0.137695 0.042480 0.070312 0.083008
0 0.250488 0.044922 0.157227 0.087891
0 0.265137 0.170410 0.067383 0.069336
0 0.103516 0.570801 0.152344 0.155273
0 0.667480 0.125000 0.106445 0.072266
0 0.751953 0.185059 0.150391 0.161133
0 0.987305 0.171875 0.025391 0.058594
0 0.904297 0.362793 0.097656 0.149414
0 0.970215 0.387695 0.059570 0.105469
0 0.689941 0.487305 0.172852 0.177734
0 0.951660 0.640137 0.096680 0.135742
0 0.660645 0.672363 0.143555 0.110352
0 0.807617 0.709961 0.089844 0.117188
0 0.675781 0.815430 0.164062 0.136719
0 0.741211 0.907715 0.150391 0.163086
0 0.077148 0.720703 0.132812 0.123047
0 0.173340 0.854980 0.120117 0.118164
0 0.986328 0.825684 0.027344 0.116211
0 0.909180 0.896973 0.058594 0.063477
0 0.887695 0.899902 0.080078 0.112305