0 0.194824 0.070312 0.180664 0.138672
0 0.260254 0.179688 0.077148 0.095703
0 0.230957 0.265625 0.061523 0.031250
0 0.023438 0.152344 0.044922 0.025391
0 0.039551 0.056152 0.045898 0.073242
0 0.067871 0.342773 0.133789 0.130859
0 0.177734 0.673828 0.070312 0.060547
0 0.315430 0.581055 0.078125 0.113281
0 0.148926 0.406250 0.034180 0.044922
0 0.025391 0.757812 0.041016 0.107422
0 0.005859 0.902344 0.009766 0.017578
0 0.478027 0.033203 0.116211 0.037109
0 0.908203 0.019531 0.039062 0.037109
0 0.591797 0.219238 0.160156 0.170898
0 0.784668 0.366211 0.057617 0.054688
0 0.822266 0.261230 0.048828 0.053711
0 0.644531 0.409668 0.150391 0.155273
0 0.796387 0.667480 0.045898 0.057617
0 0.525879 0.584473 0.163086 0.153320
0 0.567871 0.753418 0.141602 0.145508
0 0.419434 0.914062 0.143555 0.138672
0 0.653809 0.824219 0.059570 0.029297
0 0.364746 0.974121 0.071289 0.051758
0 0.475586 0.959961 0.144531 0.080078
0 0.605469 0.998535 0.031250 0.002930