0 0.031250 0.673021 0.060547 0.174976
0 0.227051 0.005865 0.086914 0.009775
0 0.386719 0.028837 0.048828 0.055718
0 0.475586 0.064027 0.152344 0.126100
0 0.699707 0.009286 0.088867 0.016618
0 0.931152 0.082111 0.094727 0.115347
0 0.097168 0.157380 0.045898 0.078201
0 0.258301 0.156891 0.120117 0.149560
0 0.406250 0.196970 0.177734 0.180841
0 0.658203 0.266373 0.154297 0.169110
0 0.480957 0.313294 0.100586 0.133920
0 0.370117 0.507331 0.083984 0.138807
0 0.758301 0.557674 0.168945 0.155425
0 0.236328 0.719941 0.146484 0.155425
0 0.209961 0.800587 0.101562 0.127077
0 0.504395 0.702835 0.141602 0.156403
0 0.873535 0.684751 0.067383 0.081134
0 0.891113 0.754154 0.180664 0.178886
0 0.948242 0.684262 0.103516 0.111437