0 0.183105 0.007812 0.026367 0.013672
0 0.062012 0.034668 0.045898 0.038086
0 0.075684 0.102539 0.061523 0.050781
0 0.159668 0.203613 0.051758 0.051758
0 0.458984 0.488281 0.167969 0.167969
0 0.233887 0.701660 0.061523 0.057617
0 0.132812 0.840332 0.060547 0.055664
0 0.105469 0.965332 0.068359 0.069336
0 0.723145 0.028809 0.149414 0.055664
0 0.472168 0.627441 0.059570 0.090820
0 0.567871 0.632324 0.168945 0.172852
0 0.986816 0.437012 0.026367 0.106445
0 0.694824 0.659668 0.084961 0.079102
0 0.798340 0.832520 0.129883 0.161133
0 0.893555 0.915039 0.171875 0.169922