0 0.275879 0.109971 0.057617 0.047898
0 0.091309 0.244868 0.065430 0.063539
0 0.191895 0.363148 0.045898 0.049853
0 0.466309 0.200391 0.036133 0.054741
0 0.328613 0.394917 0.061523 0.066471
0 0.396484 0.426686 0.064453 0.081134
0 0.312012 0.530792 0.055664 0.060606
0 0.173340 0.549853 0.049805 0.059629
0 0.129395 0.610948 0.055664 0.068426
0 0.150391 0.588465 0.041016 0.041056
0 0.316406 0.670577 0.056641 0.062561
0 0.200684 0.793255 0.071289 0.063539
0 0.644043 0.603617 0.192383 0.137830
0 0.606934 0.744379 0.188477 0.178886
0 0.506348 0.795699 0.075195 0.080156
0 0.823730 0.715054 0.159180 0.161290
0 0.783203 0.801564 0.142578 0.144673
0 0.586426 0.868524 0.073242 0.065494
0 0.515625 0.970186 0.066406 0.059629
0 0.661621 0.877810 0.057617 0.052786
0 0.880371 0.961877 0.145508 0.076246
0 0.445801 0.078690 0.067383 0.069404
0 0.504395 0.059629 0.061523 0.060606
0 0.582031 0.065005 0.060547 0.075269
0 0.980469 0.546921 0.039062 0.126100
0 0.938477 0.865103 0.123047 0.205279