0 0.192871 0.103027 0.073242 0.124023
0 0.285156 0.125488 0.136719 0.110352
0 0.171875 0.191895 0.072266 0.077148
0 0.223633 0.233887 0.066406 0.063477
0 0.176270 0.395020 0.073242 0.073242
0 0.262207 0.349609 0.075195 0.060547
0 0.365234 0.438477 0.082031 0.078125
0 0.696777 0.481445 0.098633 0.158203
0 0.886230 0.173340 0.137695 0.116211
0 0.889160 0.337891 0.155273 0.175781
0 0.972656 0.307617 0.054688 0.175781
0 0.278320 0.621582 0.070312 0.061523
0 0.916992 0.588867 0.109375 0.138672
0 0.754883 0.811523 0.183594 0.167969
0 0.366699 0.849609 0.069336 0.070312
0 0.514648 0.884277 0.076172 0.077148
0 0.086914 0.852539 0.123047 0.093750
0 0.080566 0.941895 0.145508 0.116211
0 0.309570 0.912598 0.060547 0.067383
0 0.955566 0.919922 0.088867 0.117188