0 0.034668 0.255859 0.067383 0.148438
0 0.065430 0.224609 0.068359 0.130859
0 0.058594 0.431641 0.115234 0.146484
0 0.073242 0.544922 0.095703 0.109375
0 0.413574 0.109375 0.145508 0.150391
0 0.279297 0.065430 0.142578 0.128906
0 0.258301 0.353516 0.137695 0.158203
0 0.396973 0.494629 0.163086 0.159180
0 0.369141 0.555664 0.087891 0.068359
0 0.189941 0.622559 0.098633 0.086914
0 0.294434 0.714844 0.174805 0.185547
0 0.994629 0.695312 0.010742 0.072266
0 0.899414 0.752930 0.050781 0.039062
0 0.849609 0.618652 0.041016 0.038086
0 0.702148 0.892090 0.142578 0.143555
0 0.163574 0.987305 0.032227 0.025391