0 0.278809 0.010753 0.043945 0.019550
0 0.079102 0.014663 0.105469 0.027370
0 0.003906 0.126588 0.005859 0.020528
0 0.477539 0.082111 0.128906 0.162268
0 0.350098 0.261486 0.161133 0.149560
0 0.545898 0.247312 0.082031 0.087977
0 0.200684 0.426197 0.139648 0.150538
0 0.354004 0.437439 0.165039 0.133920
0 0.527344 0.454545 0.148438 0.130987
0 0.153809 0.562072 0.098633 0.078201
0 0.126465 0.685239 0.137695 0.164223
0 0.234375 0.751711 0.140625 0.162268
0 0.089355 0.935973 0.139648 0.128055
0 0.179688 0.890518 0.162109 0.160313
0 0.312500 0.746823 0.070312 0.127077
0 0.690918 0.675953 0.153320 0.139785
0 0.515137 0.929130 0.141602 0.141740
0 0.903809 0.244868 0.065430 0.063539
0 0.990723 0.363636 0.018555 0.046921
0 0.980469 0.549853 0.039062 0.059629
0 0.941895 0.610948 0.055664 0.068426
0 0.962891 0.588465 0.041016 0.041056
0 0.988770 0.795210 0.022461 0.059629