0 0.021484 0.212121 0.041016 0.138807
0 0.087891 0.673509 0.064453 0.068426
0 0.918457 0.005376 0.053711 0.008798
0 0.138672 0.020039 0.097656 0.038123
0 0.312500 0.043988 0.144531 0.086022
0 0.410645 0.002933 0.028320 0.003910
0 0.434082 0.193060 0.145508 0.147605
0 0.500977 0.171554 0.085938 0.122190
0 0.342773 0.437439 0.134766 0.143695
0 0.468750 0.470186 0.138672 0.134897
0 0.905762 0.402737 0.141602 0.132942
0 0.562012 0.628055 0.145508 0.141740
0 0.642578 0.598729 0.058594 0.059629
0 0.374512 0.712610 0.155273 0.152493
0 0.420410 0.816716 0.125977 0.110459
0 0.220215 0.790323 0.053711 0.059629
0 0.312988 0.995601 0.041992 0.008798
0 0.436523 0.951613 0.121094 0.096774
0 0.549805 0.950147 0.076172 0.086022
0 0.688477 0.891007 0.138672 0.133920
0 0.940430 0.616813 0.113281 0.142717
0 0.948242 0.760020 0.097656 0.167155
0 0.795410 0.873412 0.106445 0.139785
0 0.699707 0.990714 0.086914 0.018573
0 0.957031 0.887097 0.082031 0.096774