0 0.002930 0.464844 0.003906 0.046875
0 0.061523 0.292969 0.097656 0.109375
0 0.128906 0.442383 0.093750 0.054688
0 0.466309 0.297363 0.125977 0.151367
0 0.628906 0.189453 0.158203 0.162109
0 0.567871 0.379395 0.161133 0.176758
0 0.325195 0.479980 0.160156 0.155273
0 0.097656 0.666992 0.115234 0.136719
0 0.246582 0.608398 0.149414 0.154297
0 0.428711 0.805176 0.062500 0.041992
0 0.526855 0.784180 0.065430 0.070312
0 0.378906 0.952637 0.126953 0.094727
0 0.005371 0.898438 0.008789 0.035156
0 0.458984 0.757324 0.050781 0.047852
0 0.453125 0.609863 0.041016 0.063477
0 0.291504 0.860352 0.024414 0.052734
0 0.922363 0.192871 0.124023 0.092773
0 0.930176 0.287598 0.139648 0.159180
0 0.969727 0.138672 0.060547 0.138672
0 0.968750 0.450684 0.062500 0.157227
0 0.861816 0.708496 0.065430 0.071289
0 0.896484 0.917480 0.042969 0.055664
0 0.992676 0.998047 0.014648 0.003906