0 0.005859 0.184082 0.009766 0.047852
0 0.263672 0.213867 0.136719 0.132812
0 0.311523 0.285156 0.046875 0.054688
0 0.596191 0.027832 0.043945 0.053711
0 0.615723 0.189453 0.127930 0.158203
0 0.708984 0.361328 0.160156 0.173828
0 0.160645 0.415527 0.063477 0.055664
0 0.099121 0.550781 0.153320 0.156250
0 0.194336 0.545410 0.066406 0.096680
0 0.489258 0.649902 0.130859 0.061523
0 0.425781 0.754883 0.117188 0.126953
0 0.494141 0.831543 0.050781 0.055664
0 0.547852 0.571289 0.054688 0.091797
0 0.618652 0.554199 0.094727 0.079102
0 0.026367 0.886719 0.007812 0.009766
0 0.873047 0.553711 0.144531 0.148438
0 0.995605 0.520508 0.008789 0.068359
0 0.983398 0.968262 0.033203 0.063477