0 0.330566 0.098240 0.159180 0.159335
0 0.514648 0.188172 0.128906 0.126100
0 0.636719 0.174487 0.109375 0.118280
0 0.215332 0.221408 0.061523 0.057674
0 0.292969 0.321114 0.146484 0.124145
0 0.244141 0.405670 0.101562 0.127077
0 0.543945 0.548876 0.146484 0.128055
0 0.663086 0.532258 0.115234 0.137830
0 0.203613 0.618768 0.137695 0.121212
0 0.267578 0.733138 0.148438 0.123167
0 0.400879 0.731183 0.065430 0.127077
0 0.782715 0.675953 0.182617 0.204301
0 0.909668 0.157380 0.045898 0.078201
0 0.987793 0.716031 0.024414 0.100684
0 0.985840 0.795699 0.028320 0.117302