0 0.025879 0.013184 0.049805 0.024414
0 0.113281 0.071777 0.152344 0.120117
0 0.034180 0.200195 0.066406 0.179688
0 0.178711 0.309082 0.107422 0.151367
0 0.990723 0.011719 0.018555 0.021484
0 0.481934 0.057617 0.055664 0.058594
0 0.901855 0.158203 0.139648 0.156250
0 0.955566 0.093750 0.088867 0.150391
0 0.566406 0.188477 0.064453 0.048828
0 0.468262 0.226562 0.047852 0.046875
0 0.562500 0.237305 0.044922 0.054688
0 0.766113 0.378418 0.049805 0.053711
0 0.879883 0.340820 0.076172 0.130859
0 0.909180 0.339355 0.056641 0.125977
0 0.494141 0.474609 0.115234 0.134766
0 0.401367 0.514160 0.128906 0.124023
0 0.543945 0.798340 0.130859 0.131836