0 0.467773 0.015625 0.033203 0.029297
0 0.488770 0.187012 0.114258 0.129883
0 0.597656 0.106445 0.132812 0.144531
0 0.734863 0.197754 0.124023 0.127930
0 0.628906 0.252930 0.134766 0.142578
0 0.396973 0.362793 0.086914 0.131836
0 0.495605 0.468262 0.137695 0.145508
0 0.041016 0.713379 0.080078 0.073242
0 0.171387 0.744629 0.108398 0.122070
0 0.200684 0.880859 0.118164 0.128906
0 0.596191 0.765137 0.075195 0.079102
0 0.833496 0.799316 0.141602 0.137695
0 0.784668 0.951172 0.165039 0.093750
0 0.687500 0.928711 0.031250 0.035156
0 0.952148 0.923340 0.089844 0.149414