0 0.061035 0.062012 0.059570 0.065430
0 0.012695 0.709961 0.023438 0.087891
0 0.172363 0.095703 0.092773 0.160156
0 0.268066 0.103516 0.172852 0.171875
0 0.675781 0.127930 0.066406 0.068359
0 0.451660 0.329590 0.174805 0.180664
0 0.870117 0.261719 0.152344 0.160156
0 0.954102 0.340820 0.091797 0.140625
0 0.693848 0.420898 0.127930 0.136719
0 0.814453 0.441895 0.138672 0.155273
0 0.891602 0.549805 0.138672 0.128906
0 0.101074 0.664551 0.145508 0.163086
0 0.307617 0.570801 0.056641 0.073242
0 0.074219 0.760742 0.136719 0.080078
0 0.193359 0.725098 0.082031 0.067383
0 0.268555 0.694824 0.140625 0.116211
0 0.570312 0.847656 0.080078 0.095703
0 0.633301 0.839355 0.112305 0.102539
0 0.503418 0.883301 0.045898 0.047852
0 0.705566 0.812988 0.083008 0.124023
0 0.830566 0.873535 0.131836 0.135742
0 0.833496 0.778320 0.125977 0.085938
0 0.408691 0.994141 0.096680 0.011719
0 0.884277 0.968750 0.053711 0.062500
0 0.967285 0.232422 0.065430 0.082031