0 0.306152 0.026882 0.106445 0.051808
0 0.347168 0.100684 0.106445 0.127077
0 0.376465 0.100684 0.081055 0.099707
0 0.011230 0.007820 0.020508 0.013685
0 0.657715 0.096285 0.153320 0.155425
0 0.669922 0.168133 0.136719 0.111437
0 0.616211 0.308895 0.121094 0.105572
0 0.056152 0.400293 0.110352 0.186706
0 0.470215 0.516618 0.081055 0.104594
0 0.252930 0.562561 0.121094 0.108504
0 0.055664 0.635875 0.109375 0.176931
0 0.103027 0.867546 0.166992 0.147605
0 0.279297 0.961388 0.101562 0.077224
0 0.399902 0.963832 0.036133 0.072336
0 0.770508 0.023460 0.048828 0.044966
0 0.954590 0.545943 0.090820 0.145650
0 0.936035 0.883675 0.127930 0.140762
0 0.991699 0.839198 0.016602 0.102639