0 0.007812 0.187500 0.013672 0.078125
0 0.212402 0.188477 0.100586 0.125000
0 0.091797 0.362793 0.097656 0.149414
0 0.195801 0.387695 0.135742 0.113281
0 0.154785 0.640137 0.127930 0.135742
0 0.020508 0.699219 0.039062 0.082031
0 0.002441 0.921387 0.002930 0.069336
0 0.308105 0.685059 0.163086 0.168945
0 0.244141 0.830078 0.167969 0.171875
0 0.096680 0.896973 0.058594 0.063477
0 0.075195 0.899902 0.080078 0.112305
0 0.363281 0.446289 0.054688 0.056641
0 0.551270 0.088379 0.041992 0.061523
0 0.860352 0.161133 0.048828 0.033203
0 0.895508 0.164551 0.019531 0.040039
0 0.713867 0.320312 0.152344 0.169922
0 0.825195 0.305664 0.068359 0.066406
0 0.875000 0.350098 0.078125 0.079102
0 0.872559 0.448242 0.059570 0.066406
0 0.608398 0.388672 0.025391 0.021484
0 0.572754 0.452148 0.032227 0.044922
0 0.599609 0.491699 0.060547 0.061523
0 0.449707 0.405762 0.112305 0.153320
0 0.950195 0.405273 0.041016 0.029297
0 0.620605 0.614258 0.028320 0.048828
0 0.403809 0.802734 0.153320 0.156250
0 0.958496 0.797852 0.083008 0.134766
0 0.614258 0.932617 0.054688 0.064453
0 0.785156 0.916016 0.117188 0.132812
0 0.847168 0.895020 0.026367 0.055664
0 0.516602 0.965332 0.029297 0.059570