0 0.126953 0.190430 0.177734 0.195312
0 0.541992 0.036621 0.136719 0.071289
0 0.468750 0.082031 0.105469 0.093750
0 0.418945 0.190430 0.072266 0.109375
0 0.508301 0.261230 0.077148 0.063477
0 0.434570 0.375488 0.072266 0.063477
0 0.192383 0.726562 0.162109 0.164062
0 0.204102 0.814453 0.078125 0.060547
0 0.977539 0.006836 0.044922 0.011719
0 0.780762 0.130859 0.159180 0.146484
0 0.923828 0.061523 0.152344 0.099609
0 0.937012 0.180664 0.125977 0.175781
0 0.970703 0.322266 0.058594 0.097656
0 0.938965 0.495605 0.122070 0.143555
0 0.667480 0.734375 0.196289 0.154297
0 0.833984 0.942871 0.191406 0.114258