0 0.284180 0.008301 0.062500 0.014648
0 0.702148 0.100098 0.142578 0.143555
0 0.961914 0.360840 0.076172 0.174805
0 0.522949 0.430664 0.159180 0.162109
0 0.919434 0.586426 0.161133 0.178711
0 0.190430 0.221191 0.085938 0.077148
0 0.232910 0.293945 0.067383 0.089844
0 0.284180 0.451172 0.138672 0.152344
0 0.135742 0.495117 0.187500 0.197266
0 0.030273 0.749512 0.058594 0.069336
0 0.349121 0.679688 0.151367 0.132812
0 0.533203 0.750488 0.117188 0.110352
0 0.472168 0.895508 0.088867 0.115234
0 0.636719 0.993652 0.035156 0.012695
0 0.763672 0.741699 0.062500 0.065430
0 0.873535 0.909668 0.166992 0.165039
0 0.969238 0.859375 0.061523 0.169922