0 0.132812 0.048387 0.060547 0.055718
0 0.105469 0.173998 0.068359 0.070381
0 0.140137 0.377322 0.045898 0.052786
0 0.425293 0.348974 0.131836 0.142717
0 0.210449 0.502444 0.069336 0.064516
0 0.089355 0.531281 0.065430 0.045943
0 0.457031 0.644673 0.130859 0.149560
0 0.504395 0.455034 0.079102 0.106549
0 0.232422 0.904692 0.123047 0.081134
0 0.798340 0.061095 0.129883 0.120235
0 0.893555 0.135386 0.171875 0.194526
0 0.752441 0.412512 0.133789 0.144673
0 0.781738 0.525415 0.196289 0.208211
0 0.968262 0.406647 0.063477 0.048876
0 0.712402 0.727273 0.139648 0.142717
0 0.872070 0.709189 0.136719 0.126100
0 0.764648 0.887586 0.044922 0.041056