0 0.020020 0.002441 0.038086 0.002930
0 0.021484 0.038574 0.041016 0.069336
0 0.071289 0.210938 0.140625 0.158203
0 0.041992 0.959961 0.082031 0.076172
0 0.165039 0.088379 0.201172 0.174805
0 0.539551 0.179199 0.168945 0.176758
0 0.237305 0.359863 0.062500 0.077148
0 0.428223 0.336426 0.186523 0.174805
0 0.747559 0.321289 0.127930 0.115234
0 0.854980 0.393066 0.137695 0.147461
0 0.785645 0.553223 0.118164 0.106445
0 0.180176 0.562988 0.059570 0.053711
0 0.291504 0.706055 0.065430 0.087891
0 0.444824 0.897461 0.204102 0.199219
0 0.640137 0.981445 0.131836 0.031250
0 0.432129 0.788574 0.127930 0.047852
0 0.928223 0.061035 0.143555 0.120117
0 0.999023 0.084473 0.001953 0.028320