0 0.090332 0.040527 0.110352 0.079102
0 0.369629 0.084961 0.206055 0.167969
0 0.282227 0.140625 0.080078 0.089844
0 0.645020 0.059570 0.194336 0.117188
0 0.570801 0.300781 0.120117 0.126953
0 0.429199 0.742676 0.141602 0.131836
0 0.600586 0.868164 0.087891 0.068359
0 0.188477 0.988281 0.173828 0.023438
0 0.972656 0.059570 0.054688 0.117188
0 0.750000 0.203125 0.160156 0.179688
0 0.821289 0.379395 0.177734 0.184570
0 0.703613 0.602539 0.184570 0.191406
0 0.954590 0.726074 0.090820 0.100586
0 0.933594 0.481934 0.082031 0.104492