0 0.209961 0.047410 0.123047 0.092864
0 0.647949 0.039101 0.122070 0.076246
0 0.605469 0.140274 0.050781 0.059629
0 0.058105 0.181818 0.114258 0.146628
0 0.170410 0.179374 0.139648 0.159335
0 0.040039 0.503910 0.078125 0.043988
0 0.194336 0.528837 0.177734 0.193548
0 0.039062 0.669110 0.076172 0.077224
0 0.654785 0.333822 0.129883 0.128055
0 0.626953 0.400293 0.093750 0.086999
0 0.556641 0.513685 0.107422 0.114370
0 0.611816 0.601662 0.034180 0.063539
0 0.571289 0.690127 0.052734 0.044966
0 0.525879 0.847019 0.040039 0.049853
0 0.261719 0.991202 0.087891 0.017595
0 0.746094 0.995112 0.115234 0.009775
0 0.886230 0.188172 0.104492 0.145650
0 0.987793 0.269795 0.024414 0.103617
0 0.852051 0.463832 0.151367 0.145650
0 0.972168 0.502933 0.055664 0.053763