0 0.047852 0.161133 0.048828 0.033203
0 0.350586 0.041504 0.083984 0.081055
0 0.437012 0.090820 0.090820 0.087891
0 0.765137 0.058594 0.149414 0.115234
0 0.575684 0.229492 0.043945 0.078125
0 0.083008 0.164551 0.019531 0.040039
0 0.023926 0.305664 0.045898 0.066406
0 0.062500 0.350098 0.078125 0.079102
0 0.060059 0.448242 0.059570 0.066406
0 0.661621 0.161133 0.114258 0.146484
0 0.761719 0.433594 0.123047 0.130859
0 0.137695 0.405273 0.041016 0.029297
0 0.631348 0.644531 0.067383 0.070312
0 0.168457 0.797852 0.127930 0.134766
0 0.576660 0.802246 0.102539 0.112305
0 0.016113 0.917480 0.030273 0.108398
0 0.559570 0.927246 0.160156 0.145508
0 0.678223 0.739258 0.047852 0.052734
0 0.034668 0.895020 0.026367 0.055664
0 0.708008 0.969727 0.039062 0.035156
0 0.796875 0.981934 0.064453 0.036133
0 0.810059 0.366699 0.176758 0.176758
0 0.878906 0.054688 0.101562 0.099609
0 0.975586 0.634277 0.048828 0.036133
0 0.992676 0.783691 0.014648 0.055664
0 0.987793 0.815430 0.024414 0.027344