0 0.042480 0.081543 0.083008 0.135742
0 0.042480 0.016602 0.083008 0.025391
0 0.071777 0.180664 0.053711 0.070312
0 0.054199 0.391113 0.106445 0.118164
0 0.024414 0.520020 0.046875 0.094727
0 0.049316 0.471680 0.040039 0.044922
0 0.118652 0.874023 0.094727 0.115234
0 0.282227 0.997559 0.068359 0.004883
0 0.308105 0.054688 0.122070 0.107422
0 0.911133 0.093750 0.158203 0.121094
0 0.764160 0.295898 0.063477 0.066406
0 0.609375 0.399414 0.142578 0.150391
0 0.950684 0.314453 0.098633 0.148438
0 0.958496 0.505371 0.049805 0.071289
0 0.510254 0.625977 0.135742 0.150391
0 0.547852 0.520508 0.150391 0.083984
0 0.664062 0.632812 0.099609 0.101562
0 0.424316 0.988281 0.100586 0.023438