0 0.040527 0.041504 0.079102 0.081055
0 0.118164 0.059082 0.167969 0.110352
0 0.141602 0.247070 0.140625 0.148438
0 0.295898 0.364258 0.037109 0.060547
0 0.213379 0.656738 0.172852 0.137695
0 0.233398 0.795410 0.166016 0.178711
0 0.162598 0.907227 0.040039 0.074219
0 0.303223 0.902344 0.008789 0.033203
0 0.768555 0.015625 0.015625 0.029297
0 0.969727 0.026367 0.060547 0.050781
0 0.510742 0.176758 0.156250 0.203125
0 0.550293 0.063477 0.083008 0.074219
0 0.687988 0.184082 0.225586 0.221680
0 0.988281 0.383301 0.023438 0.057617
0 0.579590 0.690430 0.170898 0.185547
0 0.801758 0.941895 0.216797 0.108398