0 0.346680 0.099121 0.123047 0.112305
0 0.498535 0.030273 0.063477 0.058594
0 0.833984 0.174316 0.066406 0.069336
0 0.686523 0.345215 0.060547 0.059570
0 0.188965 0.510254 0.088867 0.069336
0 0.307129 0.600098 0.176758 0.165039
0 0.991699 0.521484 0.016602 0.083984
0 0.761230 0.713867 0.108398 0.121094
0 0.925293 0.684570 0.127930 0.144531
0 0.273438 0.681152 0.130859 0.135742
0 0.192871 0.895020 0.073242 0.124023
0 0.285156 0.917480 0.136719 0.110352
0 0.171875 0.972656 0.072266 0.054688
0 0.221191 0.997070 0.040039 0.005859
0 0.886230 0.953613 0.137695 0.092773