0 0.063965 0.003418 0.036133 0.004883
0 0.774902 0.003418 0.036133 0.004883
0 0.120117 0.155273 0.130859 0.123047
0 0.374512 0.168945 0.077148 0.062500
0 0.264160 0.262695 0.159180 0.175781
0 0.445312 0.323730 0.062500 0.116211
0 0.516113 0.395996 0.161133 0.155273
0 0.770020 0.052734 0.065430 0.058594
0 0.780762 0.217285 0.077148 0.137695
0 0.603516 0.182617 0.056641 0.083984
0 0.837891 0.302734 0.123047 0.097656
0 0.303711 0.499512 0.130859 0.157227
0 0.458496 0.541504 0.190430 0.184570
0 0.705566 0.617676 0.165039 0.180664
0 0.351074 0.651367 0.098633 0.123047
0 0.799805 0.915527 0.179688 0.163086
0 0.413086 0.857910 0.115234 0.131836
0 0.824219 0.545410 0.046875 0.073242
0 0.968262 0.047852 0.063477 0.093750