0 0.023926 0.041504 0.045898 0.079102
0 0.028809 0.261719 0.055664 0.076172
0 0.141113 0.339844 0.151367 0.144531
0 0.354004 0.098145 0.200195 0.194336
0 0.356445 0.452148 0.158203 0.148438
0 0.430664 0.549316 0.189453 0.188477
0 0.173340 0.829102 0.137695 0.156250
0 0.489746 0.859375 0.133789 0.148438
0 0.788574 0.185547 0.069336 0.070312
0 0.746094 0.185547 0.029297 0.068359
0 0.970703 0.415527 0.058594 0.055664
0 0.911621 0.550781 0.153320 0.156250
0 0.986816 0.545410 0.026367 0.096680
0 0.810059 0.891602 0.065430 0.052734