0 0.039551 0.812988 0.077148 0.120117
0 0.249512 0.210449 0.067383 0.065430
0 0.371094 0.184570 0.054688 0.058594
0 0.660156 0.170410 0.152344 0.139648
0 0.785645 0.100098 0.073242 0.049805
0 0.849609 0.399902 0.144531 0.108398
0 0.775879 0.008301 0.049805 0.014648
0 0.989746 0.327148 0.020508 0.048828
0 0.522949 0.346191 0.055664 0.079102
0 0.348145 0.517090 0.073242 0.069336
0 0.547852 0.621582 0.126953 0.106445
0 0.773926 0.494141 0.102539 0.083984
0 0.936523 0.679199 0.126953 0.170898
0 0.877930 0.762695 0.154297 0.115234
0 0.707520 0.812988 0.145508 0.135742
0 0.773438 0.905273 0.091797 0.089844
0 0.545410 0.993164 0.047852 0.013672